PatchID,XCOORD,YCOORD,ID,MID,FID,sex,age,size,mature,newmature,layeggs,capture,recapture,infection,CDist,Hindex,Species,ClassFile,SubPatchID,L0A0,L0A1,L1A0,L1A1
1,43.908878,-122.157688,ID1_F1_m1f1_P1_Y9_UO898,ID1_F1_m1f1_P1_Y7_UO660,ID1_F1_m1f1_P1_Y8_UO1508,MXY,1,0.0,1,0,0.0,0,0,0,-9999.0,0.7109375,1,P0_CV0,1,2,0,1,1
1,43.908878,-122.157688,ID1_F1_m1f1_P1_Y9_UO4103,ID1_F1_m1f1_P1_Y6_UO4932,ID1_F1_m1f1_P1_Y8_UO1222,FXX,1,0.0,1,0,1.0,0,0,0,-9999.0,0.68359375,1,P0_CV0,1,2,0,1,1
1,43.908878,-122.157688,ID1_F1_m1f1_P1_Y9_UO437,ID1_F1_m1f1_P1_Y6_UO5980,ID1_F1_m1f1_P1_Y8_UO5574,MXY,1,0.0,1,0,0.0,0,0,0,-9999.0,0.7265625,1,P0_CV0,1,2,0,1,1
1,43.908878,-122.157688,ID1_F1_m1f1_P1_Y9_UO4258,ID1_F1_m1f1_P1_Y7_UO1361,ID1_F1_m1f1_P1_Y8_UO2419,MXY,1,0.0,1,0,0.0,0,0,0,-9999.0,0.701171875,1,P0_CV0,1,2,0,1,1
1,43.908878,-122.157688,ID1_F1_m1f1_P1_Y9_UO3742,ID1_F1_m1f1_P1_Y7_UO1274,ID1_F1_m1f1_P1_Y8_UO5095,MXY,1,0.0,1,0,0.0,0,0,0,-9999.0,0.6875,1,P0_CV0,1,2,0,1,1
1,43.908878,-122.157688,ID1_F1_m1f1_P1_Y9_UO221,ID1_F1_m1f1_P1_Y7_UO90,ID1_F1_m1f1_P1_Y4_UO6615,MXY,1,0.0,1,0,0.0,0,0,0,-9999.0,0.6484375,1,P0_CV0,1,2,0,1,1
1,43.908878,-122.157688,ID1_F1_m1f1_P1_Y9_UO6053,ID1_F1_m1f1_P1_Y7_UO2231,ID1_F1_m1f1_P1_Y8_UO1508,MXY,1,0.0,1,0,0.0,0,0,0,-9999.0,0.734375,1,P0_CV0,1,2,0,2,0
1,43.908878,-122.157688,ID1_F1_m1f1_P1_Y9_UO1051,ID1_F1_m1f1_P1_Y7_UO892,ID1_F1_m1f1_P1_Y8_UO5568,FXX,1,0.0,1,0,1.0,0,0,0,-9999.0,0.73046875,1,P0_CV0,1,2,0,1,1
1,43.908878,-122.157688,ID1_F1_m1f1_P1_Y9_UO2171,ID1_F1_m1f1_P1_Y7_UO4999,ID1_F1_m1f1_P1_Y8_UO7069,FXX,1,0.0,1,0,1.0,0,0,0,-9999.0,0.71484375,1,P0_CV0,1,2,0,0,2
1,43.908878,-122.157688,ID1_F1_m1f1_P1_Y9_UO2176,ID1_F1_m1f1_P1_Y7_UO4999,ID1_F1_m1f1_P1_Y8_UO7069,FXX,1,0.0,1,0,1.0,0,0,0,-9999.0,0.71484375,1,P0_CV0,1,2,0,0,2
1,43.908878,-122.157688,ID1_F1_m1f1_P1_Y9_UO450,ID1_F1_m1f1_P1_Y6_UO5980,ID1_F1_m1f1_P1_Y8_UO5574,FXX,1,0.0,1,0,1.0,0,0,0,-9999.0,0.7265625,1,P0_CV0,1,2,0,1,1
1,43.908878,-122.157688,ID1_F1_m1f1_P1_Y9_UO4054,ID1_F1_m1f1_P1_Y6_UO195,ID1_F1_m1f1_P1_Y8_UO6172,FXX,1,0.0,1,0,1.0,0,0,0,-9999.0,0.76953125,1,P0_CV0,1,2,0,1,1
1,43.908878,-122.157688,ID1_F1_m1f1_P1_Y9_UO5694,ID1_F1_m1f1_P1_Y6_UO2556,ID1_F1_m1f1_P1_Y8_UO6687,MXY,1,0.0,1,0,0.0,0,0,0,-9999.0,0.765625,1,P0_CV0,1,2,0,0,2
1,43.908878,-122.157688,ID1_F1_m1f1_P1_Y9_UO3728,ID1_F1_m1f1_P1_Y7_UO1274,ID1_F1_m1f1_P1_Y8_UO5095,FXX,1,0.0,1,0,1.0,0,0,0,-9999.0,0.6875,1,P0_CV0,1,2,0,1,1
1,43.908878,-122.157688,ID1_F1_m1f1_P1_Y9_UO656,ID1_F1_m1f1_P1_Y7_UO2366,ID1_F1_m1f1_P1_Y8_UO7336,MXY,1,0.0,1,0,0.0,0,0,0,-9999.0,0.72265625,1,P0_CV0,1,2,0,0,2
1,43.908878,-122.157688,ID1_F1_m1f1_P1_Y9_UO5336,ID1_F1_m1f1_P1_Y6_UO4431,ID1_F1_m1f1_P1_Y8_UO5653,MXY,1,0.0,1,0,0.0,0,0,0,-9999.0,0.73046875,1,P0_CV0,1,2,0,2,0
1,43.908878,-122.157688,ID1_F1_m1f1_P1_Y9_UO911,ID1_F1_m1f1_P1_Y7_UO660,ID1_F1_m1f1_P1_Y8_UO1508,FXX,1,0.0,1,0,1.0,0,0,0,-9999.0,0.7109375,1,P0_CV0,1,2,0,1,1
1,43.908878,-122.157688,ID1_F1_m1f1_P1_Y9_UO45,ID1_F1_m1f1_P1_Y6_UO2251,ID1_F1_m1f1_P1_Y7_UO3922,MXY,1,0.0,1,0,0.0,0,0,0,-9999.0,0.8125,1,P0_CV0,1,2,0,2,0
1,43.908878,-122.157688,ID1_F1_m1f1_P1_Y9_UO1218,ID1_F1_m1f1_P1_Y7_UO892,ID1_F1_m1f1_P1_Y8_UO6687,MXY,1,0.0,1,0,0.0,0,0,0,-9999.0,0.76953125,1,P0_CV0,1,2,0,1,1
1,43.908878,-122.157688,ID1_F1_m1f1_P1_Y9_UO3436,ID1_F1_m1f1_P1_Y7_UO1531,ID1_F1_m1f1_P1_Y8_UO2900,MXY,1,0.0,1,0,0.0,0,0,0,-9999.0,0.66015625,1,P0_CV0,1,2,0,1,1
1,43.908878,-122.157688,ID1_F1_m1f1_P1_Y9_UO212,ID1_F1_m1f1_P1_Y7_UO90,ID1_F1_m1f1_P1_Y4_UO6615,MXY,1,0.0,1,0,0.0,0,0,0,-9999.0,0.6484375,1,P0_CV0,1,2,0,1,1
1,43.908878,-122.157688,ID1_F1_m1f1_P1_Y9_UO3432,ID1_F1_m1f1_P1_Y7_UO1531,ID1_F1_m1f1_P1_Y8_UO2900,MXY,1,0.0,1,0,0.0,0,0,0,-9999.0,0.66015625,1,P0_CV0,1,2,0,0,2
1,43.908878,-122.157688,ID1_F1_m1f1_P1_Y9_UO6072,ID1_F1_m1f1_P1_Y7_UO2231,ID1_F1_m1f1_P1_Y8_UO1508,FXX,1,0.0,1,0,1.0,0,0,0,-9999.0,0.734375,1,P0_CV0,1,2,0,0,2
1,43.908878,-122.157688,ID1_F1_m1f1_P1_Y9_UO2428,ID1_F1_m1f1_P1_Y6_UO194,ID1_F1_m1f1_P1_Y7_UO89,FXX,1,0.0,1,0,1.0,0,0,0,-9999.0,0.7734375,1,P0_CV0,1,2,0,2,0
1,43.908878,-122.157688,ID1_F1_m1f1_P1_Y9_UO4334,ID1_F1_m1f1_P1_Y7_UO1373,ID1_F1_m1f1_P1_Y6_UO143,FXX,1,0.0,1,0,1.0,0,0,0,-9999.0,0.734375,1,P0_CV0,1,2,0,0,2
1,43.908878,-122.157688,ID1_F1_m1f1_P1_Y9_UO664,ID1_F1_m1f1_P1_Y7_UO2366,ID1_F1_m1f1_P1_Y8_UO7336,FXX,1,0.0,1,0,1.0,0,0,0,-9999.0,0.72265625,1,P0_CV0,1,2,0,0,2
1,43.908878,-122.157688,ID1_F1_m1f1_P1_Y9_UO3427,ID1_F1_m1f1_P1_Y7_UO1531,ID1_F1_m1f1_P1_Y8_UO2900,FXX,1,0.0,1,0,1.0,0,0,0,-9999.0,0.66015625,1,P0_CV0,1,2,0,1,1
1,43.908878,-122.157688,ID1_F1_m1f1_P1_Y9_UO1457,ID1_F1_m1f1_P1_Y6_UO3672,ID1_F1_m1f1_P1_Y8_UO7465,MXY,1,0.0,1,0,0.0,0,0,0,-9999.0,0.71875,1,P0_CV0,1,2,0,0,2
1,43.908878,-122.157688,ID1_F1_m1f1_P1_Y9_UO386,ID1_F1_m1f1_P1_Y7_UO2916,ID1_F1_m1f1_P1_Y8_UO9,FXX,1,0.0,1,0,1.0,0,0,0,-9999.0,0.71484375,1,P0_CV0,1,2,0,0,2
1,43.908878,-122.157688,ID1_F1_m1f1_P1_Y9_UO3738,ID1_F1_m1f1_P1_Y7_UO1274,ID1_F1_m1f1_P1_Y8_UO5095,MXY,1,0.0,1,0,0.0,0,0,0,-9999.0,0.6875,1,P0_CV0,1,2,0,1,1
1,43.908878,-122.157688,ID1_F1_m1f1_P1_Y9_UO6051,ID1_F1_m1f1_P1_Y7_UO2231,ID1_F1_m1f1_P1_Y8_UO1508,MXY,1,0.0,1,0,0.0,0,0,0,-9999.0,0.734375,1,P0_CV0,1,2,0,1,1
1,43.908878,-122.157688,ID1_F1_m1f1_P1_Y9_UO4248,ID1_F1_m1f1_P1_Y7_UO1361,ID1_F1_m1f1_P1_Y8_UO2419,FXX,1,0.0,1,0,1.0,0,0,0,-9999.0,0.701171875,1,P0_CV0,1,2,0,0,2
1,43.908878,-122.157688,ID1_F1_m1f1_P1_Y9_UO803,ID1_F1_m1f1_P1_Y4_UO2263,ID1_F1_m1f1_P1_Y8_UO2516,FXX,1,0.0,1,0,1.0,0,0,0,-9999.0,0.7734375,1,P0_CV0,1,2,0,2,0
1,43.908878,-122.157688,ID1_F1_m1f1_P1_Y9_UO5649,ID1_F1_m1f1_P1_Y6_UO2500,ID1_F1_m1f1_P1_Y7_UO2926,FXX,1,0.0,1,0,1.0,0,0,0,-9999.0,0.67578125,1,P0_CV0,1,2,0,1,1
1,43.908878,-122.157688,ID1_F1_m1f1_P1_Y9_UO2060,ID1_F1_m1f1_P1_Y7_UO5005,ID1_F1_m1f1_P1_Y7_UO2222,FXX,1,0.0,1,0,1.0,0,0,0,-9999.0,0.7109375,1,P0_CV0,1,2,0,0,2
1,43.908878,-122.157688,ID1_F1_m1f1_P1_Y9_UO1838,ID1_F1_m1f1_P1_Y7_UO1669,ID1_F1_m1f1_P1_Y8_UO2762,MXY,1,0.0,1,0,0.0,0,0,0,-9999.0,0.70703125,1,P0_CV0,1,2,0,0,2
1,43.908878,-122.157688,ID1_F1_m1f1_P1_Y9_UO5689,ID1_F1_m1f1_P1_Y6_UO2556,ID1_F1_m1f1_P1_Y8_UO6687,MXY,1,0.0,1,0,0.0,0,0,0,-9999.0,0.765625,1,P0_CV0,1,2,0,0,2
1,43.908878,-122.157688,ID1_F1_m1f1_P1_Y9_UO399,ID1_F1_m1f1_P1_Y7_UO2916,ID1_F1_m1f1_P1_Y8_UO9,FXX,1,0.0,1,0,1.0,0,0,0,-9999.0,0.71484375,1,P0_CV0,1,2,0,0,2
1,43.908878,-122.157688,ID1_F1_m1f1_P1_Y9_UO1294,ID1_F1_m1f1_P1_Y6_UO2251,ID1_F1_m1f1_P1_Y5_UO2691,FXX,1,0.0,1,0,1.0,0,0,0,-9999.0,0.71875,1,P0_CV0,1,2,0,1,1
1,43.908878,-122.157688,ID1_F1_m1f1_P1_Y9_UO1464,ID1_F1_m1f1_P1_Y6_UO3672,ID1_F1_m1f1_P1_Y8_UO7465,MXY,1,0.0,1,0,0.0,0,0,0,-9999.0,0.71875,1,P0_CV0,1,2,0,1,1
1,43.908878,-122.157688,ID1_F1_m1f1_P1_Y9_UO2701,ID1_F1_m1f1_P1_Y7_UO1382,ID1_F1_m1f1_P1_Y7_UO224,MXY,1,0.0,1,0,0.0,0,0,0,-9999.0,0.6796875,1,P0_CV0,1,2,0,2,0
1,43.908878,-122.157688,ID1_F1_m1f1_P1_Y9_UO6068,ID1_F1_m1f1_P1_Y7_UO2231,ID1_F1_m1f1_P1_Y8_UO1508,MXY,1,0.0,1,0,0.0,0,0,0,-9999.0,0.734375,1,P0_CV0,1,2,0,2,0
1,43.908878,-122.157688,ID1_F1_m1f1_P1_Y9_UO3735,ID1_F1_m1f1_P1_Y7_UO1274,ID1_F1_m1f1_P1_Y8_UO5095,MXY,1,0.0,1,0,0.0,0,0,0,-9999.0,0.6875,1,P0_CV0,1,2,0,1,1
1,43.908878,-122.157688,ID1_F1_m1f1_P1_Y9_UO5119,ID1_F1_m1f1_P1_Y7_UO1360,ID1_F1_m1f1_P1_Y8_UO7069,FXX,1,0.0,1,0,1.0,0,0,0,-9999.0,0.69921875,1,P0_CV0,1,2,0,0,2
1,43.908878,-122.157688,ID1_F1_m1f1_P1_Y9_UO1291,ID1_F1_m1f1_P1_Y6_UO2251,ID1_F1_m1f1_P1_Y5_UO2691,MXY,1,0.0,1,0,0.0,0,0,0,-9999.0,0.71875,1,P0_CV0,1,2,0,1,1
1,43.908878,-122.157688,ID1_F1_m1f1_P1_Y9_UO2167,ID1_F1_m1f1_P1_Y7_UO4999,ID1_F1_m1f1_P1_Y8_UO7069,FXX,1,0.0,1,0,1.0,0,0,0,-9999.0,0.71484375,1,P0_CV0,1,2,0,0,2
1,43.908878,-122.157688,ID1_F1_m1f1_P1_Y9_UO629,ID1_F1_m1f1_P1_Y6_UO7104,ID1_F1_m1f1_P1_Y8_UO782,MXY,1,0.0,1,0,0.0,0,0,0,-9999.0,0.6953125,1,P0_CV0,1,2,0,0,2
1,43.908878,-122.157688,ID1_F1_m1f1_P1_Y9_UO214,ID1_F1_m1f1_P1_Y7_UO90,ID1_F1_m1f1_P1_Y4_UO6615,FXX,1,0.0,1,0,1.0,0,0,0,-9999.0,0.6484375,1,P0_CV0,1,2,0,1,1
1,43.908878,-122.157688,ID1_F1_m1f1_P1_Y9_UO4244,ID1_F1_m1f1_P1_Y7_UO1361,ID1_F1_m1f1_P1_Y8_UO2419,FXX,1,0.0,1,0,1.0,0,0,0,-9999.0,0.701171875,1,P0_CV0,1,2,0,1,1
1,43.908878,-122.157688,ID1_F1_m1f1_P1_Y9_UO5691,ID1_F1_m1f1_P1_Y6_UO2556,ID1_F1_m1f1_P1_Y8_UO6687,MXY,1,0.0,1,0,0.0,0,0,0,-9999.0,0.765625,1,P0_CV0,1,2,0,1,1
1,43.908878,-122.157688,ID1_F1_m1f1_P1_Y9_UO3342,ID1_F1_m1f1_P1_Y6_UO2026,ID1_F1_m1f1_P1_Y8_UO2767,MXY,1,0.0,1,0,0.0,0,0,0,-9999.0,0.67578125,1,P0_CV0,1,2,0,1,1
1,43.908878,-122.157688,ID1_F1_m1f1_P1_Y9_UO3796,ID1_F1_m1f1_P1_Y6_UO1750,ID1_F1_m1f1_P1_Y8_UO6289,MXY,1,0.0,1,0,0.0,0,0,0,-9999.0,0.76171875,1,P0_CV0,1,2,0,1,1
1,43.908878,-122.157688,ID1_F1_m1f1_P1_Y9_UO4233,ID1_F1_m1f1_P1_Y7_UO4342,ID1_F1_m1f1_P1_Y7_UO224,MXY,1,0.0,1,0,0.0,0,0,0,-9999.0,0.73828125,1,P0_CV0,1,2,0,2,0
1,43.908878,-122.157688,ID1_F1_m1f1_P1_Y9_UO5249,ID1_F1_m1f1_P1_Y7_UO1360,ID1_F1_m1f1_P1_Y8_UO2967,MXY,1,0.0,1,0,0.0,0,0,0,-9999.0,0.703125,1,P0_CV0,1,2,0,2,0
1,43.908878,-122.157688,ID1_F1_m1f1_P1_Y9_UO1220,ID1_F1_m1f1_P1_Y7_UO892,ID1_F1_m1f1_P1_Y8_UO6687,MXY,1,0.0,1,0,0.0,0,0,0,-9999.0,0.76953125,1,P0_CV0,1,2,0,1,1
1,43.908878,-122.157688,ID1_F1_m1f1_P1_Y9_UO1695,ID1_F1_m1f1_P1_Y5_UO2523,ID1_F1_m1f1_P1_Y6_UO3469,MXY,1,0.0,1,0,0.0,0,0,0,-9999.0,0.6875,1,P0_CV0,1,2,0,1,1
1,43.908878,-122.157688,ID1_F1_m1f1_P1_Y9_UO1219,ID1_F1_m1f1_P1_Y7_UO892,ID1_F1_m1f1_P1_Y8_UO6687,FXX,1,0.0,1,0,1.0,0,0,0,-9999.0,0.76953125,1,P0_CV0,1,2,0,1,1
1,43.908878,-122.157688,ID1_F1_m1f1_P1_Y9_UO3744,ID1_F1_m1f1_P1_Y7_UO1274,ID1_F1_m1f1_P1_Y8_UO5095,FXX,1,0.0,1,0,1.0,0,0,0,-9999.0,0.6875,1,P0_CV0,1,2,0,1,1
1,43.908878,-122.157688,ID1_F1_m1f1_P1_Y9_UO650,ID1_F1_m1f1_P1_Y7_UO2366,ID1_F1_m1f1_P1_Y8_UO7336,FXX,1,0.0,1,0,1.0,0,0,0,-9999.0,0.72265625,1,P0_CV0,1,2,0,0,2
1,43.908878,-122.157688,ID1_F1_m1f1_P1_Y9_UO3733,ID1_F1_m1f1_P1_Y7_UO1274,ID1_F1_m1f1_P1_Y8_UO5095,MXY,1,0.0,1,0,0.0,0,0,0,-9999.0,0.6875,1,P0_CV0,1,2,0,1,1
1,43.908878,-122.157688,ID1_F1_m1f1_P1_Y9_UO5686,ID1_F1_m1f1_P1_Y6_UO2556,ID1_F1_m1f1_P1_Y8_UO6687,MXY,1,0.0,1,0,0.0,0,0,0,-9999.0,0.765625,1,P0_CV0,1,2,0,1,1
1,43.908878,-122.157688,ID1_F1_m1f1_P1_Y9_UO4312,ID1_F1_m1f1_P1_Y7_UO1373,ID1_F1_m1f1_P1_Y6_UO143,MXY,1,0.0,1,0,0.0,0,0,0,-9999.0,0.734375,1,P0_CV0,1,2,0,0,2
1,43.908878,-122.157688,ID1_F1_m1f1_P1_Y9_UO658,ID1_F1_m1f1_P1_Y7_UO2366,ID1_F1_m1f1_P1_Y8_UO7336,MXY,1,0.0,1,0,0.0,0,0,0,-9999.0,0.72265625,1,P0_CV0,1,2,0,0,2
1,43.908878,-122.157688,ID1_F1_m1f1_P1_Y9_UO210,ID1_F1_m1f1_P1_Y7_UO90,ID1_F1_m1f1_P1_Y4_UO6615,MXY,1,0.0,1,0,0.0,0,0,0,-9999.0,0.6484375,1,P0_CV0,1,2,0,1,1
1,43.908878,-122.157688,ID1_F1_m1f1_P1_Y9_UO4247,ID1_F1_m1f1_P1_Y7_UO1361,ID1_F1_m1f1_P1_Y8_UO2419,FXX,1,0.0,1,0,1.0,0,0,0,-9999.0,0.701171875,1,P0_CV0,1,2,0,2,0
1,43.908878,-122.157688,ID1_F1_m1f1_P1_Y9_UO922,ID1_F1_m1f1_P1_Y7_UO660,ID1_F1_m1f1_P1_Y8_UO1508,MXY,1,0.0,1,0,0.0,0,0,0,-9999.0,0.7109375,1,P0_CV0,1,2,0,1,1
1,43.908878,-122.157688,ID1_F1_m1f1_P1_Y9_UO2507,ID1_F1_m1f1_P1_Y7_UO5005,ID1_F1_m1f1_P1_Y8_UO7096,FXX,1,0.0,1,0,1.0,0,0,0,-9999.0,0.70703125,1,P0_CV0,1,2,0,0,2
1,43.908878,-122.157688,ID1_F1_m1f1_P1_Y9_UO1690,ID1_F1_m1f1_P1_Y5_UO2523,ID1_F1_m1f1_P1_Y6_UO3469,MXY,1,0.0,1,0,0.0,0,0,0,-9999.0,0.6875,1,P0_CV0,1,2,0,1,1
1,43.908878,-122.157688,ID1_F1_m1f1_P1_Y9_UO448,ID1_F1_m1f1_P1_Y6_UO5980,ID1_F1_m1f1_P1_Y8_UO5574,MXY,1,0.0,1,0,0.0,0,0,0,-9999.0,0.7265625,1,P0_CV0,1,2,0,1,1
1,43.908878,-122.157688,ID1_F1_m1f1_P1_Y9_UO5248,ID1_F1_m1f1_P1_Y7_UO1360,ID1_F1_m1f1_P1_Y8_UO2967,FXX,1,0.0,1,0,1.0,0,0,0,-9999.0,0.703125,1,P0_CV0,1,2,0,1,1
1,43.908878,-122.157688,ID1_F1_m1f1_P1_Y9_UO5334,ID1_F1_m1f1_P1_Y6_UO4431,ID1_F1_m1f1_P1_Y8_UO5653,FXX,1,0.0,1,0,1.0,0,0,0,-9999.0,0.73046875,1,P0_CV0,1,2,0,1,1
1,43.908878,-122.157688,ID1_F1_m1f1_P1_Y9_UO207,ID1_F1_m1f1_P1_Y7_UO90,ID1_F1_m1f1_P1_Y4_UO6615,FXX,1,0.0,1,0,1.0,0,0,0,-9999.0,0.6484375,1,P0_CV0,1,2,0,1,1
1,43.908878,-122.157688,ID1_F1_m1f1_P1_Y9_UO179,ID1_F1_m1f1_P1_Y5_UO2523,ID1_F1_m1f1_P1_Y5_UO3479,FXX,1,0.0,1,0,1.0,0,0,0,-9999.0,0.71875,1,P0_CV0,1,2,0,2,0
1,43.908878,-122.157688,ID1_F1_m1f1_P1_Y9_UO3344,ID1_F1_m1f1_P1_Y6_UO2026,ID1_F1_m1f1_P1_Y8_UO2767,FXX,1,0.0,1,0,1.0,0,0,0,-9999.0,0.67578125,1,P0_CV0,1,2,0,1,1
1,43.908878,-122.157688,ID1_F1_m1f1_P1_Y9_UO1848,ID1_F1_m1f1_P1_Y7_UO1669,ID1_F1_m1f1_P1_Y8_UO2762,FXX,1,0.0,1,0,1.0,0,0,0,-9999.0,0.70703125,1,P0_CV0,1,2,0,1,1
1,43.908878,-122.157688,ID1_F1_m1f1_P1_Y9_UO651,ID1_F1_m1f1_P1_Y7_UO2366,ID1_F1_m1f1_P1_Y8_UO7336,FXX,1,0.0,1,0,1.0,0,0,0,-9999.0,0.72265625,1,P0_CV0,1,2,0,0,2
1,43.908878,-122.157688,ID1_F1_m1f1_P1_Y9_UO2432,ID1_F1_m1f1_P1_Y6_UO194,ID1_F1_m1f1_P1_Y7_UO89,FXX,1,0.0,1,0,1.0,0,0,0,-9999.0,0.7734375,1,P0_CV0,1,2,0,1,1
1,43.908878,-122.157688,ID1_F1_m1f1_P1_Y9_UO5699,ID1_F1_m1f1_P1_Y6_UO2556,ID1_F1_m1f1_P1_Y8_UO6687,FXX,1,0.0,1,0,1.0,0,0,0,-9999.0,0.765625,1,P0_CV0,1,2,0,0,2
1,43.908878,-122.157688,ID1_F1_m1f1_P1_Y9_UO910,ID1_F1_m1f1_P1_Y7_UO660,ID1_F1_m1f1_P1_Y8_UO1508,FXX,1,0.0,1,0,1.0,0,0,0,-9999.0,0.7109375,1,P0_CV0,1,2,0,1,1
1,43.908878,-122.157688,ID1_F1_m1f1_P1_Y9_UO1462,ID1_F1_m1f1_P1_Y6_UO3672,ID1_F1_m1f1_P1_Y8_UO7465,MXY,1,0.0,1,0,0.0,0,0,0,-9999.0,0.71875,1,P0_CV0,1,2,0,2,0
1,43.908878,-122.157688,ID1_F1_m1f1_P1_Y9_UO5643,ID1_F1_m1f1_P1_Y6_UO2500,ID1_F1_m1f1_P1_Y7_UO2926,FXX,1,0.0,1,0,1.0,0,0,0,-9999.0,0.67578125,1,P0_CV0,1,2,0,1,1
1,43.908878,-122.157688,ID1_F1_m1f1_P1_Y9_UO1832,ID1_F1_m1f1_P1_Y7_UO1669,ID1_F1_m1f1_P1_Y8_UO2762,FXX,1,0.0,1,0,1.0,0,0,0,-9999.0,0.70703125,1,P0_CV0,1,2,0,0,2
1,43.908878,-122.157688,ID1_F1_m1f1_P1_Y9_UO5243,ID1_F1_m1f1_P1_Y7_UO1360,ID1_F1_m1f1_P1_Y8_UO2967,MXY,1,0.0,1,0,0.0,0,0,0,-9999.0,0.703125,1,P0_CV0,1,2,0,2,0
1,43.908878,-122.157688,ID1_F1_m1f1_P1_Y9_UO6077,ID1_F1_m1f1_P1_Y7_UO2231,ID1_F1_m1f1_P1_Y8_UO1508,FXX,1,0.0,1,0,1.0,0,0,0,-9999.0,0.734375,1,P0_CV0,1,2,0,0,2
1,43.908878,-122.157688,ID1_F1_m1f1_P1_Y9_UO631,ID1_F1_m1f1_P1_Y6_UO7104,ID1_F1_m1f1_P1_Y8_UO782,FXX,1,0.0,1,0,1.0,0,0,0,-9999.0,0.6953125,1,P0_CV0,1,2,0,1,1
1,43.908878,-122.157688,ID1_F1_m1f1_P1_Y9_UO4322,ID1_F1_m1f1_P1_Y7_UO1373,ID1_F1_m1f1_P1_Y6_UO143,MXY,1,0.0,1,0,0.0,0,0,0,-9999.0,0.734375,1,P0_CV0,1,2,0,0,2
1,43.908878,-122.157688,ID1_F1_m1f1_P1_Y9_UO5821,ID1_F1_m1f1_P1_Y7_UO2366,ID1_F1_m1f1_P1_Y6_UO1758,MXY,1,0.0,1,0,0.0,0,0,0,-9999.0,0.78515625,1,P0_CV0,1,2,0,1,1
1,43.908878,-122.157688,ID1_F1_m1f1_P1_Y9_UO1045,ID1_F1_m1f1_P1_Y7_UO892,ID1_F1_m1f1_P1_Y8_UO5568,FXX,1,0.0,1,0,1.0,0,0,0,-9999.0,0.73046875,1,P0_CV0,1,2,0,1,1
1,43.908878,-122.157688,ID1_F1_m1f1_P1_Y9_UO4994,ID1_F1_m1f1_P1_Y6_UO4835,ID1_F1_m1f1_P1_Y8_UO3612,MXY,1,0.0,1,0,0.0,0,0,0,-9999.0,0.728515625,1,P0_CV0,1,2,0,1,1
1,43.908878,-122.157688,ID1_F1_m1f1_P1_Y9_UO215,ID1_F1_m1f1_P1_Y7_UO90,ID1_F1_m1f1_P1_Y4_UO6615,MXY,1,0.0,1,0,0.0,0,0,0,-9999.0,0.6484375,1,P0_CV0,1,2,0,1,1
1,43.908878,-122.157688,ID1_F1_m1f1_P1_Y9_UO6063,ID1_F1_m1f1_P1_Y7_UO2231,ID1_F1_m1f1_P1_Y8_UO1508,MXY,1,0.0,1,0,0.0,0,0,0,-9999.0,0.734375,1,P0_CV0,1,2,0,1,1
1,43.908878,-122.157688,ID1_F1_m1f1_P1_Y9_UO2765,ID1_F1_m1f1_P1_Y7_UO1360,ID1_F1_m1f1_P1_Y8_UO4164,FXX,1,0.0,1,0,1.0,0,0,0,-9999.0,0.673828125,1,P0_CV0,1,2,0,1,1
1,43.908878,-122.157688,ID1_F1_m1f1_P1_Y9_UO52,ID1_F1_m1f1_P1_Y6_UO2251,ID1_F1_m1f1_P1_Y7_UO3922,MXY,1,0.0,1,0,0.0,0,0,0,-9999.0,0.8125,1,P0_CV0,1,2,0,2,0
1,43.908878,-122.157688,ID1_F1_m1f1_P1_Y9_UO1837,ID1_F1_m1f1_P1_Y7_UO1669,ID1_F1_m1f1_P1_Y8_UO2762,FXX,1,0.0,1,0,1.0,0,0,0,-9999.0,0.70703125,1,P0_CV0,1,2,0,0,2
1,43.908878,-122.157688,ID1_F1_m1f1_P1_Y9_UO406,ID1_F1_m1f1_P1_Y7_UO2916,ID1_F1_m1f1_P1_Y8_UO9,MXY,1,0.0,1,0,0.0,0,0,0,-9999.0,0.71484375,1,P0_CV0,1,2,0,0,2
1,43.908878,-122.157688,ID1_F1_m1f1_P1_Y9_UO4308,ID1_F1_m1f1_P1_Y7_UO1373,ID1_F1_m1f1_P1_Y6_UO143,FXX,1,0.0,1,0,1.0,0,0,0,-9999.0,0.734375,1,P0_CV0,1,2,0,1,1
1,43.908878,-122.157688,ID1_F1_m1f1_P1_Y9_UO4222,ID1_F1_m1f1_P1_Y7_UO4342,ID1_F1_m1f1_P1_Y7_UO224,FXX,1,0.0,1,0,1.0,0,0,0,-9999.0,0.73828125,1,P0_CV0,1,2,0,2,0
1,43.908878,-122.157688,ID1_F1_m1f1_P1_Y9_UO2688,ID1_F1_m1f1_P1_Y7_UO1382,ID1_F1_m1f1_P1_Y7_UO224,FXX,1,0.0,1,0,1.0,0,0,0,-9999.0,0.6796875,1,P0_CV0,1,2,0,0,2
1,43.908878,-122.157688,ID1_F1_m1f1_P1_Y9_UO4068,ID1_F1_m1f1_P1_Y6_UO195,ID1_F1_m1f1_P1_Y8_UO6172,FXX,1,0.0,1,0,1.0,0,0,0,-9999.0,0.76953125,1,P0_CV0,1,2,0,1,1
1,43.908878,-122.157688,ID1_F1_m1f1_P1_Y9_UO4229,ID1_F1_m1f1_P1_Y7_UO4342,ID1_F1_m1f1_P1_Y7_UO224,FXX,1,0.0,1,0,1.0,0,0,0,-9999.0,0.73828125,1,P0_CV0,1,2,0,1,1
1,43.908878,-122.157688,ID1_F1_m1f1_P1_Y9_UO4228,ID1_F1_m1f1_P1_Y7_UO4342,ID1_F1_m1f1_P1_Y7_UO224,MXY,1,0.0,1,0,0.0,0,0,0,-9999.0,0.73828125,1,P0_CV0,1,2,0,2,0
1,43.908878,-122.157688,ID1_F1_m1f1_P1_Y9_UO2433,ID1_F1_m1f1_P1_Y6_UO194,ID1_F1_m1f1_P1_Y7_UO89,FXX,1,0.0,1,0,1.0,0,0,0,-9999.0,0.7734375,1,P0_CV0,1,2,0,1,1
1,43.908878,-122.157688,ID1_F1_m1f1_P1_Y9_UO2501,ID1_F1_m1f1_P1_Y7_UO5005,ID1_F1_m1f1_P1_Y8_UO7096,MXY,1,0.0,1,0,0.0,0,0,0,-9999.0,0.70703125,1,P0_CV0,1,2,0,0,2
1,43.908878,-122.157688,ID1_F1_m1f1_P1_Y9_UO219,ID1_F1_m1f1_P1_Y7_UO90,ID1_F1_m1f1_P1_Y4_UO6615,FXX,1,0.0,1,0,1.0,0,0,0,-9999.0,0.6484375,1,P0_CV0,1,2,0,1,1
1,43.908878,-122.157688,ID1_F1_m1f1_P1_Y9_UO1039,ID1_F1_m1f1_P1_Y7_UO892,ID1_F1_m1f1_P1_Y8_UO5568,MXY,1,0.0,1,0,0.0,0,0,0,-9999.0,0.73046875,1,P0_CV0,1,2,0,1,1
1,43.908878,-122.157688,ID1_F1_m1f1_P1_Y9_UO4335,ID1_F1_m1f1_P1_Y7_UO1373,ID1_F1_m1f1_P1_Y6_UO143,MXY,1,0.0,1,0,0.0,0,0,0,-9999.0,0.734375,1,P0_CV0,1,2,0,1,1
1,43.908878,-122.157688,ID1_F1_m1f1_P1_Y9_UO3032,ID1_F1_m1f1_P1_Y6_UO3672,ID1_F1_m1f1_P1_Y8_UO2263,MXY,1,0.0,1,0,0.0,0,0,0,-9999.0,0.72265625,1,P0_CV0,1,2,0,1,1
1,43.908878,-122.157688,ID1_F1_m1f1_P1_Y9_UO6057,ID1_F1_m1f1_P1_Y7_UO2231,ID1_F1_m1f1_P1_Y8_UO1508,MXY,1,0.0,1,0,0.0,0,0,0,-9999.0,0.734375,1,P0_CV0,1,2,0,2,0
1,43.908878,-122.157688,ID1_F1_m1f1_P1_Y9_UO667,ID1_F1_m1f1_P1_Y5_UO2523,ID1_F1_m1f1_P1_Y8_UO3613,FXX,1,0.0,1,0,1.0,0,0,0,-9999.0,0.744140625,1,P0_CV0,1,2,0,2,0
1,43.908878,-122.157688,ID1_F1_m1f1_P1_Y9_UO3419,ID1_F1_m1f1_P1_Y7_UO1531,ID1_F1_m1f1_P1_Y8_UO2900,MXY,1,0.0,1,0,0.0,0,0,0,-9999.0,0.66015625,1,P0_CV0,1,2,0,0,2
1,43.908878,-122.157688,ID1_F1_m1f1_P1_Y9_UO4324,ID1_F1_m1f1_P1_Y7_UO1373,ID1_F1_m1f1_P1_Y6_UO143,MXY,1,0.0,1,0,0.0,0,0,0,-9999.0,0.734375,1,P0_CV0,1,2,0,2,0
1,43.908878,-122.157688,ID1_F1_m1f1_P1_Y9_UO1694,ID1_F1_m1f1_P1_Y5_UO2523,ID1_F1_m1f1_P1_Y6_UO3469,FXX,1,0.0,1,0,1.0,0,0,0,-9999.0,0.6875,1,P0_CV0,1,2,0,1,1
1,43.908878,-122.157688,ID1_F1_m1f1_P1_Y9_UO626,ID1_F1_m1f1_P1_Y6_UO7104,ID1_F1_m1f1_P1_Y8_UO782,MXY,1,0.0,1,0,0.0,0,0,0,-9999.0,0.6953125,1,P0_CV0,1,2,0,0,2
1,43.908878,-122.157688,ID1_F1_m1f1_P1_Y9_UO47,ID1_F1_m1f1_P1_Y6_UO2251,ID1_F1_m1f1_P1_Y7_UO3922,MXY,1,0.0,1,0,0.0,0,0,0,-9999.0,0.8125,1,P0_CV0,1,2,0,2,0
1,43.908878,-122.157688,ID1_F1_m1f1_P1_Y9_UO1889,ID1_F1_m1f1_P1_Y7_UO1361,ID1_F1_m1f1_P1_Y8_UO2419,FXX,1,0.0,1,0,1.0,0,0,0,-9999.0,0.701171875,1,P0_CV0,1,2,0,2,0
1,43.908878,-122.157688,ID1_F1_m1f1_P1_Y9_UO3724,ID1_F1_m1f1_P1_Y7_UO1274,ID1_F1_m1f1_P1_Y8_UO5095,MXY,1,0.0,1,0,0.0,0,0,0,-9999.0,0.6875,1,P0_CV0,1,2,0,1,1
1,43.908878,-122.157688,ID1_F1_m1f1_P1_Y9_UO1853,ID1_F1_m1f1_P1_Y7_UO1669,ID1_F1_m1f1_P1_Y8_UO2762,FXX,1,0.0,1,0,1.0,0,0,0,-9999.0,0.70703125,1,P0_CV0,1,2,0,0,2
1,43.908878,-122.157688,ID1_F1_m1f1_P1_Y9_UO2503,ID1_F1_m1f1_P1_Y7_UO5005,ID1_F1_m1f1_P1_Y8_UO7096,FXX,1,0.0,1,0,1.0,0,0,0,-9999.0,0.70703125,1,P0_CV0,1,2,0,1,1
1,43.908878,-122.157688,ID1_F1_m1f1_P1_Y9_UO4060,ID1_F1_m1f1_P1_Y6_UO195,ID1_F1_m1f1_P1_Y8_UO6172,FXX,1,0.0,1,0,1.0,0,0,0,-9999.0,0.76953125,1,P0_CV0,1,2,0,1,1
1,43.908878,-122.157688,ID1_F1_m1f1_P1_Y9_UO2699,ID1_F1_m1f1_P1_Y7_UO1382,ID1_F1_m1f1_P1_Y7_UO224,MXY,1,0.0,1,0,0.0,0,0,0,-9999.0,0.6796875,1,P0_CV0,1,2,0,1,1
1,43.908878,-122.157688,ID1_F1_m1f1_P1_Y9_UO4256,ID1_F1_m1f1_P1_Y7_UO1361,ID1_F1_m1f1_P1_Y8_UO2419,FXX,1,0.0,1,0,1.0,0,0,0,-9999.0,0.701171875,1,P0_CV0,1,2,0,2,0
1,43.908878,-122.157688,ID1_F1_m1f1_P1_Y9_UO4306,ID1_F1_m1f1_P1_Y7_UO4342,ID1_F1_m1f1_P1_Y8_UO2895,FXX,1,0.0,1,0,1.0,0,0,0,-9999.0,0.7265625,1,P0_CV0,1,2,0,2,0
1,43.908878,-122.157688,ID1_F1_m1f1_P1_Y9_UO1037,ID1_F1_m1f1_P1_Y7_UO892,ID1_F1_m1f1_P1_Y8_UO5568,FXX,1,0.0,1,0,1.0,0,0,0,-9999.0,0.73046875,1,P0_CV0,1,2,0,1,1
1,43.908878,-122.157688,ID1_F1_m1f1_P1_Y9_UO4052,ID1_F1_m1f1_P1_Y6_UO195,ID1_F1_m1f1_P1_Y8_UO6172,FXX,1,0.0,1,0,1.0,0,0,0,-9999.0,0.76953125,1,P0_CV0,1,2,0,1,1
1,43.908878,-122.157688,ID1_F1_m1f1_P1_Y9_UO5701,ID1_F1_m1f1_P1_Y6_UO2556,ID1_F1_m1f1_P1_Y8_UO6687,FXX,1,0.0,1,0,1.0,0,0,0,-9999.0,0.765625,1,P0_CV0,1,2,0,1,1
1,43.908878,-122.157688,ID1_F1_m1f1_P1_Y9_UO5644,ID1_F1_m1f1_P1_Y6_UO2500,ID1_F1_m1f1_P1_Y7_UO2926,MXY,1,0.0,1,0,0.0,0,0,0,-9999.0,0.67578125,1,P0_CV0,1,2,0,0,2
1,43.908878,-122.157688,ID1_F1_m1f1_P1_Y9_UO1893,ID1_F1_m1f1_P1_Y7_UO1361,ID1_F1_m1f1_P1_Y8_UO2419,FXX,1,0.0,1,0,1.0,0,0,0,-9999.0,0.701171875,1,P0_CV0,1,2,0,1,1
1,43.908878,-122.157688,ID1_F1_m1f1_P1_Y9_UO1047,ID1_F1_m1f1_P1_Y7_UO892,ID1_F1_m1f1_P1_Y8_UO5568,MXY,1,0.0,1,0,0.0,0,0,0,-9999.0,0.73046875,1,P0_CV0,1,2,0,1,1
1,43.908878,-122.157688,ID1_F1_m1f1_P1_Y9_UO5246,ID1_F1_m1f1_P1_Y7_UO1360,ID1_F1_m1f1_P1_Y8_UO2967,FXX,1,0.0,1,0,1.0,0,0,0,-9999.0,0.703125,1,P0_CV0,1,2,0,2,0
1,43.908878,-122.157688,ID1_F1_m1f1_P1_Y9_UO4293,ID1_F1_m1f1_P1_Y7_UO4342,ID1_F1_m1f1_P1_Y8_UO2895,FXX,1,0.0,1,0,1.0,0,0,0,-9999.0,0.7265625,1,P0_CV0,1,2,0,0,2
1,43.908878,-122.157688,ID1_F1_m1f1_P1_Y9_UO3734,ID1_F1_m1f1_P1_Y7_UO1274,ID1_F1_m1f1_P1_Y8_UO5095,MXY,1,0.0,1,0,0.0,0,0,0,-9999.0,0.6875,1,P0_CV0,1,2,0,1,1
1,43.908878,-122.157688,ID1_F1_m1f1_P1_Y9_UO184,ID1_F1_m1f1_P1_Y5_UO2523,ID1_F1_m1f1_P1_Y5_UO3479,FXX,1,0.0,1,0,1.0,0,0,0,-9999.0,0.71875,1,P0_CV0,1,2,0,1,1
1,43.908878,-122.157688,ID1_F1_m1f1_P1_Y9_UO3416,ID1_F1_m1f1_P1_Y7_UO1531,ID1_F1_m1f1_P1_Y8_UO2900,MXY,1,0.0,1,0,0.0,0,0,0,-9999.0,0.66015625,1,P0_CV0,1,2,0,0,2
1,43.908878,-122.157688,ID1_F1_m1f1_P1_Y9_UO224,ID1_F1_m1f1_P1_Y7_UO90,ID1_F1_m1f1_P1_Y4_UO6615,FXX,1,0.0,1,0,1.0,0,0,0,-9999.0,0.6484375,1,P0_CV0,1,2,0,1,1
1,43.908878,-122.157688,ID1_F1_m1f1_P1_Y9_UO5124,ID1_F1_m1f1_P1_Y7_UO1360,ID1_F1_m1f1_P1_Y8_UO7069,FXX,1,0.0,1,0,1.0,0,0,0,-9999.0,0.69921875,1,P0_CV0,1,2,0,1,1
1,43.908878,-122.157688,ID1_F1_m1f1_P1_Y9_UO4327,ID1_F1_m1f1_P1_Y7_UO1373,ID1_F1_m1f1_P1_Y6_UO143,MXY,1,0.0,1,0,0.0,0,0,0,-9999.0,0.734375,1,P0_CV0,1,2,0,2,0
1,43.908878,-122.157688,ID1_F1_m1f1_P1_Y9_UO2769,ID1_F1_m1f1_P1_Y7_UO1360,ID1_F1_m1f1_P1_Y8_UO4164,FXX,1,0.0,1,0,1.0,0,0,0,-9999.0,0.673828125,1,P0_CV0,1,2,0,0,2
1,43.908878,-122.157688,ID1_F1_m1f1_P1_Y9_UO5754,ID1_F1_m1f1_P1_Y7_UO5005,ID1_F1_m1f1_P1_Y8_UO5277,FXX,1,0.0,1,0,1.0,0,0,0,-9999.0,0.689453125,1,P0_CV0,1,2,0,0,2
1,43.908878,-122.157688,ID1_F1_m1f1_P1_Y9_UO4254,ID1_F1_m1f1_P1_Y7_UO1361,ID1_F1_m1f1_P1_Y8_UO2419,MXY,1,0.0,1,0,0.0,0,0,0,-9999.0,0.701171875,1,P0_CV0,1,2,0,1,1
1,43.908878,-122.157688,ID1_F1_m1f1_P1_Y9_UO2156,ID1_F1_m1f1_P1_Y7_UO4999,ID1_F1_m1f1_P1_Y8_UO7069,MXY,1,0.0,1,0,0.0,0,0,0,-9999.0,0.71484375,1,P0_CV0,1,2,0,0,2
1,43.908878,-122.157688,ID1_F1_m1f1_P1_Y9_UO4294,ID1_F1_m1f1_P1_Y7_UO4342,ID1_F1_m1f1_P1_Y8_UO2895,MXY,1,0.0,1,0,0.0,0,0,0,-9999.0,0.7265625,1,P0_CV0,1,2,0,1,1
1,43.908878,-122.157688,ID1_F1_m1f1_P1_Y9_UO795,ID1_F1_m1f1_P1_Y4_UO2263,ID1_F1_m1f1_P1_Y8_UO2516,MXY,1,0.0,1,0,0.0,0,0,0,-9999.0,0.7734375,1,P0_CV0,1,2,0,1,1
1,43.908878,-122.157688,ID1_F1_m1f1_P1_Y9_UO4099,ID1_F1_m1f1_P1_Y6_UO4932,ID1_F1_m1f1_P1_Y8_UO1222,FXX,1,0.0,1,0,1.0,0,0,0,-9999.0,0.68359375,1,P0_CV0,1,2,0,1,1
1,43.908878,-122.157688,ID1_F1_m1f1_P1_Y9_UO907,ID1_F1_m1f1_P1_Y7_UO660,ID1_F1_m1f1_P1_Y8_UO1508,MXY,1,0.0,1,0,0.0,0,0,0,-9999.0,0.7109375,1,P0_CV0,1,2,0,1,1
1,43.908878,-122.157688,ID1_F1_m1f1_P1_Y9_UO2152,ID1_F1_m1f1_P1_Y7_UO4999,ID1_F1_m1f1_P1_Y8_UO7069,MXY,1,0.0,1,0,0.0,0,0,0,-9999.0,0.71484375,1,P0_CV0,1,2,0,0,2
1,43.908878,-122.157688,ID1_F1_m1f1_P1_Y9_UO4230,ID1_F1_m1f1_P1_Y7_UO4342,ID1_F1_m1f1_P1_Y7_UO224,FXX,1,0.0,1,0,1.0,0,0,0,-9999.0,0.73828125,1,P0_CV0,1,2,0,0,2
1,43.908878,-122.157688,ID1_F1_m1f1_P1_Y9_UO1845,ID1_F1_m1f1_P1_Y7_UO1669,ID1_F1_m1f1_P1_Y8_UO2762,MXY,1,0.0,1,0,0.0,0,0,0,-9999.0,0.70703125,1,P0_CV0,1,2,0,1,1
1,43.908878,-122.157688,ID1_F1_m1f1_P1_Y9_UO5776,ID1_F1_m1f1_P1_Y6_UO4431,ID1_F1_m1f1_P1_Y8_UO5587,MXY,1,0.0,1,0,0.0,0,0,0,-9999.0,0.724609375,1,P0_CV0,1,2,0,2,0
1,43.908878,-122.157688,ID1_F1_m1f1_P1_Y9_UO2694,ID1_F1_m1f1_P1_Y7_UO1382,ID1_F1_m1f1_P1_Y7_UO224,MXY,1,0.0,1,0,0.0,0,0,0,-9999.0,0.6796875,1,P0_CV0,1,2,0,1,1
1,43.908878,-122.157688,ID1_F1_m1f1_P1_Y9_UO3350,ID1_F1_m1f1_P1_Y6_UO2026,ID1_F1_m1f1_P1_Y8_UO2767,MXY,1,0.0,1,0,0.0,0,0,0,-9999.0,0.67578125,1,P0_CV0,1,2,0,1,1
1,43.908878,-122.157688,ID1_F1_m1f1_P1_Y9_UO4314,ID1_F1_m1f1_P1_Y7_UO1373,ID1_F1_m1f1_P1_Y6_UO143,MXY,1,0.0,1,0,0.0,0,0,0,-9999.0,0.734375,1,P0_CV0,1,2,0,2,0
1,43.908878,-122.157688,ID1_F1_m1f1_P1_Y9_UO2714,ID1_F1_m1f1_P1_Y7_UO1382,ID1_F1_m1f1_P1_Y7_UO224,MXY,1,0.0,1,0,0.0,0,0,0,-9999.0,0.6796875,1,P0_CV0,1,2,0,1,1
1,43.908878,-122.157688,ID1_F1_m1f1_P1_Y9_UO6069,ID1_F1_m1f1_P1_Y7_UO2231,ID1_F1_m1f1_P1_Y8_UO1508,MXY,1,0.0,1,0,0.0,0,0,0,-9999.0,0.734375,1,P0_CV0,1,2,0,2,0
1,43.908878,-122.157688,ID1_F1_m1f1_P1_Y9_UO902,ID1_F1_m1f1_P1_Y7_UO660,ID1_F1_m1f1_P1_Y8_UO1508,MXY,1,0.0,1,0,0.0,0,0,0,-9999.0,0.7109375,1,P0_CV0,1,2,0,0,2
1,43.908878,-122.157688,ID1_F1_m1f1_P1_Y9_UO903,ID1_F1_m1f1_P1_Y7_UO660,ID1_F1_m1f1_P1_Y8_UO1508,MXY,1,0.0,1,0,0.0,0,0,0,-9999.0,0.7109375,1,P0_CV0,1,2,0,0,2
1,43.908878,-122.157688,ID1_F1_m1f1_P1_Y9_UO3808,ID1_F1_m1f1_P1_Y6_UO1750,ID1_F1_m1f1_P1_Y8_UO6289,MXY,1,0.0,1,0,0.0,0,0,0,-9999.0,0.76171875,1,P0_CV0,1,2,0,2,0
1,43.908878,-122.157688,ID1_F1_m1f1_P1_Y9_UO4330,ID1_F1_m1f1_P1_Y7_UO1373,ID1_F1_m1f1_P1_Y6_UO143,MXY,1,0.0,1,0,0.0,0,0,0,-9999.0,0.734375,1,P0_CV0,1,2,0,1,1
1,43.908878,-122.157688,ID1_F1_m1f1_P1_Y9_UO1222,ID1_F1_m1f1_P1_Y7_UO892,ID1_F1_m1f1_P1_Y8_UO6687,MXY,1,0.0,1,0,0.0,0,0,0,-9999.0,0.76953125,1,P0_CV0,1,2,0,2,0
1,43.908878,-122.157688,ID1_F1_m1f1_P1_Y9_UO2177,ID1_F1_m1f1_P1_Y7_UO4999,ID1_F1_m1f1_P1_Y8_UO7069,FXX,1,0.0,1,0,1.0,0,0,0,-9999.0,0.71484375,1,P0_CV0,1,2,0,0,2
1,43.908878,-122.157688,ID1_F1_m1f1_P1_Y9_UO4223,ID1_F1_m1f1_P1_Y7_UO4342,ID1_F1_m1f1_P1_Y7_UO224,MXY,1,0.0,1,0,0.0,0,0,0,-9999.0,0.73828125,1,P0_CV0,1,2,0,2,0
1,43.908878,-122.157688,ID1_F1_m1f1_P1_Y9_UO2508,ID1_F1_m1f1_P1_Y7_UO5005,ID1_F1_m1f1_P1_Y8_UO7096,FXX,1,0.0,1,0,1.0,0,0,0,-9999.0,0.70703125,1,P0_CV0,1,2,0,0,2
1,43.908878,-122.157688,ID1_F1_m1f1_P1_Y9_UO5241,ID1_F1_m1f1_P1_Y7_UO1360,ID1_F1_m1f1_P1_Y8_UO2967,FXX,1,0.0,1,0,1.0,0,0,0,-9999.0,0.703125,1,P0_CV0,1,2,0,1,1
1,43.908878,-122.157688,ID1_F1_m1f1_P1_Y8_UO2911,ID1_F1_m1f1_P1_Y6_UO2488,ID1_F1_m1f1_P1_Y7_UO1271,FXX,2,0.0,1,0,1.0,0,0,0,-9999.0,0.703125,1,P0_CV0,1,2,0,2,0
1,43.908878,-122.157688,ID1_F1_m1f1_P1_Y8_UO5597,ID1_F1_m1f1_P1_Y6_UO3975,ID1_F1_m1f1_P1_Y7_UO4358,FXX,2,0.0,1,0,1.0,0,0,0,-9999.0,0.76171875,1,P0_CV0,1,2,0,2,0
1,43.908878,-122.157688,ID1_F1_m1f1_P1_Y8_UO5863,ID1_F1_m1f1_P1_Y6_UO1100,ID1_F1_m1f1_P1_Y7_UO1348,MXY,2,0.0,1,0,0.0,0,0,0,-9999.0,0.7265625,1,P0_CV0,1,2,0,0,2
1,43.908878,-122.157688,ID1_F1_m1f1_P1_Y8_UO5370,ID1_F1_m1f1_P1_Y6_UO1268,ID1_F1_m1f1_P1_Y7_UO666,FXX,2,0.0,1,0,1.0,0,0,0,-9999.0,0.75,1,P0_CV0,1,2,0,0,2
1,43.908878,-122.157688,ID1_F1_m1f1_P1_Y8_UO4553,ID1_F1_m1f1_P1_Y6_UO142,ID1_F1_m1f1_P1_Y6_UO2181,FXX,2,0.0,1,0,1.0,0,0,0,-9999.0,0.78125,1,P0_CV0,1,2,0,2,0
1,43.908878,-122.157688,ID1_F1_m1f1_P1_Y8_UO6771,ID1_F1_m1f1_P1_Y6_UO3494,ID1_F1_m1f1_P1_Y7_UO5374,FXX,2,0.0,1,0,1.0,0,0,0,-9999.0,0.828125,1,P0_CV0,1,2,0,2,0
1,43.908878,-122.157688,ID1_F1_m1f1_P1_Y8_UO5655,ID1_F1_m1f1_P1_Y6_UO5981,ID1_F1_m1f1_P1_Y7_UO5378,FXX,2,0.0,1,0,1.0,0,0,0,-9999.0,0.7734375,1,P0_CV0,1,2,0,1,1
1,43.908878,-122.157688,ID1_F1_m1f1_P1_Y8_UO7096,ID1_F1_m1f1_P1_Y6_UO5980,ID1_F1_m1f1_P1_Y6_UO561,MXY,2,0.0,1,0,0.0,0,0,0,-9999.0,0.7109375,1,P0_CV0,1,2,0,1,1
1,43.908878,-122.157688,ID1_F1_m1f1_P1_Y8_UO4064,ID1_F1_m1f1_P1_Y6_UO1480,ID1_F1_m1f1_P1_Y5_UO4605,MXY,2,0.0,1,0,0.0,0,0,0,-9999.0,0.6953125,1,P0_CV0,1,2,0,1,1
1,43.908878,-122.157688,ID1_F1_m1f1_P1_Y8_UO7464,ID1_F1_m1f1_P1_Y6_UO638,ID1_F1_m1f1_P1_Y5_UO2691,FXX,2,0.0,1,0,1.0,0,0,0,-9999.0,0.71875,1,P0_CV0,1,2,0,1,1
1,43.908878,-122.157688,ID1_F1_m1f1_P1_Y8_UO5376,ID1_F1_m1f1_P1_Y6_UO1268,ID1_F1_m1f1_P1_Y7_UO666,FXX,2,0.0,1,0,1.0,0,0,0,-9999.0,0.75,1,P0_CV0,1,2,0,0,2
1,43.908878,-122.157688,ID1_F1_m1f1_P1_Y8_UO3752,ID1_F1_m1f1_P1_Y6_UO2560,ID1_F1_m1f1_P1_Y7_UO5369,FXX,2,0.0,1,0,1.0,0,0,0,-9999.0,0.7734375,1,P0_CV0,1,2,0,2,0
1,43.908878,-122.157688,ID1_F1_m1f1_P1_Y8_UO3797,ID1_F1_m1f1_P1_Y6_UO6321,ID1_F1_m1f1_P1_Y7_UO1348,FXX,2,0.0,1,0,1.0,0,0,0,-9999.0,0.71875,1,P0_CV0,1,2,0,0,2
1,43.908878,-122.157688,ID1_F1_m1f1_P1_Y8_UO370,ID1_F1_m1f1_P1_Y6_UO3453,ID1_F1_m1f1_P1_Y5_UO3479,MXY,2,0.0,1,0,0.0,0,0,0,-9999.0,0.6875,1,P0_CV0,1,2,0,1,1
1,43.908878,-122.157688,ID1_F1_m1f1_P1_Y8_UO5599,ID1_F1_m1f1_P1_Y6_UO3975,ID1_F1_m1f1_P1_Y7_UO4358,FXX,2,0.0,1,0,1.0,0,0,0,-9999.0,0.76171875,1,P0_CV0,1,2,0,2,0
1,43.908878,-122.157688,ID1_F1_m1f1_P1_Y8_UO7395,ID1_F1_m1f1_P1_Y5_UO2620,ID1_F1_m1f1_P1_Y7_UO1271,MXY,2,0.0,1,0,0.0,0,0,0,-9999.0,0.765625,1,P0_CV0,1,2,0,1,1
1,43.908878,-122.157688,ID1_F1_m1f1_P1_Y8_UO2900,ID1_F1_m1f1_P1_Y6_UO6937,ID1_F1_m1f1_P1_Y6_UO402,MXY,2,0.0,1,0,0.0,0,0,0,-9999.0,0.6796875,1,P0_CV0,1,2,0,1,1
1,43.908878,-122.157688,ID1_F1_m1f1_P1_Y8_UO5091,ID1_F1_m1f1_P1_Y6_UO2026,ID1_F1_m1f1_P1_Y6_UO2231,FXX,2,0.0,1,0,1.0,0,0,0,-9999.0,0.65625,1,P0_CV0,1,2,0,0,2
1,43.908878,-122.157688,ID1_F1_m1f1_P1_Y8_UO2419,ID1_F1_m1f1_P1_Y6_UO5980,ID1_F1_m1f1_P1_Y7_UO13,MXY,2,0.0,1,0,0.0,0,0,0,-9999.0,0.73046875,1,P0_CV0,1,2,0,1,1
1,43.908878,-122.157688,ID1_F1_m1f1_P1_Y8_UO3755,ID1_F1_m1f1_P1_Y6_UO2560,ID1_F1_m1f1_P1_Y7_UO5369,FXX,2,0.0,1,0,1.0,0,0,0,-9999.0,0.7734375,1,P0_CV0,1,2,0,2,0
1,43.908878,-122.157688,ID1_F1_m1f1_P1_Y8_UO2371,ID1_F1_m1f1_P1_Y6_UO991,ID1_F1_m1f1_P1_Y7_UO1661,FXX,2,0.0,1,0,1.0,0,0,0,-9999.0,0.71875,1,P0_CV0,1,2,0,1,1
1,43.908878,-122.157688,ID1_F1_m1f1_P1_Y8_UO6289,ID1_F1_m1f1_P1_Y6_UO1284,ID1_F1_m1f1_P1_Y7_UO212,MXY,2,0.0,1,0,0.0,0,0,0,-9999.0,0.7265625,1,P0_CV0,1,2,0,2,0
1,43.908878,-122.157688,ID1_F1_m1f1_P1_Y8_UO2257,ID1_F1_m1f1_P1_Y6_UO4326,ID1_F1_m1f1_P1_Y7_UO665,MXY,2,0.0,1,0,0.0,0,0,0,-9999.0,0.7265625,1,P0_CV0,1,2,0,1,1
1,43.908878,-122.157688,ID1_F1_m1f1_P1_Y8_UO7103,ID1_F1_m1f1_P1_Y6_UO5980,ID1_F1_m1f1_P1_Y6_UO561,MXY,2,0.0,1,0,0.0,0,0,0,-9999.0,0.7109375,1,P0_CV0,1,2,0,2,0
1,43.908878,-122.157688,ID1_F1_m1f1_P1_Y8_UO2381,ID1_F1_m1f1_P1_Y6_UO991,ID1_F1_m1f1_P1_Y7_UO1661,FXX,2,0.0,1,0,1.0,0,0,0,-9999.0,0.71875,1,P0_CV0,1,2,0,1,1
1,43.908878,-122.157688,ID1_F1_m1f1_P1_Y8_UO7336,ID1_F1_m1f1_P1_Y6_UO2026,ID1_F1_m1f1_P1_Y7_UO663,MXY,2,0.0,1,0,0.0,0,0,0,-9999.0,0.671875,1,P0_CV0,1,2,0,0,2
1,43.908878,-122.157688,ID1_F1_m1f1_P1_Y8_UO6001,ID1_F1_m1f1_P1_Y6_UO4932,ID1_F1_m1f1_P1_Y5_UO4027,FXX,2,0.0,1,0,1.0,0,0,0,-9999.0,0.640625,1,P0_CV0,1,2,0,0,2
1,43.908878,-122.157688,ID1_F1_m1f1_P1_Y8_UO4144,ID1_F1_m1f1_P1_Y6_UO5882,ID1_F1_m1f1_P1_Y7_UO1661,MXY,2,0.0,1,0,0.0,0,0,0,-9999.0,0.71875,1,P0_CV0,1,2,0,1,1
1,43.908878,-122.157688,ID1_F1_m1f1_P1_Y8_UO5568,ID1_F1_m1f1_P1_Y6_UO2561,ID1_F1_m1f1_P1_Y7_UO5000,MXY,2,0.0,1,0,0.0,0,0,0,-9999.0,0.71875,1,P0_CV0,1,2,0,0,2
1,43.908878,-122.157688,ID1_F1_m1f1_P1_Y8_UO7610,ID1_F1_m1f1_P1_Y4_UO1158,ID1_F1_m1f1_P1_Y7_UO5374,FXX,2,0.0,1,0,1.0,0,0,0,-9999.0,0.734375,1,P0_CV0,1,2,0,1,1
1,43.908878,-122.157688,ID1_F1_m1f1_P1_Y8_UO259,ID1_F1_m1f1_P1_Y4_UO4912,ID1_F1_m1f1_P1_Y7_UO5418,FXX,2,0.0,1,0,1.0,0,0,0,-9999.0,0.625,1,P0_CV0,1,2,0,1,1
1,43.908878,-122.157688,ID1_F1_m1f1_P1_Y8_UO6322,ID1_F1_m1f1_P1_Y5_UO2523,ID1_F1_m1f1_P1_Y5_UO5,MXY,2,0.0,1,0,0.0,0,0,0,-9999.0,0.734375,1,P0_CV0,1,2,0,0,2
1,43.908878,-122.157688,ID1_F1_m1f1_P1_Y8_UO2515,ID1_F1_m1f1_P1_Y6_UO3494,ID1_F1_m1f1_P1_Y7_UO5369,MXY,2,0.0,1,0,0.0,0,0,0,-9999.0,0.828125,1,P0_CV0,1,2,0,1,1
1,43.908878,-122.157688,ID1_F1_m1f1_P1_Y8_UO1316,ID1_F1_m1f1_P1_Y6_UO1579,ID1_F1_m1f1_P1_Y6_UO501,MXY,2,0.0,1,0,0.0,0,0,0,-9999.0,0.75,1,P0_CV0,1,2,0,1,1
1,43.908878,-122.157688,ID1_F1_m1f1_P1_Y8_UO5481,ID1_F1_m1f1_P1_Y6_UO4371,ID1_F1_m1f1_P1_Y4_UO6615,MXY,2,0.0,1,0,0.0,0,0,0,-9999.0,0.671875,1,P0_CV0,1,2,0,0,2
1,43.908878,-122.157688,ID1_F1_m1f1_P1_Y8_UO3798,ID1_F1_m1f1_P1_Y6_UO6321,ID1_F1_m1f1_P1_Y7_UO1348,MXY,2,0.0,1,0,0.0,0,0,0,-9999.0,0.71875,1,P0_CV0,1,2,0,1,1
1,43.908878,-122.157688,ID1_F1_m1f1_P1_Y8_UO5598,ID1_F1_m1f1_P1_Y6_UO3975,ID1_F1_m1f1_P1_Y7_UO4358,FXX,2,0.0,1,0,1.0,0,0,0,-9999.0,0.76171875,1,P0_CV0,1,2,0,1,1
1,43.908878,-122.157688,ID1_F1_m1f1_P1_Y8_UO2241,ID1_F1_m1f1_P1_Y6_UO3441,ID1_F1_m1f1_P1_Y6_UO988,FXX,2,0.0,1,0,1.0,0,0,0,-9999.0,0.703125,1,P0_CV0,1,2,0,1,1
1,43.908878,-122.157688,ID1_F1_m1f1_P1_Y8_UO4957,ID1_F1_m1f1_P1_Y6_UO3441,ID1_F1_m1f1_P1_Y7_UO2222,MXY,2,0.0,1,0,0.0,0,0,0,-9999.0,0.6875,1,P0_CV0,1,2,0,0,2
1,43.908878,-122.157688,ID1_F1_m1f1_P1_Y8_UO3153,ID1_F1_m1f1_P1_Y6_UO7104,ID1_F1_m1f1_P1_Y7_UO2222,FXX,2,0.0,1,0,1.0,0,0,0,-9999.0,0.71875,1,P0_CV0,1,2,0,0,2
1,43.908878,-122.157688,ID1_F1_m1f1_P1_Y8_UO1392,ID1_F1_m1f1_P1_Y6_UO5489,ID1_F1_m1f1_P1_Y7_UO1079,MXY,2,0.0,1,0,0.0,0,0,0,-9999.0,0.65625,1,P0_CV0,1,2,0,1,1
1,43.908878,-122.157688,ID1_F1_m1f1_P1_Y8_UO5464,ID1_F1_m1f1_P1_Y6_UO4371,ID1_F1_m1f1_P1_Y4_UO6615,FXX,2,0.0,1,0,1.0,0,0,0,-9999.0,0.671875,1,P0_CV0,1,2,0,0,2
1,43.908878,-122.157688,ID1_F1_m1f1_P1_Y8_UO1109,ID1_F1_m1f1_P1_Y6_UO1100,ID1_F1_m1f1_P1_Y6_UO899,FXX,2,0.0,1,0,1.0,0,0,0,-9999.0,0.734375,1,P0_CV0,1,2,0,0,2
1,43.908878,-122.157688,ID1_F1_m1f1_P1_Y8_UO6003,ID1_F1_m1f1_P1_Y6_UO4932,ID1_F1_m1f1_P1_Y5_UO4027,FXX,2,0.0,1,0,1.0,0,0,0,-9999.0,0.640625,1,P0_CV0,1,2,0,0,2
1,43.908878,-122.157688,ID1_F1_m1f1_P1_Y8_UO1060,ID1_F1_m1f1_P1_Y6_UO4835,ID1_F1_m1f1_P1_Y4_UO1183,FXX,2,0.0,1,0,1.0,0,0,0,-9999.0,0.6875,1,P0_CV0,1,2,0,0,2
1,43.908878,-122.157688,ID1_F1_m1f1_P1_Y8_UO5381,ID1_F1_m1f1_P1_Y6_UO1268,ID1_F1_m1f1_P1_Y7_UO666,MXY,2,0.0,1,0,0.0,0,0,0,-9999.0,0.75,1,P0_CV0,1,2,0,0,2
1,43.908878,-122.157688,ID1_F1_m1f1_P1_Y8_UO3796,ID1_F1_m1f1_P1_Y6_UO6321,ID1_F1_m1f1_P1_Y7_UO1348,MXY,2,0.0,1,0,0.0,0,0,0,-9999.0,0.71875,1,P0_CV0,1,2,0,0,2
1,43.908878,-122.157688,ID1_F1_m1f1_P1_Y8_UO7066,ID1_F1_m1f1_P1_Y6_UO3582,ID1_F1_m1f1_P1_Y7_UO665,MXY,2,0.0,1,0,0.0,0,0,0,-9999.0,0.7265625,1,P0_CV0,1,2,0,0,2
1,43.908878,-122.157688,ID1_F1_m1f1_P1_Y8_UO1222,ID1_F1_m1f1_P1_Y6_UO3013,ID1_F1_m1f1_P1_Y7_UO5378,MXY,2,0.0,1,0,0.0,0,0,0,-9999.0,0.7734375,1,P0_CV0,1,2,0,2,0
1,43.908878,-122.157688,ID1_F1_m1f1_P1_Y8_UO7619,ID1_F1_m1f1_P1_Y4_UO1158,ID1_F1_m1f1_P1_Y7_UO5374,FXX,2,0.0,1,0,1.0,0,0,0,-9999.0,0.734375,1,P0_CV0,1,2,0,1,1
1,43.908878,-122.157688,ID1_F1_m1f1_P1_Y8_UO6903,ID1_F1_m1f1_P1_Y5_UO3469,ID1_F1_m1f1_P1_Y7_UO5407,FXX,2,0.0,1,0,1.0,0,0,0,-9999.0,0.703125,1,P0_CV0,1,2,0,1,1
1,43.908878,-122.157688,ID1_F1_m1f1_P1_Y8_UO2821,ID1_F1_m1f1_P1_Y4_UO2171,ID1_F1_m1f1_P1_Y7_UO658,FXX,2,0.0,1,0,1.0,0,0,0,-9999.0,0.640625,1,P0_CV0,1,2,0,1,1
1,43.908878,-122.157688,ID1_F1_m1f1_P1_Y8_UO5574,ID1_F1_m1f1_P1_Y6_UO2561,ID1_F1_m1f1_P1_Y7_UO5000,MXY,2,0.0,1,0,0.0,0,0,0,-9999.0,0.71875,1,P0_CV0,1,2,0,0,2
1,43.908878,-122.157688,ID1_F1_m1f1_P1_Y8_UO325,ID1_F1_m1f1_P1_Y6_UO6318,ID1_F1_m1f1_P1_Y6_UO1289,FXX,2,0.0,1,0,1.0,0,0,0,-9999.0,0.7578125,1,P0_CV0,1,2,0,0,2
1,43.908878,-122.157688,ID1_F1_m1f1_P1_Y8_UO3265,ID1_F1_m1f1_P1_Y5_UO4590,ID1_F1_m1f1_P1_Y6_UO501,MXY,2,0.0,1,0,0.0,0,0,0,-9999.0,0.734375,1,P0_CV0,1,2,0,2,0
1,43.908878,-122.157688,ID1_F1_m1f1_P1_Y8_UO5608,ID1_F1_m1f1_P1_Y6_UO3975,ID1_F1_m1f1_P1_Y7_UO4358,FXX,2,0.0,1,0,1.0,0,0,0,-9999.0,0.76171875,1,P0_CV0,1,2,0,1,1
1,43.908878,-122.157688,ID1_F1_m1f1_P1_Y8_UO4457,ID1_F1_m1f1_P1_Y6_UO4702,ID1_F1_m1f1_P1_Y6_UO6056,FXX,2,0.0,1,0,1.0,0,0,0,-9999.0,0.7734375,1,P0_CV0,1,2,0,1,1
1,43.908878,-122.157688,ID1_F1_m1f1_P1_Y8_UO6995,ID1_F1_m1f1_P1_Y6_UO6318,ID1_F1_m1f1_P1_Y6_UO2827,MXY,2,0.0,1,0,0.0,0,0,0,-9999.0,0.734375,1,P0_CV0,1,2,0,2,0
1,43.908878,-122.157688,ID1_F1_m1f1_P1_Y8_UO1154,ID1_F1_m1f1_P1_Y3_UO1733,ID1_F1_m1f1_P1_Y7_UO1672,FXX,2,0.0,1,0,1.0,0,0,0,-9999.0,0.75,1,P0_CV0,1,2,0,1,1
1,43.908878,-122.157688,ID1_F1_m1f1_P1_Y8_UO373,ID1_F1_m1f1_P1_Y6_UO3453,ID1_F1_m1f1_P1_Y5_UO3479,FXX,2,0.0,1,0,1.0,0,0,0,-9999.0,0.6875,1,P0_CV0,1,2,0,1,1
1,43.908878,-122.157688,ID1_F1_m1f1_P1_Y8_UO4728,ID1_F1_m1f1_P1_Y6_UO2488,ID1_F1_m1f1_P1_Y6_UO6438,FXX,2,0.0,1,0,1.0,0,0,0,-9999.0,0.75,1,P0_CV0,1,2,0,1,1
1,43.908878,-122.157688,ID1_F1_m1f1_P1_Y8_UO1458,ID1_F1_m1f1_P1_Y5_UO4590,ID1_F1_m1f1_P1_Y7_UO1273,MXY,2,0.0,1,0,0.0,0,0,0,-9999.0,0.7265625,1,P0_CV0,1,2,0,0,2
1,43.908878,-122.157688,ID1_F1_m1f1_P1_Y8_UO440,ID1_F1_m1f1_P1_Y6_UO4445,ID1_F1_m1f1_P1_Y6_UO2231,FXX,2,0.0,1,0,1.0,0,0,0,-9999.0,0.6875,1,P0_CV0,1,2,0,0,2
1,43.908878,-122.157688,ID1_F1_m1f1_P1_Y8_UO1390,ID1_F1_m1f1_P1_Y6_UO5489,ID1_F1_m1f1_P1_Y7_UO1079,FXX,2,0.0,1,0,1.0,0,0,0,-9999.0,0.65625,1,P0_CV0,1,2,0,0,2
1,43.908878,-122.157688,ID1_F1_m1f1_P1_Y8_UO5429,ID1_F1_m1f1_P1_Y6_UO5988,ID1_F1_m1f1_P1_Y7_UO666,MXY,2,0.0,1,0,0.0,0,0,0,-9999.0,0.7265625,1,P0_CV0,1,2,0,0,2
1,43.908878,-122.157688,ID1_F1_m1f1_P1_Y8_UO6054,ID1_F1_m1f1_P1_Y6_UO2560,ID1_F1_m1f1_P1_Y7_UO5413,FXX,2,0.0,1,0,1.0,0,0,0,-9999.0,0.7109375,1,P0_CV0,1,2,0,2,0
1,43.908878,-122.157688,ID1_F1_m1f1_P1_Y8_UO7368,ID1_F1_m1f1_P1_Y6_UO1750,ID1_F1_m1f1_P1_Y7_UO218,FXX,2,0.0,1,0,1.0,0,0,0,-9999.0,0.75,1,P0_CV0,1,2,0,1,1
1,43.908878,-122.157688,ID1_F1_m1f1_P1_Y8_UO4061,ID1_F1_m1f1_P1_Y6_UO1480,ID1_F1_m1f1_P1_Y5_UO4605,MXY,2,0.0,1,0,0.0,0,0,0,-9999.0,0.6953125,1,P0_CV0,1,2,0,1,1
1,43.908878,-122.157688,ID1_F1_m1f1_P1_Y8_UO4769,ID1_F1_m1f1_P1_Y5_UO2198,ID1_F1_m1f1_P1_Y6_UO988,FXX,2,0.0,1,0,1.0,0,0,0,-9999.0,0.78125,1,P0_CV0,1,2,0,1,1
1,43.908878,-122.157688,ID1_F1_m1f1_P1_Y8_UO151,ID1_F1_m1f1_P1_Y4_UO865,ID1_F1_m1f1_P1_Y6_UO2181,MXY,2,0.0,1,0,0.0,0,0,0,-9999.0,0.8125,1,P0_CV0,1,2,0,2,0
1,43.908878,-122.157688,ID1_F1_m1f1_P1_Y8_UO7069,ID1_F1_m1f1_P1_Y6_UO3582,ID1_F1_m1f1_P1_Y7_UO665,MXY,2,0.0,1,0,0.0,0,0,0,-9999.0,0.7265625,1,P0_CV0,1,2,0,0,2
1,43.908878,-122.157688,ID1_F1_m1f1_P1_Y8_UO1669,ID1_F1_m1f1_P1_Y6_UO3586,ID1_F1_m1f1_P1_Y5_UO3479,MXY,2,0.0,1,0,0.0,0,0,0,-9999.0,0.7265625,1,P0_CV0,1,2,0,1,1
1,43.908878,-122.157688,ID1_F1_m1f1_P1_Y8_UO5548,ID1_F1_m1f1_P1_Y6_UO2561,ID1_F1_m1f1_P1_Y7_UO5000,MXY,2,0.0,1,0,0.0,0,0,0,-9999.0,0.71875,1,P0_CV0,1,2,0,1,1
1,43.908878,-122.157688,ID1_F1_m1f1_P1_Y8_UO1610,ID1_F1_m1f1_P1_Y5_UO3469,ID1_F1_m1f1_P1_Y6_UO5744,FXX,2,0.0,1,0,1.0,0,0,0,-9999.0,0.7265625,1,P0_CV0,1,2,0,2,0
1,43.908878,-122.157688,ID1_F1_m1f1_P1_Y8_UO4053,ID1_F1_m1f1_P1_Y6_UO1480,ID1_F1_m1f1_P1_Y5_UO4605,FXX,2,0.0,1,0,1.0,0,0,0,-9999.0,0.6953125,1,P0_CV0,1,2,0,0,2
1,43.908878,-122.157688,ID1_F1_m1f1_P1_Y8_UO447,ID1_F1_m1f1_P1_Y6_UO4445,ID1_F1_m1f1_P1_Y6_UO2231,MXY,2,0.0,1,0,0.0,0,0,0,-9999.0,0.6875,1,P0_CV0,1,2,0,0,2
1,43.908878,-122.157688,ID1_F1_m1f1_P1_Y8_UO5611,ID1_F1_m1f1_P1_Y6_UO3975,ID1_F1_m1f1_P1_Y7_UO4358,MXY,2,0.0,1,0,0.0,0,0,0,-9999.0,0.76171875,1,P0_CV0,1,2,0,2,0
1,43.908878,-122.157688,ID1_F1_m1f1_P1_Y8_UO364,ID1_F1_m1f1_P1_Y6_UO3453,ID1_F1_m1f1_P1_Y5_UO3479,FXX,2,0.0,1,0,1.0,0,0,0,-9999.0,0.6875,1,P0_CV0,1,2,0,2,0
1,43.908878,-122.157688,ID1_F1_m1f1_P1_Y8_UO3148,ID1_F1_m1f1_P1_Y6_UO7104,ID1_F1_m1f1_P1_Y7_UO2222,MXY,2,0.0,1,0,0.0,0,0,0,-9999.0,0.71875,1,P0_CV0,1,2,0,0,2
1,43.908878,-122.157688,ID1_F1_m1f1_P1_Y8_UO5994,ID1_F1_m1f1_P1_Y6_UO4932,ID1_F1_m1f1_P1_Y5_UO4027,FXX,2,0.0,1,0,1.0,0,0,0,-9999.0,0.640625,1,P0_CV0,1,2,0,1,1
1,43.908878,-122.157688,ID1_F1_m1f1_P1_Y8_UO2918,ID1_F1_m1f1_P1_Y6_UO2488,ID1_F1_m1f1_P1_Y7_UO1271,MXY,2,0.0,1,0,0.0,0,0,0,-9999.0,0.703125,1,P0_CV0,1,2,0,2,0
1,43.908878,-122.157688,ID1_F1_m1f1_P1_Y8_UO2767,ID1_F1_m1f1_P1_Y6_UO5886,ID1_F1_m1f1_P1_Y7_UO4995,MXY,2,0.0,1,0,0.0,0,0,0,-9999.0,0.7265625,1,P0_CV0,1,2,0,2,0
1,43.908878,-122.157688,ID1_F1_m1f1_P1_Y8_UO4139,ID1_F1_m1f1_P1_Y6_UO5882,ID1_F1_m1f1_P1_Y7_UO1661,FXX,2,0.0,1,0,1.0,0,0,0,-9999.0,0.71875,1,P0_CV0,1,2,0,1,1
1,43.908878,-122.157688,ID1_F1_m1f1_P1_Y8_UO148,ID1_F1_m1f1_P1_Y4_UO865,ID1_F1_m1f1_P1_Y6_UO2181,FXX,2,0.0,1,0,1.0,0,0,0,-9999.0,0.8125,1,P0_CV0,1,2,0,2,0
1,43.908878,-122.157688,ID1_F1_m1f1_P1_Y8_UO5277,ID1_F1_m1f1_P1_Y6_UO4418,ID1_F1_m1f1_P1_Y7_UO2913,MXY,2,0.0,1,0,0.0,0,0,0,-9999.0,0.67578125,1,P0_CV0,1,2,0,0,2
1,43.908878,-122.157688,ID1_F1_m1f1_P1_Y8_UO7049,ID1_F1_m1f1_P1_Y6_UO3582,ID1_F1_m1f1_P1_Y7_UO665,FXX,2,0.0,1,0,1.0,0,0,0,-9999.0,0.7265625,1,P0_CV0,1,2,0,0,2
1,43.908878,-122.157688,ID1_F1_m1f1_P1_Y8_UO4166,ID1_F1_m1f1_P1_Y6_UO4431,ID1_F1_m1f1_P1_Y7_UO2915,MXY,2,0.0,1,0,0.0,0,0,0,-9999.0,0.67578125,1,P0_CV0,1,2,0,1,1
1,43.908878,-122.157688,ID1_F1_m1f1_P1_Y8_UO7642,ID1_F1_m1f1_P1_Y6_UO4445,ID1_F1_m1f1_P1_Y6_UO7103,FXX,2,0.0,1,0,1.0,0,0,0,-9999.0,0.703125,1,P0_CV0,1,2,0,2,0
1,43.908878,-122.157688,ID1_F1_m1f1_P1_Y8_UO5587,ID1_F1_m1f1_P1_Y6_UO3975,ID1_F1_m1f1_P1_Y7_UO4358,MXY,2,0.0,1,0,0.0,0,0,0,-9999.0,0.76171875,1,P0_CV0,1,2,0,2,0
1,43.908878,-122.157688,ID1_F1_m1f1_P1_Y8_UO2904,ID1_F1_m1f1_P1_Y6_UO6937,ID1_F1_m1f1_P1_Y6_UO402,FXX,2,0.0,1,0,1.0,0,0,0,-9999.0,0.6796875,1,P0_CV0,1,2,0,1,1
1,43.908878,-122.157688,ID1_F1_m1f1_P1_Y8_UO5374,ID1_F1_m1f1_P1_Y6_UO1268,ID1_F1_m1f1_P1_Y7_UO666,FXX,2,0.0,1,0,1.0,0,0,0,-9999.0,0.75,1,P0_CV0,1,2,0,0,2
1,43.908878,-122.157688,ID1_F1_m1f1_P1_Y8_UO3563,ID1_F1_m1f1_P1_Y6_UO3978,ID1_F1_m1f1_P1_Y5_UO957,MXY,2,0.0,1,0,0.0,0,0,0,-9999.0,0.734375,1,P0_CV0,1,2,0,1,1
1,43.908878,-122.157688,ID1_F1_m1f1_P1_Y8_UO1508,ID1_F1_m1f1_P1_Y4_UO2263,ID1_F1_m1f1_P1_Y6_UO4430,MXY,2,0.0,1,0,0.0,0,0,0,-9999.0,0.703125,1,P0_CV0,1,2,0,1,1
1,43.908878,-122.157688,ID1_F1_m1f1_P1_Y7_UO1513,ID1_F1_m1f1_P1_Y4_UO4882,ID1_F1_m1f1_P1_Y6_UO2181,MXY,3,0.0,1,0,0.0,0,0,0,-9999.0,0.78125,1,P0_CV0,1,2,0,2,0
1,43.908878,-122.157688,ID1_F1_m1f1_P1_Y7_UO2926,ID1_F1_m1f1_P1_Y4_UO4912,ID1_F1_m1f1_P1_Y6_UO6056,MXY,3,0.0,1,0,0.0,0,0,0,-9999.0,0.6640625,1,P0_CV0,1,2,0,0,2
1,43.908878,-122.157688,ID1_F1_m1f1_P1_Y7_UO2916,ID1_F1_m1f1_P1_Y4_UO4912,ID1_F1_m1f1_P1_Y6_UO6056,FXX,3,0.0,1,0,1.0,0,0,0,-9999.0,0.6640625,1,P0_CV0,1,2,0,0,2
1,43.908878,-122.157688,ID1_F1_m1f1_P1_Y7_UO892,ID1_F1_m1f1_P1_Y5_UO4590,ID1_F1_m1f1_P1_Y3_UO2504,FXX,3,0.0,1,0,1.0,0,0,0,-9999.0,0.7421875,1,P0_CV0,1,2,0,2,0
1,43.908878,-122.157688,ID1_F1_m1f1_P1_Y7_UO2366,ID1_F1_m1f1_P1_Y4_UO4882,ID1_F1_m1f1_P1_Y5_UO4605,FXX,3,0.0,1,0,1.0,0,0,0,-9999.0,0.7734375,1,P0_CV0,1,2,0,0,2
1,43.908878,-122.157688,ID1_F1_m1f1_P1_Y7_UO89,ID1_F1_m1f1_P1_Y5_UO2526,ID1_F1_m1f1_P1_Y5_UO3877,MXY,3,0.0,1,0,0.0,0,0,0,-9999.0,0.703125,1,P0_CV0,1,2,0,2,0
1,43.908878,-122.157688,ID1_F1_m1f1_P1_Y7_UO1669,ID1_F1_m1f1_P1_Y5_UO963,ID1_F1_m1f1_P1_Y4_UO1255,FXX,3,0.0,1,0,1.0,0,0,0,-9999.0,0.6875,1,P0_CV0,1,2,0,1,1
1,43.908878,-122.157688,ID1_F1_m1f1_P1_Y7_UO1073,ID1_F1_m1f1_P1_Y5_UO963,ID1_F1_m1f1_P1_Y6_UO1709,MXY,3,0.0,1,0,0.0,0,0,0,-9999.0,0.640625,1,P0_CV0,1,2,0,1,1
1,43.908878,-122.157688,ID1_F1_m1f1_P1_Y7_UO13,ID1_F1_m1f1_P1_Y5_UO2523,ID1_F1_m1f1_P1_Y6_UO5744,MXY,3,0.0,1,0,0.0,0,0,0,-9999.0,0.7265625,1,P0_CV0,1,2,0,0,2
1,43.908878,-122.157688,ID1_F1_m1f1_P1_Y7_UO2059,ID1_F1_m1f1_P1_Y5_UO2198,ID1_F1_m1f1_P1_Y6_UO4619,FXX,3,0.0,1,0,1.0,0,0,0,-9999.0,0.8125,1,P0_CV0,1,2,0,1,1
1,43.908878,-122.157688,ID1_F1_m1f1_P1_Y7_UO1531,ID1_F1_m1f1_P1_Y5_UO4269,ID1_F1_m1f1_P1_Y6_UO6222,FXX,3,0.0,1,0,1.0,0,0,0,-9999.0,0.640625,1,P0_CV0,1,2,0,0,2
1,43.908878,-122.157688,ID1_F1_m1f1_P1_Y7_UO609,ID1_F1_m1f1_P1_Y5_UO963,ID1_F1_m1f1_P1_Y5_UO106,MXY,3,0.0,1,0,0.0,0,0,0,-9999.0,0.71875,1,P0_CV0,1,2,0,1,1
1,43.908878,-122.157688,ID1_F1_m1f1_P1_Y7_UO3922,ID1_F1_m1f1_P1_Y5_UO5118,ID1_F1_m1f1_P1_Y6_UO3324,MXY,3,0.0,1,0,0.0,0,0,0,-9999.0,0.875,1,P0_CV0,1,2,0,1,1
1,43.908878,-122.157688,ID1_F1_m1f1_P1_Y7_UO1079,ID1_F1_m1f1_P1_Y5_UO963,ID1_F1_m1f1_P1_Y6_UO1709,MXY,3,0.0,1,0,0.0,0,0,0,-9999.0,0.640625,1,P0_CV0,1,2,0,1,1
1,43.908878,-122.157688,ID1_F1_m1f1_P1_Y7_UO5833,ID1_F1_m1f1_P1_Y5_UO2198,ID1_F1_m1f1_P1_Y5_UO4272,MXY,3,0.0,1,0,0.0,0,0,0,-9999.0,0.734375,1,P0_CV0,1,2,0,0,2
1,43.908878,-122.157688,ID1_F1_m1f1_P1_Y7_UO5415,ID1_F1_m1f1_P1_Y5_UO3469,ID1_F1_m1f1_P1_Y6_UO6415,MXY,3,0.0,1,0,0.0,0,0,0,-9999.0,0.6875,1,P0_CV0,1,2,0,2,0
1,43.908878,-122.157688,ID1_F1_m1f1_P1_Y7_UO660,ID1_F1_m1f1_P1_Y4_UO2263,ID1_F1_m1f1_P1_Y6_UO401,FXX,3,0.0,1,0,1.0,0,0,0,-9999.0,0.71875,1,P0_CV0,1,2,0,0,2
1,43.908878,-122.157688,ID1_F1_m1f1_P1_Y7_UO5772,ID1_F1_m1f1_P1_Y5_UO2523,ID1_F1_m1f1_P1_Y5_UO107,MXY,3,0.0,1,0,0.0,0,0,0,-9999.0,0.765625,1,P0_CV0,1,2,0,0,2
1,43.908878,-122.157688,ID1_F1_m1f1_P1_Y7_UO5005,ID1_F1_m1f1_P1_Y4_UO4084,ID1_F1_m1f1_P1_Y5_UO5,FXX,3,0.0,1,0,1.0,0,0,0,-9999.0,0.703125,1,P0_CV0,1,2,0,0,2
1,43.908878,-122.157688,ID1_F1_m1f1_P1_Y6_UO3494,ID1_F1_m1f1_P1_Y4_UO864,ID1_F1_m1f1_P1_Y4_UO1340,FXX,4,0.0,1,0,1.0,0,0,0,-9999.0,0.84375,1,P0_CV0,1,2,0,1,1
1,43.908878,-122.157688,ID1_F1_m1f1_P1_Y6_UO4430,ID1_F1_m1f1_P1_Y4_UO6083,ID1_F1_m1f1_P1_Y2_UO3643,MXY,4,0.0,1,0,0.0,0,0,0,-9999.0,0.6875,1,P0_CV0,1,2,0,1,1
1,43.908878,-122.157688,ID1_F1_m1f1_P1_Y6_UO5359,ID1_F1_m1f1_P1_Y4_UO4703,ID1_F1_m1f1_P1_Y5_UO3371,FXX,4,0.0,1,0,1.0,0,0,0,-9999.0,0.75,1,P0_CV0,1,2,0,0,2
1,43.908878,-122.157688,ID1_F1_m1f1_P1_Y6_UO3009,ID1_F1_m1f1_P1_Y4_UO535,ID1_F1_m1f1_P1_Y3_UO961,FXX,4,0.0,1,0,1.0,0,0,0,-9999.0,0.734375,1,P0_CV0,1,2,0,2,0
1,43.908878,-122.157688,ID1_F1_m1f1_P1_Y6_UO4095,ID1_F1_m1f1_P1_Y4_UO6066,ID1_F1_m1f1_P1_Y2_UO3534,FXX,4,0.0,1,0,1.0,0,0,0,-9999.0,0.6875,1,P0_CV0,1,2,0,2,0
1,43.908878,-122.157688,ID1_F1_m1f1_P1_Y6_UO4932,ID1_F1_m1f1_P1_Y4_UO6620,ID1_F1_m1f1_P1_Y4_UO6617,FXX,4,0.0,1,0,1.0,0,0,0,-9999.0,0.59375,1,P0_CV0,1,2,0,0,2
1,43.908878,-122.157688,ID1_F1_m1f1_P1_Y6_UO5744,ID1_F1_m1f1_P1_Y4_UO1232,ID1_F1_m1f1_P1_Y4_UO2118,MXY,4,0.0,1,0,0.0,0,0,0,-9999.0,0.734375,1,P0_CV0,1,2,0,1,1
1,43.908878,-122.157688,ID1_F1_m1f1_P1_Y6_UO3672,ID1_F1_m1f1_P1_Y4_UO133,ID1_F1_m1f1_P1_Y4_UO4737,FXX,4,0.0,1,0,1.0,0,0,0,-9999.0,0.71875,1,P0_CV0,1,2,0,1,1
1,43.908878,-122.157688,ID1_F1_m1f1_P1_Y6_UO3469,ID1_F1_m1f1_P1_Y4_UO1148,ID1_F1_m1f1_P1_Y5_UO4275,MXY,4,0.0,1,0,0.0,0,0,0,-9999.0,0.65625,1,P0_CV0,1,2,0,1,1
1,43.908878,-122.157688,ID1_F1_m1f1_P1_Y6_UO3582,ID1_F1_m1f1_P1_Y4_UO2784,ID1_F1_m1f1_P1_Y5_UO4383,FXX,4,0.0,1,0,1.0,0,0,0,-9999.0,0.734375,1,P0_CV0,1,2,0,1,1
1,43.908878,-122.157688,ID1_F1_m1f1_P1_Y6_UO2400,ID1_F1_m1f1_P1_Y4_UO118,ID1_F1_m1f1_P1_Y5_UO2682,FXX,4,0.0,1,0,1.0,0,0,0,-9999.0,0.734375,1,P0_CV0,1,2,0,0,2
1,43.908878,-122.157688,ID1_F1_m1f1_P1_Y6_UO1939,ID1_F1_m1f1_P1_Y4_UO133,ID1_F1_m1f1_P1_Y4_UO7299,MXY,4,0.0,1,0,0.0,0,0,0,-9999.0,0.765625,1,P0_CV0,1,2,0,1,1
1,43.908878,-122.157688,ID1_F1_m1f1_P1_Y6_UO1284,ID1_F1_m1f1_P1_Y4_UO3767,ID1_F1_m1f1_P1_Y4_UO1255,FXX,4,0.0,1,0,1.0,0,0,0,-9999.0,0.75,1,P0_CV0,1,2,0,2,0
1,43.908878,-122.157688,ID1_F1_m1f1_P1_Y6_UO6066,ID1_F1_m1f1_P1_Y4_UO118,ID1_F1_m1f1_P1_Y5_UO4623,MXY,4,0.0,1,0,0.0,0,0,0,-9999.0,0.765625,1,P0_CV0,1,2,0,0,2
1,43.908878,-122.157688,ID1_F1_m1f1_P1_Y6_UO4807,ID1_F1_m1f1_P1_Y4_UO6620,ID1_F1_m1f1_P1_Y4_UO6617,MXY,4,0.0,1,0,0.0,0,0,0,-9999.0,0.59375,1,P0_CV0,1,2,0,0,2
1,43.908878,-122.157688,ID1_F1_m1f1_P1_Y6_UO4835,ID1_F1_m1f1_P1_Y4_UO2013,ID1_F1_m1f1_P1_Y4_UO5136,FXX,4,0.0,1,0,1.0,0,0,0,-9999.0,0.6875,1,P0_CV0,1,2,0,0,2
1,43.908878,-122.157688,ID1_F1_m1f1_P1_Y6_UO5980,ID1_F1_m1f1_P1_Y4_UO6191,ID1_F1_m1f1_P1_Y3_UO3826,FXX,4,0.0,1,0,1.0,0,0,0,-9999.0,0.734375,1,P0_CV0,1,2,0,2,0
1,43.908878,-122.157688,ID1_F1_m1f1_P1_Y6_UO2500,ID1_F1_m1f1_P1_Y4_UO2171,ID1_F1_m1f1_P1_Y4_UO1351,FXX,4,0.0,1,0,1.0,0,0,0,-9999.0,0.6875,1,P0_CV0,1,2,0,1,1
1,43.908878,-122.157688,ID1_F1_m1f1_P1_Y6_UO4431,ID1_F1_m1f1_P1_Y4_UO6083,ID1_F1_m1f1_P1_Y2_UO3643,FXX,4,0.0,1,0,1.0,0,0,0,-9999.0,0.6875,1,P0_CV0,1,2,0,2,0
1,43.908878,-122.157688,ID1_F1_m1f1_P1_Y6_UO195,ID1_F1_m1f1_P1_Y4_UO2001,ID1_F1_m1f1_P1_Y4_UO863,FXX,4,0.0,1,0,1.0,0,0,0,-9999.0,0.84375,1,P0_CV0,1,2,0,0,2
1,43.908878,-122.157688,ID1_F1_m1f1_P1_Y6_UO135,ID1_F1_m1f1_P1_Y4_UO6062,ID1_F1_m1f1_P1_Y5_UO2631,MXY,4,0.0,1,0,0.0,0,0,0,-9999.0,0.8125,1,P0_CV0,1,2,0,1,1
1,43.908878,-122.157688,ID1_F1_m1f1_P1_Y5_UO2691,ID1_F1_m1f1_P1_Y3_UO226,ID1_F1_m1f1_P1_Y3_UO3833,MXY,5,0.0,1,0,0.0,0,0,0,-9999.0,0.6875,1,P0_CV0,1,2,0,0,2
1,43.908878,-122.157688,ID1_F1_m1f1_P1_Y5_UO3479,ID1_F1_m1f1_P1_Y2_UO3473,ID1_F1_m1f1_P1_Y4_UO2980,MXY,5,0.0,1,0,0.0,0,0,0,-9999.0,0.71875,1,P0_CV0,1,2,0,2,0
1,43.908878,-122.157688,ID1_F1_m1f1_P1_Y5_UO4626,ID1_F1_m1f1_P1_Y0_UO6716,ID1_F1_m1f1_P1_Y2_UO3454,MXY,5,0.0,1,0,0.0,0,0,0,-9999.0,0.75,1,P0_CV0,1,2,0,1,1
1,43.908878,-122.157688,ID1_F1_m1f1_P1_Y5_UO107,ID1_F1_m1f1_P1_Y3_UO4443,ID1_F1_m1f1_P1_Y4_UO1494,MXY,5,0.0,1,0,0.0,0,0,0,-9999.0,0.8125,1,P0_CV0,1,2,0,0,2
2,44.137204,-122.472929,ID2_F2_m2f2_P2_Y9_UO292,ID2_F2_m2f2_P2_Y7_UO4296,ID2_F2_m2f2_P2_Y7_UO3396,MXY,1,0.0,1,0,0.0,0,0,0,-9999.0,0.21484375,1,P1_CV0,2,0,2,2,0
2,44.137204,-122.472929,ID2_F2_m2f2_P2_Y9_UO293,ID2_F2_m2f2_P2_Y7_UO4296,ID2_F2_m2f2_P2_Y7_UO3396,MXY,1,0.0,1,0,0.0,0,0,0,-9999.0,0.21484375,1,P1_CV0,2,0,2,1,1
2,44.137204,-122.472929,ID2_F2_m2f2_P2_Y9_UO294,ID2_F2_m2f2_P2_Y7_UO4296,ID2_F2_m2f2_P2_Y7_UO3396,MXY,1,0.0,1,0,0.0,0,0,0,-9999.0,0.21484375,1,P1_CV0,2,0,2,1,1
2,44.137204,-122.472929,ID2_F2_m2f2_P2_Y9_UO295,ID2_F2_m2f2_P2_Y7_UO4296,ID2_F2_m2f2_P2_Y7_UO3396,FXX,1,0.0,1,0,1.0,0,0,0,-9999.0,0.21484375,1,P1_CV0,2,0,2,1,1
2,44.137204,-122.472929,ID2_F2_m2f2_P2_Y9_UO297,ID2_F2_m2f2_P2_Y7_UO4296,ID2_F2_m2f2_P2_Y7_UO3396,FXX,1,0.0,1,0,1.0,0,0,0,-9999.0,0.21484375,1,P1_CV0,2,0,2,2,0
2,44.137204,-122.472929,ID2_F2_m2f2_P2_Y9_UO314,ID2_F2_m2f2_P2_Y7_UO5462,ID2_F2_m2f2_P2_Y8_UO4082,FXX,1,0.0,1,0,1.0,0,0,0,-9999.0,0.2109375,1,P1_CV0,2,0,2,2,0
2,44.137204,-122.472929,ID2_F2_m2f2_P2_Y9_UO316,ID2_F2_m2f2_P2_Y7_UO5462,ID2_F2_m2f2_P2_Y8_UO4082,MXY,1,0.0,1,0,0.0,0,0,0,-9999.0,0.2109375,1,P1_CV0,2,0,2,2,0
2,44.137204,-122.472929,ID2_F2_m2f2_P2_Y9_UO317,ID2_F2_m2f2_P2_Y7_UO5462,ID2_F2_m2f2_P2_Y8_UO4082,MXY,1,0.0,1,0,0.0,0,0,0,-9999.0,0.2109375,1,P1_CV0,2,0,2,1,1
2,44.137204,-122.472929,ID2_F2_m2f2_P2_Y9_UO318,ID2_F2_m2f2_P2_Y7_UO5462,ID2_F2_m2f2_P2_Y8_UO4082,MXY,1,0.0,1,0,0.0,0,0,0,-9999.0,0.2109375,1,P1_CV0,2,0,2,2,0
2,44.137204,-122.472929,ID2_F2_m2f2_P2_Y9_UO319,ID2_F2_m2f2_P2_Y7_UO5462,ID2_F2_m2f2_P2_Y8_UO4082,MXY,1,0.0,1,0,0.0,0,0,0,-9999.0,0.2109375,1,P1_CV0,2,0,2,1,1
2,44.137204,-122.472929,ID2_F2_m2f2_P2_Y9_UO320,ID2_F2_m2f2_P2_Y7_UO5462,ID2_F2_m2f2_P2_Y8_UO4082,FXX,1,0.0,1,0,1.0,0,0,0,-9999.0,0.2109375,1,P1_CV0,2,0,2,2,0
2,44.137204,-122.472929,ID2_F2_m2f2_P2_Y9_UO321,ID2_F2_m2f2_P2_Y7_UO5462,ID2_F2_m2f2_P2_Y8_UO4082,MXY,1,0.0,1,0,0.0,0,0,0,-9999.0,0.2109375,1,P1_CV0,2,0,2,2,0
2,44.137204,-122.472929,ID2_F2_m2f2_P2_Y9_UO421,ID2_F2_m2f2_P2_Y7_UO4977,ID2_F2_m2f2_P2_Y6_UO6996,FXX,1,0.0,1,0,1.0,0,0,0,-9999.0,0.28125,1,P1_CV0,2,0,2,2,0
2,44.137204,-122.472929,ID2_F2_m2f2_P2_Y9_UO422,ID2_F2_m2f2_P2_Y7_UO4977,ID2_F2_m2f2_P2_Y6_UO6996,MXY,1,0.0,1,0,0.0,0,0,0,-9999.0,0.28125,1,P1_CV0,2,0,2,2,0
2,44.137204,-122.472929,ID2_F2_m2f2_P2_Y9_UO424,ID2_F2_m2f2_P2_Y7_UO4977,ID2_F2_m2f2_P2_Y6_UO6996,FXX,1,0.0,1,0,1.0,0,0,0,-9999.0,0.28125,1,P1_CV0,2,0,2,2,0
2,44.137204,-122.472929,ID2_F2_m2f2_P2_Y9_UO425,ID2_F2_m2f2_P2_Y7_UO4977,ID2_F2_m2f2_P2_Y6_UO6996,FXX,1,0.0,1,0,1.0,0,0,0,-9999.0,0.28125,1,P1_CV0,2,0,2,2,0
2,44.137204,-122.472929,ID2_F2_m2f2_P2_Y9_UO684,ID2_F2_m2f2_P2_Y4_UO348,ID2_F2_m2f2_P2_Y8_UO3012,MXY,1,0.0,1,0,0.0,0,0,0,-9999.0,0.275390625,1,P1_CV0,2,0,2,2,0
2,44.137204,-122.472929,ID2_F2_m2f2_P2_Y9_UO685,ID2_F2_m2f2_P2_Y4_UO348,ID2_F2_m2f2_P2_Y8_UO3012,MXY,1,0.0,1,0,0.0,0,0,0,-9999.0,0.275390625,1,P1_CV0,2,0,2,2,0
2,44.137204,-122.472929,ID2_F2_m2f2_P2_Y9_UO687,ID2_F2_m2f2_P2_Y4_UO348,ID2_F2_m2f2_P2_Y8_UO3012,FXX,1,0.0,1,0,1.0,0,0,0,-9999.0,0.275390625,1,P1_CV0,2,0,2,1,1
2,44.137204,-122.472929,ID2_F2_m2f2_P2_Y9_UO688,ID2_F2_m2f2_P2_Y4_UO348,ID2_F2_m2f2_P2_Y8_UO3012,MXY,1,0.0,1,0,0.0,0,0,0,-9999.0,0.275390625,1,P1_CV0,2,0,2,1,1
2,44.137204,-122.472929,ID2_F2_m2f2_P2_Y9_UO690,ID2_F2_m2f2_P2_Y4_UO348,ID2_F2_m2f2_P2_Y8_UO3012,FXX,1,0.0,1,0,1.0,0,0,0,-9999.0,0.275390625,1,P1_CV0,2,0,2,2,0
2,44.137204,-122.472929,ID2_F2_m2f2_P2_Y9_UO691,ID2_F2_m2f2_P2_Y4_UO348,ID2_F2_m2f2_P2_Y8_UO3012,MXY,1,0.0,1,0,0.0,0,0,0,-9999.0,0.275390625,1,P1_CV0,2,0,2,1,1
2,44.137204,-122.472929,ID2_F2_m2f2_P2_Y9_UO692,ID2_F2_m2f2_P2_Y4_UO348,ID2_F2_m2f2_P2_Y8_UO3012,FXX,1,0.0,1,0,1.0,0,0,0,-9999.0,0.275390625,1,P1_CV0,2,0,2,1,1
2,44.137204,-122.472929,ID2_F2_m2f2_P2_Y9_UO726,ID2_F2_m2f2_P2_Y7_UO1258,ID2_F2_m2f2_P2_Y7_UO4300,FXX,1,0.0,1,0,1.0,0,0,0,-9999.0,0.2421875,1,P1_CV0,2,0,2,2,0
2,44.137204,-122.472929,ID2_F2_m2f2_P2_Y9_UO727,ID2_F2_m2f2_P2_Y7_UO1258,ID2_F2_m2f2_P2_Y7_UO4300,MXY,1,0.0,1,0,0.0,0,0,0,-9999.0,0.2421875,1,P1_CV0,2,0,2,1,1
2,44.137204,-122.472929,ID2_F2_m2f2_P2_Y9_UO728,ID2_F2_m2f2_P2_Y7_UO1258,ID2_F2_m2f2_P2_Y7_UO4300,MXY,1,0.0,1,0,0.0,0,0,0,-9999.0,0.2421875,1,P1_CV0,2,0,2,2,0
2,44.137204,-122.472929,ID2_F2_m2f2_P2_Y9_UO731,ID2_F2_m2f2_P2_Y7_UO1258,ID2_F2_m2f2_P2_Y7_UO4300,FXX,1,0.0,1,0,1.0,0,0,0,-9999.0,0.2421875,1,P1_CV0,2,0,2,2,0
2,44.137204,-122.472929,ID2_F2_m2f2_P2_Y9_UO732,ID2_F2_m2f2_P2_Y7_UO1258,ID2_F2_m2f2_P2_Y7_UO4300,MXY,1,0.0,1,0,0.0,0,0,0,-9999.0,0.2421875,1,P1_CV0,2,0,2,2,0
2,44.137204,-122.472929,ID2_F2_m2f2_P2_Y9_UO733,ID2_F2_m2f2_P2_Y7_UO1258,ID2_F2_m2f2_P2_Y7_UO4300,FXX,1,0.0,1,0,1.0,0,0,0,-9999.0,0.2421875,1,P1_CV0,2,0,2,1,1
2,44.137204,-122.472929,ID2_F2_m2f2_P2_Y9_UO734,ID2_F2_m2f2_P2_Y7_UO1258,ID2_F2_m2f2_P2_Y7_UO4300,FXX,1,0.0,1,0,1.0,0,0,0,-9999.0,0.2421875,1,P1_CV0,2,0,2,2,0
2,44.137204,-122.472929,ID2_F2_m2f2_P2_Y9_UO736,ID2_F2_m2f2_P2_Y7_UO1258,ID2_F2_m2f2_P2_Y7_UO4300,FXX,1,0.0,1,0,1.0,0,0,0,-9999.0,0.2421875,1,P1_CV0,2,0,2,2,0
2,44.137204,-122.472929,ID2_F2_m2f2_P2_Y9_UO738,ID2_F2_m2f2_P2_Y7_UO1258,ID2_F2_m2f2_P2_Y7_UO4300,FXX,1,0.0,1,0,1.0,0,0,0,-9999.0,0.2421875,1,P1_CV0,2,0,2,1,1
2,44.137204,-122.472929,ID2_F2_m2f2_P2_Y9_UO869,ID2_F2_m2f2_P2_Y7_UO811,ID2_F2_m2f2_P2_Y8_UO4635,FXX,1,0.0,1,0,1.0,0,0,0,-9999.0,0.24609375,1,P1_CV0,2,0,2,1,1
2,44.137204,-122.472929,ID2_F2_m2f2_P2_Y9_UO871,ID2_F2_m2f2_P2_Y7_UO811,ID2_F2_m2f2_P2_Y8_UO4635,FXX,1,0.0,1,0,1.0,0,0,0,-9999.0,0.24609375,1,P1_CV0,2,0,2,1,1
2,44.137204,-122.472929,ID2_F2_m2f2_P2_Y9_UO873,ID2_F2_m2f2_P2_Y7_UO811,ID2_F2_m2f2_P2_Y8_UO4635,FXX,1,0.0,1,0,1.0,0,0,0,-9999.0,0.24609375,1,P1_CV0,2,0,2,1,1
2,44.137204,-122.472929,ID2_F2_m2f2_P2_Y9_UO876,ID2_F2_m2f2_P2_Y7_UO811,ID2_F2_m2f2_P2_Y8_UO4635,FXX,1,0.0,1,0,1.0,0,0,0,-9999.0,0.24609375,1,P1_CV0,2,0,2,2,0
2,44.137204,-122.472929,ID2_F2_m2f2_P2_Y9_UO1240,ID2_F2_m2f2_P2_Y7_UO4977,ID2_F2_m2f2_P2_Y8_UO285,MXY,1,0.0,1,0,0.0,0,0,0,-9999.0,0.330078125,1,P1_CV0,2,0,2,1,1
2,44.137204,-122.472929,ID2_F2_m2f2_P2_Y9_UO1242,ID2_F2_m2f2_P2_Y7_UO4977,ID2_F2_m2f2_P2_Y8_UO285,FXX,1,0.0,1,0,1.0,0,0,0,-9999.0,0.330078125,1,P1_CV0,2,0,2,1,1
2,44.137204,-122.472929,ID2_F2_m2f2_P2_Y9_UO1408,ID2_F2_m2f2_P2_Y7_UO4296,ID2_F2_m2f2_P2_Y7_UO4303,FXX,1,0.0,1,0,1.0,0,0,0,-9999.0,0.234375,1,P1_CV0,2,0,2,2,0
2,44.137204,-122.472929,ID2_F2_m2f2_P2_Y9_UO1410,ID2_F2_m2f2_P2_Y7_UO4296,ID2_F2_m2f2_P2_Y7_UO4303,FXX,1,0.0,1,0,1.0,0,0,0,-9999.0,0.234375,1,P1_CV0,2,0,2,2,0
2,44.137204,-122.472929,ID2_F2_m2f2_P2_Y9_UO1411,ID2_F2_m2f2_P2_Y7_UO4296,ID2_F2_m2f2_P2_Y7_UO4303,MXY,1,0.0,1,0,0.0,0,0,0,-9999.0,0.234375,1,P1_CV0,2,0,2,2,0
2,44.137204,-122.472929,ID2_F2_m2f2_P2_Y9_UO1470,ID2_F2_m2f2_P2_Y7_UO3238,ID2_F2_m2f2_P2_Y6_UO2968,FXX,1,0.0,1,0,1.0,0,0,0,-9999.0,0.23828125,1,P1_CV0,2,0,2,1,1
2,44.137204,-122.472929,ID2_F2_m2f2_P2_Y9_UO1474,ID2_F2_m2f2_P2_Y7_UO3238,ID2_F2_m2f2_P2_Y6_UO2968,MXY,1,0.0,1,0,0.0,0,0,0,-9999.0,0.23828125,1,P1_CV0,2,0,2,0,2
2,44.137204,-122.472929,ID2_F2_m2f2_P2_Y9_UO1475,ID2_F2_m2f2_P2_Y7_UO3238,ID2_F2_m2f2_P2_Y6_UO2968,FXX,1,0.0,1,0,1.0,0,0,0,-9999.0,0.23828125,1,P1_CV0,2,0,2,1,1
2,44.137204,-122.472929,ID2_F2_m2f2_P2_Y9_UO1478,ID2_F2_m2f2_P2_Y7_UO3238,ID2_F2_m2f2_P2_Y6_UO2968,MXY,1,0.0,1,0,0.0,0,0,0,-9999.0,0.23828125,1,P1_CV0,2,0,2,0,2
2,44.137204,-122.472929,ID2_F2_m2f2_P2_Y9_UO1480,ID2_F2_m2f2_P2_Y7_UO3238,ID2_F2_m2f2_P2_Y6_UO2968,FXX,1,0.0,1,0,1.0,0,0,0,-9999.0,0.23828125,1,P1_CV0,2,0,2,1,1
2,44.137204,-122.472929,ID2_F2_m2f2_P2_Y9_UO1482,ID2_F2_m2f2_P2_Y7_UO3238,ID2_F2_m2f2_P2_Y6_UO2968,MXY,1,0.0,1,0,0.0,0,0,0,-9999.0,0.23828125,1,P1_CV0,2,0,2,1,1
2,44.137204,-122.472929,ID2_F2_m2f2_P2_Y9_UO1575,ID2_F2_m2f2_P2_Y7_UO1154,ID2_F2_m2f2_P2_Y8_UO2323,FXX,1,0.0,1,0,1.0,0,0,0,-9999.0,0.2333984375,1,P1_CV0,2,0,2,1,1
2,44.137204,-122.472929,ID2_F2_m2f2_P2_Y9_UO1578,ID2_F2_m2f2_P2_Y7_UO1154,ID2_F2_m2f2_P2_Y8_UO2323,MXY,1,0.0,1,0,0.0,0,0,0,-9999.0,0.2333984375,1,P1_CV0,2,0,2,2,0
2,44.137204,-122.472929,ID2_F2_m2f2_P2_Y9_UO1580,ID2_F2_m2f2_P2_Y7_UO1154,ID2_F2_m2f2_P2_Y8_UO2323,FXX,1,0.0,1,0,1.0,0,0,0,-9999.0,0.2333984375,1,P1_CV0,2,0,2,1,1
2,44.137204,-122.472929,ID2_F2_m2f2_P2_Y9_UO1584,ID2_F2_m2f2_P2_Y7_UO1154,ID2_F2_m2f2_P2_Y8_UO2323,FXX,1,0.0,1,0,1.0,0,0,0,-9999.0,0.2333984375,1,P1_CV0,2,0,2,1,1
2,44.137204,-122.472929,ID2_F2_m2f2_P2_Y9_UO1585,ID2_F2_m2f2_P2_Y7_UO1154,ID2_F2_m2f2_P2_Y8_UO2323,FXX,1,0.0,1,0,1.0,0,0,0,-9999.0,0.2333984375,1,P1_CV0,2,0,2,1,1
2,44.137204,-122.472929,ID2_F2_m2f2_P2_Y9_UO1721,ID2_F2_m2f2_P2_Y7_UO5462,ID2_F2_m2f2_P2_Y7_UO605,MXY,1,0.0,1,0,0.0,0,0,0,-9999.0,0.279296875,1,P1_CV0,2,0,2,2,0
2,44.137204,-122.472929,ID2_F2_m2f2_P2_Y9_UO1722,ID2_F2_m2f2_P2_Y7_UO5462,ID2_F2_m2f2_P2_Y7_UO605,FXX,1,0.0,1,0,1.0,0,0,0,-9999.0,0.279296875,1,P1_CV0,2,0,2,2,0
2,44.137204,-122.472929,ID2_F2_m2f2_P2_Y9_UO1726,ID2_F2_m2f2_P2_Y7_UO5462,ID2_F2_m2f2_P2_Y7_UO605,MXY,1,0.0,1,0,0.0,0,0,0,-9999.0,0.279296875,1,P1_CV0,2,0,2,0,2
2,44.137204,-122.472929,ID2_F2_m2f2_P2_Y9_UO1727,ID2_F2_m2f2_P2_Y7_UO5462,ID2_F2_m2f2_P2_Y7_UO605,FXX,1,0.0,1,0,1.0,0,0,0,-9999.0,0.279296875,1,P1_CV0,2,0,2,2,0
2,44.137204,-122.472929,ID2_F2_m2f2_P2_Y9_UO1747,ID2_F2_m2f2_P2_Y7_UO2281,ID2_F2_m2f2_P2_Y4_UO3161,MXY,1,0.0,1,0,0.0,0,0,0,-9999.0,0.19921875,1,P1_CV0,2,0,2,0,2
2,44.137204,-122.472929,ID2_F2_m2f2_P2_Y9_UO1754,ID2_F2_m2f2_P2_Y7_UO2281,ID2_F2_m2f2_P2_Y4_UO3161,MXY,1,0.0,1,0,0.0,0,0,0,-9999.0,0.19921875,1,P1_CV0,2,0,2,0,2
2,44.137204,-122.472929,ID2_F2_m2f2_P2_Y9_UO1758,ID2_F2_m2f2_P2_Y7_UO2281,ID2_F2_m2f2_P2_Y4_UO3161,MXY,1,0.0,1,0,0.0,0,0,0,-9999.0,0.19921875,1,P1_CV0,2,0,2,0,2
2,44.137204,-122.472929,ID2_F2_m2f2_P2_Y9_UO1759,ID2_F2_m2f2_P2_Y7_UO2281,ID2_F2_m2f2_P2_Y4_UO3161,MXY,1,0.0,1,0,0.0,0,0,0,-9999.0,0.19921875,1,P1_CV0,2,0,2,1,1
2,44.137204,-122.472929,ID2_F2_m2f2_P2_Y9_UO1760,ID2_F2_m2f2_P2_Y7_UO2281,ID2_F2_m2f2_P2_Y4_UO3161,MXY,1,0.0,1,0,0.0,0,0,0,-9999.0,0.19921875,1,P1_CV0,2,0,2,0,2
2,44.137204,-122.472929,ID2_F2_m2f2_P2_Y9_UO1926,ID2_F2_m2f2_P2_Y5_UO4913,ID2_F2_m2f2_P2_Y8_UO3380,MXY,1,0.0,1,0,0.0,0,0,0,-9999.0,0.2431640625,1,P1_CV0,2,0,2,1,1
2,44.137204,-122.472929,ID2_F2_m2f2_P2_Y9_UO1932,ID2_F2_m2f2_P2_Y7_UO2090,ID2_F2_m2f2_P2_Y7_UO3229,FXX,1,0.0,1,0,1.0,0,0,0,-9999.0,0.27734375,1,P1_CV0,2,0,2,2,0
2,44.137204,-122.472929,ID2_F2_m2f2_P2_Y9_UO1933,ID2_F2_m2f2_P2_Y7_UO2090,ID2_F2_m2f2_P2_Y7_UO3229,FXX,1,0.0,1,0,1.0,0,0,0,-9999.0,0.27734375,1,P1_CV0,2,0,2,2,0
2,44.137204,-122.472929,ID2_F2_m2f2_P2_Y9_UO1936,ID2_F2_m2f2_P2_Y7_UO2090,ID2_F2_m2f2_P2_Y7_UO3229,FXX,1,0.0,1,0,1.0,0,0,0,-9999.0,0.27734375,1,P1_CV0,2,0,2,2,0
2,44.137204,-122.472929,ID2_F2_m2f2_P2_Y9_UO1938,ID2_F2_m2f2_P2_Y7_UO2090,ID2_F2_m2f2_P2_Y7_UO3229,FXX,1,0.0,1,0,1.0,0,0,0,-9999.0,0.27734375,1,P1_CV0,2,0,2,1,1
2,44.137204,-122.472929,ID2_F2_m2f2_P2_Y9_UO1940,ID2_F2_m2f2_P2_Y7_UO2090,ID2_F2_m2f2_P2_Y7_UO3229,MXY,1,0.0,1,0,0.0,0,0,0,-9999.0,0.27734375,1,P1_CV0,2,0,2,2,0
2,44.137204,-122.472929,ID2_F2_m2f2_P2_Y9_UO1941,ID2_F2_m2f2_P2_Y7_UO2090,ID2_F2_m2f2_P2_Y7_UO3229,FXX,1,0.0,1,0,1.0,0,0,0,-9999.0,0.27734375,1,P1_CV0,2,0,2,1,1
2,44.137204,-122.472929,ID2_F2_m2f2_P2_Y9_UO1942,ID2_F2_m2f2_P2_Y7_UO2090,ID2_F2_m2f2_P2_Y7_UO3229,FXX,1,0.0,1,0,1.0,0,0,0,-9999.0,0.27734375,1,P1_CV0,2,0,2,2,0
2,44.137204,-122.472929,ID2_F2_m2f2_P2_Y9_UO1944,ID2_F2_m2f2_P2_Y7_UO2090,ID2_F2_m2f2_P2_Y7_UO3229,FXX,1,0.0,1,0,1.0,0,0,0,-9999.0,0.27734375,1,P1_CV0,2,0,2,1,1
2,44.137204,-122.472929,ID2_F2_m2f2_P2_Y9_UO1945,ID2_F2_m2f2_P2_Y7_UO2090,ID2_F2_m2f2_P2_Y7_UO3229,MXY,1,0.0,1,0,0.0,0,0,0,-9999.0,0.27734375,1,P1_CV0,2,0,2,1,1
2,44.137204,-122.472929,ID2_F2_m2f2_P2_Y9_UO2250,ID2_F2_m2f2_P2_Y7_UO4980,ID2_F2_m2f2_P2_Y7_UO309,FXX,1,0.0,1,0,1.0,0,0,0,-9999.0,0.271484375,1,P1_CV0,2,0,2,2,0
2,44.137204,-122.472929,ID2_F2_m2f2_P2_Y9_UO2297,ID2_F2_m2f2_P2_Y6_UO5455,ID2_F2_m2f2_P2_Y8_UO7505,FXX,1,0.0,1,0,1.0,0,0,0,-9999.0,0.29296875,1,P1_CV0,2,0,2,0,2
2,44.137204,-122.472929,ID2_F2_m2f2_P2_Y9_UO2298,ID2_F2_m2f2_P2_Y6_UO5455,ID2_F2_m2f2_P2_Y8_UO7505,MXY,1,0.0,1,0,0.0,0,0,0,-9999.0,0.29296875,1,P1_CV0,2,0,2,1,1
2,44.137204,-122.472929,ID2_F2_m2f2_P2_Y9_UO2303,ID2_F2_m2f2_P2_Y6_UO5455,ID2_F2_m2f2_P2_Y8_UO7505,FXX,1,0.0,1,0,1.0,0,0,0,-9999.0,0.29296875,1,P1_CV0,2,0,2,0,2
2,44.137204,-122.472929,ID2_F2_m2f2_P2_Y9_UO2305,ID2_F2_m2f2_P2_Y6_UO5455,ID2_F2_m2f2_P2_Y8_UO7505,FXX,1,0.0,1,0,1.0,0,0,0,-9999.0,0.29296875,1,P1_CV0,2,0,2,1,1
2,44.137204,-122.472929,ID2_F2_m2f2_P2_Y9_UO2306,ID2_F2_m2f2_P2_Y6_UO5455,ID2_F2_m2f2_P2_Y8_UO7505,MXY,1,0.0,1,0,0.0,0,0,0,-9999.0,0.29296875,1,P1_CV0,2,0,2,0,2
2,44.137204,-122.472929,ID2_F2_m2f2_P2_Y9_UO2353,ID2_F2_m2f2_P2_Y6_UO3988,ID2_F2_m2f2_P2_Y8_UO3378,MXY,1,0.0,1,0,0.0,0,0,0,-9999.0,0.2353515625,1,P1_CV0,2,0,2,1,1
2,44.137204,-122.472929,ID2_F2_m2f2_P2_Y9_UO2357,ID2_F2_m2f2_P2_Y6_UO3988,ID2_F2_m2f2_P2_Y8_UO3378,MXY,1,0.0,1,0,0.0,0,0,0,-9999.0,0.2353515625,1,P1_CV0,2,0,2,0,2
2,44.137204,-122.472929,ID2_F2_m2f2_P2_Y9_UO2510,ID2_F2_m2f2_P2_Y7_UO811,ID2_F2_m2f2_P2_Y5_UO901,MXY,1,0.0,1,0,0.0,0,0,0,-9999.0,0.26171875,1,P1_CV0,2,0,2,2,0
2,44.137204,-122.472929,ID2_F2_m2f2_P2_Y9_UO2513,ID2_F2_m2f2_P2_Y7_UO811,ID2_F2_m2f2_P2_Y5_UO901,MXY,1,0.0,1,0,0.0,0,0,0,-9999.0,0.26171875,1,P1_CV0,2,0,2,1,1
2,44.137204,-122.472929,ID2_F2_m2f2_P2_Y9_UO2514,ID2_F2_m2f2_P2_Y7_UO811,ID2_F2_m2f2_P2_Y5_UO901,FXX,1,0.0,1,0,1.0,0,0,0,-9999.0,0.26171875,1,P1_CV0,2,0,2,1,1
2,44.137204,-122.472929,ID2_F2_m2f2_P2_Y9_UO2810,ID2_F2_m2f2_P2_Y7_UO2948,ID2_F2_m2f2_P2_Y7_UO4300,MXY,1,0.0,1,0,0.0,0,0,0,-9999.0,0.2421875,1,P1_CV0,2,0,2,2,0
2,44.137204,-122.472929,ID2_F2_m2f2_P2_Y9_UO2813,ID2_F2_m2f2_P2_Y7_UO2948,ID2_F2_m2f2_P2_Y7_UO4300,MXY,1,0.0,1,0,0.0,0,0,0,-9999.0,0.2421875,1,P1_CV0,2,0,2,2,0
2,44.137204,-122.472929,ID2_F2_m2f2_P2_Y9_UO2815,ID2_F2_m2f2_P2_Y7_UO2948,ID2_F2_m2f2_P2_Y7_UO4300,MXY,1,0.0,1,0,0.0,0,0,0,-9999.0,0.2421875,1,P1_CV0,2,0,2,2,0
2,44.137204,-122.472929,ID2_F2_m2f2_P2_Y9_UO2816,ID2_F2_m2f2_P2_Y7_UO2948,ID2_F2_m2f2_P2_Y7_UO4300,FXX,1,0.0,1,0,1.0,0,0,0,-9999.0,0.2421875,1,P1_CV0,2,0,2,2,0
2,44.137204,-122.472929,ID2_F2_m2f2_P2_Y9_UO3306,ID2_F2_m2f2_P2_Y7_UO2327,ID2_F2_m2f2_P2_Y7_UO1254,FXX,1,0.0,1,0,1.0,0,0,0,-9999.0,0.26953125,1,P1_CV0,2,0,2,1,1
2,44.137204,-122.472929,ID2_F2_m2f2_P2_Y9_UO3307,ID2_F2_m2f2_P2_Y7_UO2327,ID2_F2_m2f2_P2_Y7_UO1254,FXX,1,0.0,1,0,1.0,0,0,0,-9999.0,0.26953125,1,P1_CV0,2,0,2,0,2
2,44.137204,-122.472929,ID2_F2_m2f2_P2_Y9_UO3308,ID2_F2_m2f2_P2_Y7_UO2327,ID2_F2_m2f2_P2_Y7_UO1254,MXY,1,0.0,1,0,0.0,0,0,0,-9999.0,0.26953125,1,P1_CV0,2,0,2,0,2
2,44.137204,-122.472929,ID2_F2_m2f2_P2_Y9_UO3309,ID2_F2_m2f2_P2_Y7_UO2327,ID2_F2_m2f2_P2_Y7_UO1254,MXY,1,0.0,1,0,0.0,0,0,0,-9999.0,0.26953125,1,P1_CV0,2,0,2,1,1
2,44.137204,-122.472929,ID2_F2_m2f2_P2_Y9_UO3312,ID2_F2_m2f2_P2_Y7_UO2327,ID2_F2_m2f2_P2_Y7_UO1254,MXY,1,0.0,1,0,0.0,0,0,0,-9999.0,0.26953125,1,P1_CV0,2,0,2,1,1
2,44.137204,-122.472929,ID2_F2_m2f2_P2_Y9_UO3463,ID2_F2_m2f2_P2_Y7_UO4980,ID2_F2_m2f2_P2_Y5_UO2644,FXX,1,0.0,1,0,1.0,0,0,0,-9999.0,0.3046875,1,P1_CV0,2,0,2,2,0
2,44.137204,-122.472929,ID2_F2_m2f2_P2_Y9_UO3464,ID2_F2_m2f2_P2_Y7_UO4980,ID2_F2_m2f2_P2_Y5_UO2644,MXY,1,0.0,1,0,0.0,0,0,0,-9999.0,0.3046875,1,P1_CV0,2,0,2,2,0
2,44.137204,-122.472929,ID2_F2_m2f2_P2_Y9_UO3466,ID2_F2_m2f2_P2_Y7_UO4980,ID2_F2_m2f2_P2_Y5_UO2644,FXX,1,0.0,1,0,1.0,0,0,0,-9999.0,0.3046875,1,P1_CV0,2,0,2,1,1
2,44.137204,-122.472929,ID2_F2_m2f2_P2_Y9_UO3467,ID2_F2_m2f2_P2_Y7_UO4980,ID2_F2_m2f2_P2_Y5_UO2644,FXX,1,0.0,1,0,1.0,0,0,0,-9999.0,0.3046875,1,P1_CV0,2,0,2,2,0
2,44.137204,-122.472929,ID2_F2_m2f2_P2_Y9_UO3667,ID2_F2_m2f2_P2_Y6_UO1400,ID2_F2_m2f2_P2_Y8_UO3378,MXY,1,0.0,1,0,0.0,0,0,0,-9999.0,0.2431640625,1,P1_CV0,2,0,2,2,0
2,44.137204,-122.472929,ID2_F2_m2f2_P2_Y9_UO3669,ID2_F2_m2f2_P2_Y6_UO1400,ID2_F2_m2f2_P2_Y8_UO3378,MXY,1,0.0,1,0,0.0,0,0,0,-9999.0,0.2431640625,1,P1_CV0,2,0,2,1,1
2,44.137204,-122.472929,ID2_F2_m2f2_P2_Y9_UO3671,ID2_F2_m2f2_P2_Y6_UO1400,ID2_F2_m2f2_P2_Y8_UO3378,FXX,1,0.0,1,0,1.0,0,0,0,-9999.0,0.2431640625,1,P1_CV0,2,0,2,1,1
2,44.137204,-122.472929,ID2_F2_m2f2_P2_Y9_UO3672,ID2_F2_m2f2_P2_Y6_UO1400,ID2_F2_m2f2_P2_Y8_UO3378,FXX,1,0.0,1,0,1.0,0,0,0,-9999.0,0.2431640625,1,P1_CV0,2,0,2,2,0
2,44.137204,-122.472929,ID2_F2_m2f2_P2_Y9_UO3676,ID2_F2_m2f2_P2_Y6_UO1400,ID2_F2_m2f2_P2_Y8_UO3378,FXX,1,0.0,1,0,1.0,0,0,0,-9999.0,0.2431640625,1,P1_CV0,2,0,2,1,1
2,44.137204,-122.472929,ID2_F2_m2f2_P2_Y9_UO3762,ID2_F2_m2f2_P2_Y5_UO2015,ID2_F2_m2f2_P2_Y7_UO4303,MXY,1,0.0,1,0,0.0,0,0,0,-9999.0,0.2421875,1,P1_CV0,2,0,2,1,1
2,44.137204,-122.472929,ID2_F2_m2f2_P2_Y9_UO3851,ID2_F2_m2f2_P2_Y7_UO4719,ID2_F2_m2f2_P2_Y7_UO1091,MXY,1,0.0,1,0,0.0,0,0,0,-9999.0,0.24609375,1,P1_CV0,2,0,2,1,1
2,44.137204,-122.472929,ID2_F2_m2f2_P2_Y9_UO3853,ID2_F2_m2f2_P2_Y7_UO4719,ID2_F2_m2f2_P2_Y7_UO1091,FXX,1,0.0,1,0,1.0,0,0,0,-9999.0,0.24609375,1,P1_CV0,2,0,2,1,1
2,44.137204,-122.472929,ID2_F2_m2f2_P2_Y9_UO3855,ID2_F2_m2f2_P2_Y7_UO4719,ID2_F2_m2f2_P2_Y7_UO1091,FXX,1,0.0,1,0,1.0,0,0,0,-9999.0,0.24609375,1,P1_CV0,2,0,2,1,1
2,44.137204,-122.472929,ID2_F2_m2f2_P2_Y9_UO3858,ID2_F2_m2f2_P2_Y7_UO4719,ID2_F2_m2f2_P2_Y7_UO1091,MXY,1,0.0,1,0,0.0,0,0,0,-9999.0,0.24609375,1,P1_CV0,2,0,2,0,2
2,44.137204,-122.472929,ID2_F2_m2f2_P2_Y9_UO3859,ID2_F2_m2f2_P2_Y7_UO4719,ID2_F2_m2f2_P2_Y7_UO1091,FXX,1,0.0,1,0,1.0,0,0,0,-9999.0,0.24609375,1,P1_CV0,2,0,2,0,2
2,44.137204,-122.472929,ID2_F2_m2f2_P2_Y9_UO3860,ID2_F2_m2f2_P2_Y7_UO4719,ID2_F2_m2f2_P2_Y7_UO1091,MXY,1,0.0,1,0,0.0,0,0,0,-9999.0,0.24609375,1,P1_CV0,2,0,2,0,2
2,44.137204,-122.472929,ID2_F2_m2f2_P2_Y9_UO3862,ID2_F2_m2f2_P2_Y7_UO4719,ID2_F2_m2f2_P2_Y7_UO1091,MXY,1,0.0,1,0,0.0,0,0,0,-9999.0,0.24609375,1,P1_CV0,2,0,2,0,2
2,44.137204,-122.472929,ID2_F2_m2f2_P2_Y9_UO3864,ID2_F2_m2f2_P2_Y7_UO4719,ID2_F2_m2f2_P2_Y7_UO1091,FXX,1,0.0,1,0,1.0,0,0,0,-9999.0,0.24609375,1,P1_CV0,2,0,2,0,2
2,44.137204,-122.472929,ID2_F2_m2f2_P2_Y9_UO3963,ID2_F2_m2f2_P2_Y7_UO1253,ID2_F2_m2f2_P2_Y8_UO7208,MXY,1,0.0,1,0,0.0,0,0,0,-9999.0,0.263671875,1,P1_CV0,2,0,2,1,1
2,44.137204,-122.472929,ID2_F2_m2f2_P2_Y9_UO3965,ID2_F2_m2f2_P2_Y7_UO1253,ID2_F2_m2f2_P2_Y8_UO7208,MXY,1,0.0,1,0,0.0,0,0,0,-9999.0,0.263671875,1,P1_CV0,2,0,2,1,1
2,44.137204,-122.472929,ID2_F2_m2f2_P2_Y9_UO3966,ID2_F2_m2f2_P2_Y7_UO1253,ID2_F2_m2f2_P2_Y8_UO7208,FXX,1,0.0,1,0,1.0,0,0,0,-9999.0,0.263671875,1,P1_CV0,2,0,2,1,1
2,44.137204,-122.472929,ID2_F2_m2f2_P2_Y9_UO3969,ID2_F2_m2f2_P2_Y7_UO1253,ID2_F2_m2f2_P2_Y8_UO7208,MXY,1,0.0,1,0,0.0,0,0,0,-9999.0,0.263671875,1,P1_CV0,2,0,2,1,1
2,44.137204,-122.472929,ID2_F2_m2f2_P2_Y9_UO3971,ID2_F2_m2f2_P2_Y7_UO1253,ID2_F2_m2f2_P2_Y8_UO7208,MXY,1,0.0,1,0,0.0,0,0,0,-9999.0,0.263671875,1,P1_CV0,2,0,2,0,2
2,44.137204,-122.472929,ID2_F2_m2f2_P2_Y9_UO3974,ID2_F2_m2f2_P2_Y7_UO1253,ID2_F2_m2f2_P2_Y8_UO7208,MXY,1,0.0,1,0,0.0,0,0,0,-9999.0,0.263671875,1,P1_CV0,2,0,2,1,1
2,44.137204,-122.472929,ID2_F2_m2f2_P2_Y9_UO4000,ID2_F2_m2f2_P2_Y6_UO1492,ID2_F2_m2f2_P2_Y8_UO3380,FXX,1,0.0,1,0,1.0,0,0,0,-9999.0,0.2197265625,1,P1_CV0,2,0,2,1,1
2,44.137204,-122.472929,ID2_F2_m2f2_P2_Y9_UO4002,ID2_F2_m2f2_P2_Y6_UO1492,ID2_F2_m2f2_P2_Y8_UO3380,FXX,1,0.0,1,0,1.0,0,0,0,-9999.0,0.2197265625,1,P1_CV0,2,0,2,1,1
2,44.137204,-122.472929,ID2_F2_m2f2_P2_Y9_UO4003,ID2_F2_m2f2_P2_Y6_UO1492,ID2_F2_m2f2_P2_Y8_UO3380,FXX,1,0.0,1,0,1.0,0,0,0,-9999.0,0.2197265625,1,P1_CV0,2,0,2,1,1
2,44.137204,-122.472929,ID2_F2_m2f2_P2_Y9_UO4196,ID2_F2_m2f2_P2_Y7_UO4980,ID2_F2_m2f2_P2_Y7_UO1091,FXX,1,0.0,1,0,1.0,0,0,0,-9999.0,0.265625,1,P1_CV0,2,0,2,1,1
2,44.137204,-122.472929,ID2_F2_m2f2_P2_Y9_UO4341,ID2_F2_m2f2_P2_Y6_UO1492,ID2_F2_m2f2_P2_Y7_UO3708,FXX,1,0.0,1,0,1.0,0,0,0,-9999.0,0.232421875,1,P1_CV0,2,0,2,0,2
2,44.137204,-122.472929,ID2_F2_m2f2_P2_Y9_UO4342,ID2_F2_m2f2_P2_Y6_UO1492,ID2_F2_m2f2_P2_Y7_UO3708,MXY,1,0.0,1,0,0.0,0,0,0,-9999.0,0.232421875,1,P1_CV0,2,0,2,1,1
2,44.137204,-122.472929,ID2_F2_m2f2_P2_Y9_UO4344,ID2_F2_m2f2_P2_Y6_UO1492,ID2_F2_m2f2_P2_Y7_UO3708,FXX,1,0.0,1,0,1.0,0,0,0,-9999.0,0.232421875,1,P1_CV0,2,0,2,0,2
2,44.137204,-122.472929,ID2_F2_m2f2_P2_Y9_UO4345,ID2_F2_m2f2_P2_Y6_UO1492,ID2_F2_m2f2_P2_Y7_UO3708,FXX,1,0.0,1,0,1.0,0,0,0,-9999.0,0.232421875,1,P1_CV0,2,0,2,1,1
2,44.137204,-122.472929,ID2_F2_m2f2_P2_Y9_UO4384,ID2_F2_m2f2_P2_Y4_UO5657,ID2_F2_m2f2_P2_Y8_UO5320,MXY,1,0.0,1,0,0.0,0,0,0,-9999.0,0.220703125,1,P1_CV0,2,0,2,1,1
2,44.137204,-122.472929,ID2_F2_m2f2_P2_Y9_UO4387,ID2_F2_m2f2_P2_Y4_UO5657,ID2_F2_m2f2_P2_Y8_UO5320,MXY,1,0.0,1,0,0.0,0,0,0,-9999.0,0.220703125,1,P1_CV0,2,0,2,1,1
2,44.137204,-122.472929,ID2_F2_m2f2_P2_Y9_UO4389,ID2_F2_m2f2_P2_Y4_UO5657,ID2_F2_m2f2_P2_Y8_UO5320,MXY,1,0.0,1,0,0.0,0,0,0,-9999.0,0.220703125,1,P1_CV0,2,0,2,1,1
2,44.137204,-122.472929,ID2_F2_m2f2_P2_Y9_UO4390,ID2_F2_m2f2_P2_Y4_UO5657,ID2_F2_m2f2_P2_Y8_UO5320,FXX,1,0.0,1,0,1.0,0,0,0,-9999.0,0.220703125,1,P1_CV0,2,0,2,1,1
2,44.137204,-122.472929,ID2_F2_m2f2_P2_Y9_UO4391,ID2_F2_m2f2_P2_Y4_UO5657,ID2_F2_m2f2_P2_Y8_UO5320,MXY,1,0.0,1,0,0.0,0,0,0,-9999.0,0.220703125,1,P1_CV0,2,0,2,1,1
2,44.137204,-122.472929,ID2_F2_m2f2_P2_Y9_UO4392,ID2_F2_m2f2_P2_Y4_UO5657,ID2_F2_m2f2_P2_Y8_UO5320,MXY,1,0.0,1,0,0.0,0,0,0,-9999.0,0.220703125,1,P1_CV0,2,0,2,1,1
2,44.137204,-122.472929,ID2_F2_m2f2_P2_Y9_UO4472,ID2_F2_m2f2_P2_Y7_UO4980,ID2_F2_m2f2_P2_Y8_UO4077,MXY,1,0.0,1,0,0.0,0,0,0,-9999.0,0.248046875,1,P1_CV0,2,0,2,2,0
2,44.137204,-122.472929,ID2_F2_m2f2_P2_Y9_UO4473,ID2_F2_m2f2_P2_Y7_UO4980,ID2_F2_m2f2_P2_Y8_UO4077,MXY,1,0.0,1,0,0.0,0,0,0,-9999.0,0.248046875,1,P1_CV0,2,0,2,2,0
2,44.137204,-122.472929,ID2_F2_m2f2_P2_Y9_UO4517,ID2_F2_m2f2_P2_Y7_UO2948,ID2_F2_m2f2_P2_Y7_UO1147,FXX,1,0.0,1,0,1.0,0,0,0,-9999.0,0.21875,1,P1_CV0,2,0,2,0,2
2,44.137204,-122.472929,ID2_F2_m2f2_P2_Y9_UO4521,ID2_F2_m2f2_P2_Y7_UO2948,ID2_F2_m2f2_P2_Y7_UO1147,MXY,1,0.0,1,0,0.0,0,0,0,-9999.0,0.21875,1,P1_CV0,2,0,2,1,1
2,44.137204,-122.472929,ID2_F2_m2f2_P2_Y9_UO4585,ID2_F2_m2f2_P2_Y7_UO3558,ID2_F2_m2f2_P2_Y7_UO3229,MXY,1,0.0,1,0,0.0,0,0,0,-9999.0,0.265625,1,P1_CV0,2,0,2,1,1
2,44.137204,-122.472929,ID2_F2_m2f2_P2_Y9_UO4586,ID2_F2_m2f2_P2_Y7_UO3558,ID2_F2_m2f2_P2_Y7_UO3229,FXX,1,0.0,1,0,1.0,0,0,0,-9999.0,0.265625,1,P1_CV0,2,0,2,1,1
2,44.137204,-122.472929,ID2_F2_m2f2_P2_Y9_UO4590,ID2_F2_m2f2_P2_Y7_UO3558,ID2_F2_m2f2_P2_Y7_UO3229,FXX,1,0.0,1,0,1.0,0,0,0,-9999.0,0.265625,1,P1_CV0,2,0,2,1,1
2,44.137204,-122.472929,ID2_F2_m2f2_P2_Y9_UO4591,ID2_F2_m2f2_P2_Y7_UO3558,ID2_F2_m2f2_P2_Y7_UO3229,MXY,1,0.0,1,0,0.0,0,0,0,-9999.0,0.265625,1,P1_CV0,2,0,2,1,1
2,44.137204,-122.472929,ID2_F2_m2f2_P2_Y9_UO4592,ID2_F2_m2f2_P2_Y7_UO3558,ID2_F2_m2f2_P2_Y7_UO3229,MXY,1,0.0,1,0,0.0,0,0,0,-9999.0,0.265625,1,P1_CV0,2,0,2,1,1
2,44.137204,-122.472929,ID2_F2_m2f2_P2_Y9_UO4593,ID2_F2_m2f2_P2_Y7_UO3558,ID2_F2_m2f2_P2_Y7_UO3229,MXY,1,0.0,1,0,0.0,0,0,0,-9999.0,0.265625,1,P1_CV0,2,0,2,1,1
2,44.137204,-122.472929,ID2_F2_m2f2_P2_Y9_UO4594,ID2_F2_m2f2_P2_Y7_UO3558,ID2_F2_m2f2_P2_Y7_UO3229,MXY,1,0.0,1,0,0.0,0,0,0,-9999.0,0.265625,1,P1_CV0,2,0,2,1,1
2,44.137204,-122.472929,ID2_F2_m2f2_P2_Y9_UO4596,ID2_F2_m2f2_P2_Y7_UO3558,ID2_F2_m2f2_P2_Y7_UO3229,MXY,1,0.0,1,0,0.0,0,0,0,-9999.0,0.265625,1,P1_CV0,2,0,2,1,1
2,44.137204,-122.472929,ID2_F2_m2f2_P2_Y9_UO4597,ID2_F2_m2f2_P2_Y7_UO3558,ID2_F2_m2f2_P2_Y7_UO3229,FXX,1,0.0,1,0,1.0,0,0,0,-9999.0,0.265625,1,P1_CV0,2,0,2,1,1
2,44.137204,-122.472929,ID2_F2_m2f2_P2_Y9_UO4598,ID2_F2_m2f2_P2_Y7_UO3558,ID2_F2_m2f2_P2_Y7_UO3229,MXY,1,0.0,1,0,0.0,0,0,0,-9999.0,0.265625,1,P1_CV0,2,0,2,1,1
2,44.137204,-122.472929,ID2_F2_m2f2_P2_Y9_UO4599,ID2_F2_m2f2_P2_Y7_UO3558,ID2_F2_m2f2_P2_Y7_UO3229,FXX,1,0.0,1,0,1.0,0,0,0,-9999.0,0.265625,1,P1_CV0,2,0,2,2,0
2,44.137204,-122.472929,ID2_F2_m2f2_P2_Y9_UO4807,ID2_F2_m2f2_P2_Y5_UO4913,ID2_F2_m2f2_P2_Y8_UO3381,FXX,1,0.0,1,0,1.0,0,0,0,-9999.0,0.2431640625,1,P1_CV0,2,0,2,1,1
2,44.137204,-122.472929,ID2_F2_m2f2_P2_Y9_UO4808,ID2_F2_m2f2_P2_Y5_UO4913,ID2_F2_m2f2_P2_Y8_UO3381,FXX,1,0.0,1,0,1.0,0,0,0,-9999.0,0.2431640625,1,P1_CV0,2,0,2,2,0
2,44.137204,-122.472929,ID2_F2_m2f2_P2_Y9_UO4809,ID2_F2_m2f2_P2_Y5_UO4913,ID2_F2_m2f2_P2_Y8_UO3381,MXY,1,0.0,1,0,0.0,0,0,0,-9999.0,0.2431640625,1,P1_CV0,2,0,2,2,0
2,44.137204,-122.472929,ID2_F2_m2f2_P2_Y9_UO4810,ID2_F2_m2f2_P2_Y5_UO4913,ID2_F2_m2f2_P2_Y8_UO3381,FXX,1,0.0,1,0,1.0,0,0,0,-9999.0,0.2431640625,1,P1_CV0,2,0,2,2,0
2,44.137204,-122.472929,ID2_F2_m2f2_P2_Y9_UO4827,ID2_F2_m2f2_P2_Y7_UO701,ID2_F2_m2f2_P2_Y8_UO317,FXX,1,0.0,1,0,1.0,0,0,0,-9999.0,0.23828125,1,P1_CV0,2,0,2,0,2
2,44.137204,-122.472929,ID2_F2_m2f2_P2_Y9_UO4829,ID2_F2_m2f2_P2_Y7_UO701,ID2_F2_m2f2_P2_Y8_UO317,MXY,1,0.0,1,0,0.0,0,0,0,-9999.0,0.23828125,1,P1_CV0,2,0,2,0,2
2,44.137204,-122.472929,ID2_F2_m2f2_P2_Y9_UO4831,ID2_F2_m2f2_P2_Y7_UO701,ID2_F2_m2f2_P2_Y8_UO317,FXX,1,0.0,1,0,1.0,0,0,0,-9999.0,0.23828125,1,P1_CV0,2,0,2,1,1
2,44.137204,-122.472929,ID2_F2_m2f2_P2_Y9_UO4832,ID2_F2_m2f2_P2_Y7_UO701,ID2_F2_m2f2_P2_Y8_UO317,FXX,1,0.0,1,0,1.0,0,0,0,-9999.0,0.23828125,1,P1_CV0,2,0,2,1,1
2,44.137204,-122.472929,ID2_F2_m2f2_P2_Y9_UO4833,ID2_F2_m2f2_P2_Y7_UO701,ID2_F2_m2f2_P2_Y8_UO317,FXX,1,0.0,1,0,1.0,0,0,0,-9999.0,0.23828125,1,P1_CV0,2,0,2,1,1
2,44.137204,-122.472929,ID2_F2_m2f2_P2_Y9_UO4897,ID2_F2_m2f2_P2_Y7_UO4980,ID2_F2_m2f2_P2_Y6_UO3656,FXX,1,0.0,1,0,1.0,0,0,0,-9999.0,0.291015625,1,P1_CV0,2,0,2,1,1
2,44.137204,-122.472929,ID2_F2_m2f2_P2_Y9_UO4898,ID2_F2_m2f2_P2_Y7_UO4980,ID2_F2_m2f2_P2_Y6_UO3656,FXX,1,0.0,1,0,1.0,0,0,0,-9999.0,0.291015625,1,P1_CV0,2,0,2,1,1
2,44.137204,-122.472929,ID2_F2_m2f2_P2_Y9_UO4903,ID2_F2_m2f2_P2_Y7_UO2327,ID2_F2_m2f2_P2_Y6_UO6690,MXY,1,0.0,1,0,0.0,0,0,0,-9999.0,0.26953125,1,P1_CV0,2,0,2,0,2
2,44.137204,-122.472929,ID2_F2_m2f2_P2_Y9_UO4906,ID2_F2_m2f2_P2_Y7_UO2327,ID2_F2_m2f2_P2_Y6_UO6690,MXY,1,0.0,1,0,0.0,0,0,0,-9999.0,0.26953125,1,P1_CV0,2,0,2,1,1
2,44.137204,-122.472929,ID2_F2_m2f2_P2_Y9_UO4907,ID2_F2_m2f2_P2_Y7_UO2327,ID2_F2_m2f2_P2_Y6_UO6690,FXX,1,0.0,1,0,1.0,0,0,0,-9999.0,0.26953125,1,P1_CV0,2,0,2,0,2
2,44.137204,-122.472929,ID2_F2_m2f2_P2_Y9_UO4908,ID2_F2_m2f2_P2_Y7_UO2327,ID2_F2_m2f2_P2_Y6_UO6690,FXX,1,0.0,1,0,1.0,0,0,0,-9999.0,0.26953125,1,P1_CV0,2,0,2,2,0
2,44.137204,-122.472929,ID2_F2_m2f2_P2_Y9_UO4909,ID2_F2_m2f2_P2_Y7_UO2327,ID2_F2_m2f2_P2_Y6_UO6690,FXX,1,0.0,1,0,1.0,0,0,0,-9999.0,0.26953125,1,P1_CV0,2,0,2,1,1
2,44.137204,-122.472929,ID2_F2_m2f2_P2_Y9_UO5164,ID2_F2_m2f2_P2_Y5_UO2015,ID2_F2_m2f2_P2_Y5_UO1724,FXX,1,0.0,1,0,1.0,0,0,0,-9999.0,0.265625,1,P1_CV0,2,0,2,2,0
2,44.137204,-122.472929,ID2_F2_m2f2_P2_Y9_UO5165,ID2_F2_m2f2_P2_Y5_UO2015,ID2_F2_m2f2_P2_Y5_UO1724,FXX,1,0.0,1,0,1.0,0,0,0,-9999.0,0.265625,1,P1_CV0,2,0,2,2,0
2,44.137204,-122.472929,ID2_F2_m2f2_P2_Y9_UO5321,ID2_F2_m2f2_P2_Y7_UO701,ID2_F2_m2f2_P2_Y8_UO1429,MXY,1,0.0,1,0,0.0,0,0,0,-9999.0,0.283203125,1,P1_CV0,2,0,2,2,0
2,44.137204,-122.472929,ID2_F2_m2f2_P2_Y9_UO5322,ID2_F2_m2f2_P2_Y7_UO701,ID2_F2_m2f2_P2_Y8_UO1429,MXY,1,0.0,1,0,0.0,0,0,0,-9999.0,0.283203125,1,P1_CV0,2,0,2,1,1
2,44.137204,-122.472929,ID2_F2_m2f2_P2_Y9_UO5324,ID2_F2_m2f2_P2_Y7_UO701,ID2_F2_m2f2_P2_Y8_UO1429,MXY,1,0.0,1,0,0.0,0,0,0,-9999.0,0.283203125,1,P1_CV0,2,0,2,1,1
2,44.137204,-122.472929,ID2_F2_m2f2_P2_Y9_UO5835,ID2_F2_m2f2_P2_Y7_UO5456,ID2_F2_m2f2_P2_Y8_UO3381,FXX,1,0.0,1,0,1.0,0,0,0,-9999.0,0.2216796875,1,P1_CV0,2,0,2,1,1
2,44.137204,-122.472929,ID2_F2_m2f2_P2_Y9_UO5836,ID2_F2_m2f2_P2_Y7_UO5456,ID2_F2_m2f2_P2_Y8_UO3381,FXX,1,0.0,1,0,1.0,0,0,0,-9999.0,0.2216796875,1,P1_CV0,2,0,2,1,1
2,44.137204,-122.472929,ID2_F2_m2f2_P2_Y9_UO5838,ID2_F2_m2f2_P2_Y7_UO5456,ID2_F2_m2f2_P2_Y8_UO3381,MXY,1,0.0,1,0,0.0,0,0,0,-9999.0,0.2216796875,1,P1_CV0,2,0,2,1,1
2,44.137204,-122.472929,ID2_F2_m2f2_P2_Y9_UO5839,ID2_F2_m2f2_P2_Y7_UO5456,ID2_F2_m2f2_P2_Y8_UO3381,MXY,1,0.0,1,0,0.0,0,0,0,-9999.0,0.2216796875,1,P1_CV0,2,0,2,2,0
2,44.137204,-122.472929,ID2_F2_m2f2_P2_Y9_UO5841,ID2_F2_m2f2_P2_Y7_UO5456,ID2_F2_m2f2_P2_Y8_UO3381,FXX,1,0.0,1,0,1.0,0,0,0,-9999.0,0.2216796875,1,P1_CV0,2,0,2,1,1
2,44.137204,-122.472929,ID2_F2_m2f2_P2_Y9_UO5842,ID2_F2_m2f2_P2_Y7_UO5456,ID2_F2_m2f2_P2_Y8_UO3381,MXY,1,0.0,1,0,0.0,0,0,0,-9999.0,0.2216796875,1,P1_CV0,2,0,2,1,1
2,44.137204,-122.472929,ID2_F2_m2f2_P2_Y9_UO5843,ID2_F2_m2f2_P2_Y7_UO5456,ID2_F2_m2f2_P2_Y8_UO3381,FXX,1,0.0,1,0,1.0,0,0,0,-9999.0,0.2216796875,1,P1_CV0,2,0,2,2,0
2,44.137204,-122.472929,ID2_F2_m2f2_P2_Y9_UO5844,ID2_F2_m2f2_P2_Y7_UO5456,ID2_F2_m2f2_P2_Y8_UO3381,FXX,1,0.0,1,0,1.0,0,0,0,-9999.0,0.2216796875,1,P1_CV0,2,0,2,1,1
2,44.137204,-122.472929,ID2_F2_m2f2_P2_Y9_UO5845,ID2_F2_m2f2_P2_Y7_UO5456,ID2_F2_m2f2_P2_Y8_UO3381,MXY,1,0.0,1,0,0.0,0,0,0,-9999.0,0.2216796875,1,P1_CV0,2,0,2,2,0
2,44.137204,-122.472929,ID2_F2_m2f2_P2_Y9_UO5846,ID2_F2_m2f2_P2_Y7_UO5456,ID2_F2_m2f2_P2_Y8_UO3381,MXY,1,0.0,1,0,0.0,0,0,0,-9999.0,0.2216796875,1,P1_CV0,2,0,2,2,0
2,44.137204,-122.472929,ID2_F2_m2f2_P2_Y9_UO5847,ID2_F2_m2f2_P2_Y7_UO5456,ID2_F2_m2f2_P2_Y8_UO3381,FXX,1,0.0,1,0,1.0,0,0,0,-9999.0,0.2216796875,1,P1_CV0,2,0,2,1,1
2,44.137204,-122.472929,ID2_F2_m2f2_P2_Y9_UO6082,ID2_F2_m2f2_P2_Y5_UO2015,ID2_F2_m2f2_P2_Y8_UO5962,FXX,1,0.0,1,0,1.0,0,0,0,-9999.0,0.22265625,1,P1_CV0,2,0,2,0,2
2,44.137204,-122.472929,ID2_F2_m2f2_P2_Y9_UO6084,ID2_F2_m2f2_P2_Y5_UO2015,ID2_F2_m2f2_P2_Y8_UO5962,MXY,1,0.0,1,0,0.0,0,0,0,-9999.0,0.22265625,1,P1_CV0,2,0,2,1,1
2,44.137204,-122.472929,ID2_F2_m2f2_P2_Y9_UO6105,ID2_F2_m2f2_P2_Y7_UO1155,ID2_F2_m2f2_P2_Y8_UO7508,FXX,1,0.0,1,0,1.0,0,0,0,-9999.0,0.25,1,P1_CV0,2,0,2,1,1
2,44.137204,-122.472929,ID2_F2_m2f2_P2_Y9_UO6107,ID2_F2_m2f2_P2_Y7_UO1155,ID2_F2_m2f2_P2_Y8_UO7508,FXX,1,0.0,1,0,1.0,0,0,0,-9999.0,0.25,1,P1_CV0,2,0,2,1,1
2,44.137204,-122.472929,ID2_F2_m2f2_P2_Y9_UO6108,ID2_F2_m2f2_P2_Y7_UO1155,ID2_F2_m2f2_P2_Y8_UO7508,FXX,1,0.0,1,0,1.0,0,0,0,-9999.0,0.25,1,P1_CV0,2,0,2,1,1
2,44.137204,-122.472929,ID2_F2_m2f2_P2_Y9_UO6109,ID2_F2_m2f2_P2_Y7_UO1155,ID2_F2_m2f2_P2_Y8_UO7508,FXX,1,0.0,1,0,1.0,0,0,0,-9999.0,0.25,1,P1_CV0,2,0,2,0,2
2,44.137204,-122.472929,ID2_F2_m2f2_P2_Y9_UO6110,ID2_F2_m2f2_P2_Y7_UO1155,ID2_F2_m2f2_P2_Y8_UO7508,MXY,1,0.0,1,0,0.0,0,0,0,-9999.0,0.25,1,P1_CV0,2,0,2,2,0
2,44.137204,-122.472929,ID2_F2_m2f2_P2_Y9_UO6111,ID2_F2_m2f2_P2_Y7_UO1155,ID2_F2_m2f2_P2_Y8_UO7508,MXY,1,0.0,1,0,0.0,0,0,0,-9999.0,0.25,1,P1_CV0,2,0,2,1,1
2,44.137204,-122.472929,ID2_F2_m2f2_P2_Y9_UO6112,ID2_F2_m2f2_P2_Y7_UO1155,ID2_F2_m2f2_P2_Y8_UO7508,FXX,1,0.0,1,0,1.0,0,0,0,-9999.0,0.25,1,P1_CV0,2,0,2,1,1
2,44.137204,-122.472929,ID2_F2_m2f2_P2_Y9_UO6113,ID2_F2_m2f2_P2_Y7_UO1155,ID2_F2_m2f2_P2_Y8_UO7508,FXX,1,0.0,1,0,1.0,0,0,0,-9999.0,0.25,1,P1_CV0,2,0,2,1,1
2,44.137204,-122.472929,ID2_F2_m2f2_P2_Y9_UO6117,ID2_F2_m2f2_P2_Y7_UO1155,ID2_F2_m2f2_P2_Y8_UO7508,FXX,1,0.0,1,0,1.0,0,0,0,-9999.0,0.25,1,P1_CV0,2,0,2,2,0
2,44.137204,-122.472929,ID2_F2_m2f2_P2_Y9_UO6120,ID2_F2_m2f2_P2_Y6_UO7192,ID2_F2_m2f2_P2_Y8_UO1717,FXX,1,0.0,1,0,1.0,0,0,0,-9999.0,0.24609375,1,P1_CV0,2,0,2,0,2
2,44.137204,-122.472929,ID2_F2_m2f2_P2_Y9_UO6121,ID2_F2_m2f2_P2_Y6_UO7192,ID2_F2_m2f2_P2_Y8_UO1717,MXY,1,0.0,1,0,0.0,0,0,0,-9999.0,0.24609375,1,P1_CV0,2,0,2,0,2
2,44.137204,-122.472929,ID2_F2_m2f2_P2_Y9_UO6122,ID2_F2_m2f2_P2_Y6_UO7192,ID2_F2_m2f2_P2_Y8_UO1717,FXX,1,0.0,1,0,1.0,0,0,0,-9999.0,0.24609375,1,P1_CV0,2,0,2,0,2
2,44.137204,-122.472929,ID2_F2_m2f2_P2_Y9_UO6123,ID2_F2_m2f2_P2_Y6_UO7192,ID2_F2_m2f2_P2_Y8_UO1717,MXY,1,0.0,1,0,0.0,0,0,0,-9999.0,0.24609375,1,P1_CV0,2,0,2,0,2
2,44.137204,-122.472929,ID2_F2_m2f2_P2_Y9_UO6124,ID2_F2_m2f2_P2_Y6_UO7192,ID2_F2_m2f2_P2_Y8_UO1717,FXX,1,0.0,1,0,1.0,0,0,0,-9999.0,0.24609375,1,P1_CV0,2,0,2,0,2
2,44.137204,-122.472929,ID2_F2_m2f2_P2_Y9_UO6125,ID2_F2_m2f2_P2_Y6_UO7192,ID2_F2_m2f2_P2_Y8_UO1717,MXY,1,0.0,1,0,0.0,0,0,0,-9999.0,0.24609375,1,P1_CV0,2,0,2,0,2
2,44.137204,-122.472929,ID2_F2_m2f2_P2_Y9_UO6126,ID2_F2_m2f2_P2_Y6_UO7192,ID2_F2_m2f2_P2_Y8_UO1717,FXX,1,0.0,1,0,1.0,0,0,0,-9999.0,0.24609375,1,P1_CV0,2,0,2,0,2
2,44.137204,-122.472929,ID2_F2_m2f2_P2_Y9_UO6127,ID2_F2_m2f2_P2_Y6_UO7192,ID2_F2_m2f2_P2_Y8_UO1717,FXX,1,0.0,1,0,1.0,0,0,0,-9999.0,0.24609375,1,P1_CV0,2,0,2,0,2
2,44.137204,-122.472929,ID2_F2_m2f2_P2_Y9_UO6128,ID2_F2_m2f2_P2_Y6_UO7192,ID2_F2_m2f2_P2_Y8_UO1717,FXX,1,0.0,1,0,1.0,0,0,0,-9999.0,0.24609375,1,P1_CV0,2,0,2,0,2
2,44.137204,-122.472929,ID2_F2_m2f2_P2_Y8_UO4507,ID2_F2_m2f2_P2_Y6_UO3373,ID2_F2_m2f2_P2_Y7_UO4176,MXY,2,0.0,1,0,0.0,0,0,0,-9999.0,0.26171875,1,P1_CV0,2,0,2,0,2
2,44.137204,-122.472929,ID2_F2_m2f2_P2_Y8_UO5436,ID2_F2_m2f2_P2_Y6_UO2682,ID2_F2_m2f2_P2_Y6_UO6906,MXY,2,0.0,1,0,0.0,0,0,0,-9999.0,0.234375,1,P1_CV0,2,0,2,1,1
2,44.137204,-122.472929,ID2_F2_m2f2_P2_Y8_UO7501,ID2_F2_m2f2_P2_Y6_UO6993,ID2_F2_m2f2_P2_Y3_UO1170,MXY,2,0.0,1,0,0.0,0,0,0,-9999.0,0.3125,1,P1_CV0,2,0,2,0,2
2,44.137204,-122.472929,ID2_F2_m2f2_P2_Y8_UO1711,ID2_F2_m2f2_P2_Y6_UO3995,ID2_F2_m2f2_P2_Y7_UO1095,FXX,2,0.0,1,0,1.0,0,0,0,-9999.0,0.2421875,1,P1_CV0,2,0,2,0,2
2,44.137204,-122.472929,ID2_F2_m2f2_P2_Y8_UO2318,ID2_F2_m2f2_P2_Y6_UO4213,ID2_F2_m2f2_P2_Y7_UO5460,FXX,2,0.0,1,0,1.0,0,0,0,-9999.0,0.279296875,1,P1_CV0,2,0,2,2,0
2,44.137204,-122.472929,ID2_F2_m2f2_P2_Y8_UO4472,ID2_F2_m2f2_P2_Y5_UO3614,ID2_F2_m2f2_P2_Y4_UO4937,MXY,2,0.0,1,0,0.0,0,0,0,-9999.0,0.25,1,P1_CV0,2,0,2,1,1
2,44.137204,-122.472929,ID2_F2_m2f2_P2_Y8_UO2046,ID2_F2_m2f2_P2_Y6_UO737,ID2_F2_m2f2_P2_Y7_UO1143,MXY,2,0.0,1,0,0.0,0,0,0,-9999.0,0.2421875,1,P1_CV0,2,0,2,1,1
2,44.137204,-122.472929,ID2_F2_m2f2_P2_Y8_UO3400,ID2_F2_m2f2_P2_Y6_UO18,ID2_F2_m2f2_P2_Y7_UO3709,MXY,2,0.0,1,0,0.0,0,0,0,-9999.0,0.255859375,1,P1_CV0,2,0,2,1,1
2,44.137204,-122.472929,ID2_F2_m2f2_P2_Y8_UO762,ID2_F2_m2f2_P2_Y6_UO732,ID2_F2_m2f2_P2_Y7_UO2093,FXX,2,0.0,1,0,1.0,0,0,0,-9999.0,0.27734375,1,P1_CV0,2,0,2,1,1
2,44.137204,-122.472929,ID2_F2_m2f2_P2_Y8_UO4525,ID2_F2_m2f2_P2_Y5_UO4315,ID2_F2_m2f2_P2_Y6_UO246,FXX,2,0.0,1,0,1.0,0,0,0,-9999.0,0.23046875,1,P1_CV0,2,0,2,0,2
2,44.137204,-122.472929,ID2_F2_m2f2_P2_Y8_UO1436,ID2_F2_m2f2_P2_Y6_UO3553,ID2_F2_m2f2_P2_Y6_UO7149,MXY,2,0.0,1,0,0.0,0,0,0,-9999.0,0.32421875,1,P1_CV0,2,0,2,2,0
2,44.137204,-122.472929,ID2_F2_m2f2_P2_Y8_UO6614,ID2_F2_m2f2_P2_Y4_UO5657,ID2_F2_m2f2_P2_Y6_UO733,FXX,2,0.0,1,0,1.0,0,0,0,-9999.0,0.2421875,1,P1_CV0,2,0,2,0,2
2,44.137204,-122.472929,ID2_F2_m2f2_P2_Y8_UO468,ID2_F2_m2f2_P2_Y6_UO3374,ID2_F2_m2f2_P2_Y7_UO3554,FXX,2,0.0,1,0,1.0,0,0,0,-9999.0,0.2421875,1,P1_CV0,2,0,2,0,2
2,44.137204,-122.472929,ID2_F2_m2f2_P2_Y8_UO5313,ID2_F2_m2f2_P2_Y6_UO6687,ID2_F2_m2f2_P2_Y7_UO2089,FXX,2,0.0,1,0,1.0,0,0,0,-9999.0,0.25390625,1,P1_CV0,2,0,2,1,1
2,44.137204,-122.472929,ID2_F2_m2f2_P2_Y8_UO3980,ID2_F2_m2f2_P2_Y6_UO6133,ID2_F2_m2f2_P2_Y7_UO3554,FXX,2,0.0,1,0,1.0,0,0,0,-9999.0,0.2421875,1,P1_CV0,2,0,2,0,2
2,44.137204,-122.472929,ID2_F2_m2f2_P2_Y8_UO7135,ID2_F2_m2f2_P2_Y6_UO3176,ID2_F2_m2f2_P2_Y7_UO2088,FXX,2,0.0,1,0,1.0,0,0,0,-9999.0,0.27734375,1,P1_CV0,2,0,2,2,0
2,44.137204,-122.472929,ID2_F2_m2f2_P2_Y8_UO5412,ID2_F2_m2f2_P2_Y5_UO5534,ID2_F2_m2f2_P2_Y6_UO3656,MXY,2,0.0,1,0,0.0,0,0,0,-9999.0,0.224609375,1,P1_CV0,2,0,2,0,2
2,44.137204,-122.472929,ID2_F2_m2f2_P2_Y8_UO6164,ID2_F2_m2f2_P2_Y6_UO3994,ID2_F2_m2f2_P2_Y6_UO1332,MXY,2,0.0,1,0,0.0,0,0,0,-9999.0,0.2578125,1,P1_CV0,2,0,2,1,1
2,44.137204,-122.472929,ID2_F2_m2f2_P2_Y8_UO1561,ID2_F2_m2f2_P2_Y4_UO348,ID2_F2_m2f2_P2_Y6_UO6674,MXY,2,0.0,1,0,0.0,0,0,0,-9999.0,0.2578125,1,P1_CV0,2,0,2,2,0
2,44.137204,-122.472929,ID2_F2_m2f2_P2_Y8_UO4637,ID2_F2_m2f2_P2_Y6_UO4190,ID2_F2_m2f2_P2_Y6_UO4596,MXY,2,0.0,1,0,0.0,0,0,0,-9999.0,0.296875,1,P1_CV0,2,0,2,2,0
2,44.137204,-122.472929,ID2_F2_m2f2_P2_Y8_UO4841,ID2_F2_m2f2_P2_Y5_UO2015,ID2_F2_m2f2_P2_Y7_UO5023,FXX,2,0.0,1,0,1.0,0,0,0,-9999.0,0.2734375,1,P1_CV0,2,0,2,1,1
2,44.137204,-122.472929,ID2_F2_m2f2_P2_Y8_UO2045,ID2_F2_m2f2_P2_Y6_UO737,ID2_F2_m2f2_P2_Y7_UO1143,FXX,2,0.0,1,0,1.0,0,0,0,-9999.0,0.2421875,1,P1_CV0,2,0,2,0,2
2,44.137204,-122.472929,ID2_F2_m2f2_P2_Y8_UO5109,ID2_F2_m2f2_P2_Y6_UO6942,ID2_F2_m2f2_P2_Y7_UO3468,FXX,2,0.0,1,0,1.0,0,0,0,-9999.0,0.27734375,1,P1_CV0,2,0,2,2,0
2,44.137204,-122.472929,ID2_F2_m2f2_P2_Y8_UO2320,ID2_F2_m2f2_P2_Y6_UO4213,ID2_F2_m2f2_P2_Y7_UO5460,FXX,2,0.0,1,0,1.0,0,0,0,-9999.0,0.279296875,1,P1_CV0,2,0,2,1,1
2,44.137204,-122.472929,ID2_F2_m2f2_P2_Y8_UO7130,ID2_F2_m2f2_P2_Y6_UO3176,ID2_F2_m2f2_P2_Y7_UO2088,FXX,2,0.0,1,0,1.0,0,0,0,-9999.0,0.27734375,1,P1_CV0,2,0,2,2,0
2,44.137204,-122.472929,ID2_F2_m2f2_P2_Y8_UO3380,ID2_F2_m2f2_P2_Y6_UO2969,ID2_F2_m2f2_P2_Y7_UO14,MXY,2,0.0,1,0,0.0,0,0,0,-9999.0,0.205078125,1,P1_CV0,2,0,2,1,1
2,44.137204,-122.472929,ID2_F2_m2f2_P2_Y8_UO285,ID2_F2_m2f2_P2_Y6_UO3551,ID2_F2_m2f2_P2_Y4_UO4103,MXY,2,0.0,1,0,0.0,0,0,0,-9999.0,0.34765625,1,P1_CV0,2,0,2,0,2
2,44.137204,-122.472929,ID2_F2_m2f2_P2_Y8_UO3485,ID2_F2_m2f2_P2_Y5_UO1719,ID2_F2_m2f2_P2_Y5_UO901,FXX,2,0.0,1,0,1.0,0,0,0,-9999.0,0.3046875,1,P1_CV0,2,0,2,1,1
2,44.137204,-122.472929,ID2_F2_m2f2_P2_Y8_UO4075,ID2_F2_m2f2_P2_Y6_UO53,ID2_F2_m2f2_P2_Y7_UO3391,FXX,2,0.0,1,0,1.0,0,0,0,-9999.0,0.18359375,1,P1_CV0,2,0,2,1,1
2,44.137204,-122.472929,ID2_F2_m2f2_P2_Y8_UO2523,ID2_F2_m2f2_P2_Y6_UO3102,ID2_F2_m2f2_P2_Y4_UO6823,FXX,2,0.0,1,0,1.0,0,0,0,-9999.0,0.21875,1,P1_CV0,2,0,2,0,2
2,44.137204,-122.472929,ID2_F2_m2f2_P2_Y8_UO3402,ID2_F2_m2f2_P2_Y6_UO18,ID2_F2_m2f2_P2_Y7_UO3709,MXY,2,0.0,1,0,0.0,0,0,0,-9999.0,0.255859375,1,P1_CV0,2,0,2,2,0
2,44.137204,-122.472929,ID2_F2_m2f2_P2_Y8_UO7125,ID2_F2_m2f2_P2_Y6_UO5455,ID2_F2_m2f2_P2_Y6_UO246,FXX,2,0.0,1,0,1.0,0,0,0,-9999.0,0.2421875,1,P1_CV0,2,0,2,0,2
2,44.137204,-122.472929,ID2_F2_m2f2_P2_Y8_UO1799,ID2_F2_m2f2_P2_Y6_UO3988,ID2_F2_m2f2_P2_Y6_UO6675,MXY,2,0.0,1,0,0.0,0,0,0,-9999.0,0.21875,1,P1_CV0,2,0,2,1,1
2,44.137204,-122.472929,ID2_F2_m2f2_P2_Y8_UO1005,ID2_F2_m2f2_P2_Y5_UO4883,ID2_F2_m2f2_P2_Y7_UO4720,MXY,2,0.0,1,0,0.0,0,0,0,-9999.0,0.32421875,1,P1_CV0,2,0,2,1,1
2,44.137204,-122.472929,ID2_F2_m2f2_P2_Y8_UO1716,ID2_F2_m2f2_P2_Y6_UO3995,ID2_F2_m2f2_P2_Y7_UO1095,FXX,2,0.0,1,0,1.0,0,0,0,-9999.0,0.2421875,1,P1_CV0,2,0,2,0,2
2,44.137204,-122.472929,ID2_F2_m2f2_P2_Y8_UO4634,ID2_F2_m2f2_P2_Y6_UO4190,ID2_F2_m2f2_P2_Y6_UO4596,MXY,2,0.0,1,0,0.0,0,0,0,-9999.0,0.296875,1,P1_CV0,2,0,2,1,1
2,44.137204,-122.472929,ID2_F2_m2f2_P2_Y8_UO2042,ID2_F2_m2f2_P2_Y6_UO737,ID2_F2_m2f2_P2_Y7_UO1143,MXY,2,0.0,1,0,0.0,0,0,0,-9999.0,0.2421875,1,P1_CV0,2,0,2,1,1
2,44.137204,-122.472929,ID2_F2_m2f2_P2_Y8_UO7127,ID2_F2_m2f2_P2_Y6_UO5455,ID2_F2_m2f2_P2_Y6_UO246,FXX,2,0.0,1,0,1.0,0,0,0,-9999.0,0.2421875,1,P1_CV0,2,0,2,1,1
2,44.137204,-122.472929,ID2_F2_m2f2_P2_Y8_UO3381,ID2_F2_m2f2_P2_Y6_UO2969,ID2_F2_m2f2_P2_Y7_UO14,MXY,2,0.0,1,0,0.0,0,0,0,-9999.0,0.205078125,1,P1_CV0,2,0,2,1,1
2,44.137204,-122.472929,ID2_F2_m2f2_P2_Y8_UO5181,ID2_F2_m2f2_P2_Y6_UO7141,ID2_F2_m2f2_P2_Y6_UO6672,MXY,2,0.0,1,0,0.0,0,0,0,-9999.0,0.25,1,P1_CV0,2,0,2,1,1
2,44.137204,-122.472929,ID2_F2_m2f2_P2_Y8_UO5060,ID2_F2_m2f2_P2_Y6_UO6902,ID2_F2_m2f2_P2_Y7_UO5461,MXY,2,0.0,1,0,0.0,0,0,0,-9999.0,0.244140625,1,P1_CV0,2,0,2,0,2
2,44.137204,-122.472929,ID2_F2_m2f2_P2_Y8_UO4405,ID2_F2_m2f2_P2_Y6_UO4688,ID2_F2_m2f2_P2_Y7_UO2949,MXY,2,0.0,1,0,0.0,0,0,0,-9999.0,0.2265625,1,P1_CV0,2,0,2,2,0
2,44.137204,-122.472929,ID2_F2_m2f2_P2_Y8_UO2531,ID2_F2_m2f2_P2_Y6_UO3102,ID2_F2_m2f2_P2_Y4_UO6823,MXY,2,0.0,1,0,0.0,0,0,0,-9999.0,0.21875,1,P1_CV0,2,0,2,0,2
2,44.137204,-122.472929,ID2_F2_m2f2_P2_Y8_UO1006,ID2_F2_m2f2_P2_Y5_UO4883,ID2_F2_m2f2_P2_Y7_UO4720,MXY,2,0.0,1,0,0.0,0,0,0,-9999.0,0.32421875,1,P1_CV0,2,0,2,2,0
2,44.137204,-122.472929,ID2_F2_m2f2_P2_Y8_UO2323,ID2_F2_m2f2_P2_Y6_UO4213,ID2_F2_m2f2_P2_Y7_UO5460,MXY,2,0.0,1,0,0.0,0,0,0,-9999.0,0.279296875,1,P1_CV0,2,0,2,1,1
2,44.137204,-122.472929,ID2_F2_m2f2_P2_Y8_UO1794,ID2_F2_m2f2_P2_Y6_UO3988,ID2_F2_m2f2_P2_Y6_UO6675,FXX,2,0.0,1,0,1.0,0,0,0,-9999.0,0.21875,1,P1_CV0,2,0,2,1,1
2,44.137204,-122.472929,ID2_F2_m2f2_P2_Y8_UO4528,ID2_F2_m2f2_P2_Y5_UO4315,ID2_F2_m2f2_P2_Y6_UO246,FXX,2,0.0,1,0,1.0,0,0,0,-9999.0,0.23046875,1,P1_CV0,2,0,2,1,1
2,44.137204,-122.472929,ID2_F2_m2f2_P2_Y8_UO3483,ID2_F2_m2f2_P2_Y5_UO1719,ID2_F2_m2f2_P2_Y5_UO901,MXY,2,0.0,1,0,0.0,0,0,0,-9999.0,0.3046875,1,P1_CV0,2,0,2,0,2
2,44.137204,-122.472929,ID2_F2_m2f2_P2_Y8_UO3514,ID2_F2_m2f2_P2_Y6_UO2427,ID2_F2_m2f2_P2_Y7_UO2211,MXY,2,0.0,1,0,0.0,0,0,0,-9999.0,0.28515625,1,P1_CV0,2,0,2,1,1
2,44.137204,-122.472929,ID2_F2_m2f2_P2_Y8_UO7120,ID2_F2_m2f2_P2_Y6_UO5455,ID2_F2_m2f2_P2_Y6_UO246,FXX,2,0.0,1,0,1.0,0,0,0,-9999.0,0.2421875,1,P1_CV0,2,0,2,0,2
2,44.137204,-122.472929,ID2_F2_m2f2_P2_Y8_UO4406,ID2_F2_m2f2_P2_Y6_UO4688,ID2_F2_m2f2_P2_Y7_UO2949,MXY,2,0.0,1,0,0.0,0,0,0,-9999.0,0.2265625,1,P1_CV0,2,0,2,2,0
2,44.137204,-122.472929,ID2_F2_m2f2_P2_Y8_UO3516,ID2_F2_m2f2_P2_Y6_UO2427,ID2_F2_m2f2_P2_Y7_UO2211,FXX,2,0.0,1,0,1.0,0,0,0,-9999.0,0.28515625,1,P1_CV0,2,0,2,0,2
2,44.137204,-122.472929,ID2_F2_m2f2_P2_Y8_UO7128,ID2_F2_m2f2_P2_Y6_UO5455,ID2_F2_m2f2_P2_Y6_UO246,FXX,2,0.0,1,0,1.0,0,0,0,-9999.0,0.2421875,1,P1_CV0,2,0,2,0,2
2,44.137204,-122.472929,ID2_F2_m2f2_P2_Y8_UO7502,ID2_F2_m2f2_P2_Y6_UO6993,ID2_F2_m2f2_P2_Y3_UO1170,FXX,2,0.0,1,0,1.0,0,0,0,-9999.0,0.3125,1,P1_CV0,2,0,2,1,1
2,44.137204,-122.472929,ID2_F2_m2f2_P2_Y8_UO3012,ID2_F2_m2f2_P2_Y6_UO6711,ID2_F2_m2f2_P2_Y6_UO1179,MXY,2,0.0,1,0,0.0,0,0,0,-9999.0,0.20703125,1,P1_CV0,2,0,2,1,1
2,44.137204,-122.472929,ID2_F2_m2f2_P2_Y8_UO1432,ID2_F2_m2f2_P2_Y6_UO3553,ID2_F2_m2f2_P2_Y6_UO7149,FXX,2,0.0,1,0,1.0,0,0,0,-9999.0,0.32421875,1,P1_CV0,2,0,2,0,2
2,44.137204,-122.472929,ID2_F2_m2f2_P2_Y8_UO1717,ID2_F2_m2f2_P2_Y6_UO3995,ID2_F2_m2f2_P2_Y7_UO1095,MXY,2,0.0,1,0,0.0,0,0,0,-9999.0,0.2421875,1,P1_CV0,2,0,2,0,2
2,44.137204,-122.472929,ID2_F2_m2f2_P2_Y8_UO3379,ID2_F2_m2f2_P2_Y6_UO2969,ID2_F2_m2f2_P2_Y7_UO14,FXX,2,0.0,1,0,1.0,0,0,0,-9999.0,0.205078125,1,P1_CV0,2,0,2,0,2
2,44.137204,-122.472929,ID2_F2_m2f2_P2_Y8_UO7503,ID2_F2_m2f2_P2_Y6_UO6993,ID2_F2_m2f2_P2_Y3_UO1170,FXX,2,0.0,1,0,1.0,0,0,0,-9999.0,0.3125,1,P1_CV0,2,0,2,0,2
2,44.137204,-122.472929,ID2_F2_m2f2_P2_Y8_UO2040,ID2_F2_m2f2_P2_Y6_UO737,ID2_F2_m2f2_P2_Y7_UO1143,MXY,2,0.0,1,0,0.0,0,0,0,-9999.0,0.2421875,1,P1_CV0,2,0,2,1,1
2,44.137204,-122.472929,ID2_F2_m2f2_P2_Y8_UO4474,ID2_F2_m2f2_P2_Y5_UO3614,ID2_F2_m2f2_P2_Y4_UO4937,FXX,2,0.0,1,0,1.0,0,0,0,-9999.0,0.25,1,P1_CV0,2,0,2,2,0
2,44.137204,-122.472929,ID2_F2_m2f2_P2_Y8_UO3918,ID2_F2_m2f2_P2_Y6_UO2215,ID2_F2_m2f2_P2_Y6_UO3175,MXY,2,0.0,1,0,0.0,0,0,0,-9999.0,0.3046875,1,P1_CV0,2,0,2,1,1
2,44.137204,-122.472929,ID2_F2_m2f2_P2_Y8_UO1382,ID2_F2_m2f2_P2_Y5_UO5229,ID2_F2_m2f2_P2_Y4_UO4389,MXY,2,0.0,1,0,0.0,0,0,0,-9999.0,0.171875,1,P1_CV0,2,0,2,1,1
2,44.137204,-122.472929,ID2_F2_m2f2_P2_Y8_UO4473,ID2_F2_m2f2_P2_Y5_UO3614,ID2_F2_m2f2_P2_Y4_UO4937,FXX,2,0.0,1,0,1.0,0,0,0,-9999.0,0.25,1,P1_CV0,2,0,2,1,1
2,44.137204,-122.472929,ID2_F2_m2f2_P2_Y8_UO7208,ID2_F2_m2f2_P2_Y6_UO2215,ID2_F2_m2f2_P2_Y7_UO2279,MXY,2,0.0,1,0,0.0,0,0,0,-9999.0,0.27734375,1,P1_CV0,2,0,2,0,2
2,44.137204,-122.472929,ID2_F2_m2f2_P2_Y8_UO1709,ID2_F2_m2f2_P2_Y6_UO3995,ID2_F2_m2f2_P2_Y7_UO1095,MXY,2,0.0,1,0,0.0,0,0,0,-9999.0,0.2421875,1,P1_CV0,2,0,2,0,2
2,44.137204,-122.472929,ID2_F2_m2f2_P2_Y8_UO469,ID2_F2_m2f2_P2_Y6_UO3374,ID2_F2_m2f2_P2_Y7_UO3554,FXX,2,0.0,1,0,1.0,0,0,0,-9999.0,0.2421875,1,P1_CV0,2,0,2,0,2
2,44.137204,-122.472929,ID2_F2_m2f2_P2_Y8_UO4505,ID2_F2_m2f2_P2_Y6_UO3373,ID2_F2_m2f2_P2_Y7_UO4176,FXX,2,0.0,1,0,1.0,0,0,0,-9999.0,0.26171875,1,P1_CV0,2,0,2,0,2
2,44.137204,-122.472929,ID2_F2_m2f2_P2_Y8_UO5320,ID2_F2_m2f2_P2_Y6_UO6687,ID2_F2_m2f2_P2_Y7_UO2089,MXY,2,0.0,1,0,0.0,0,0,0,-9999.0,0.25390625,1,P1_CV0,2,0,2,2,0
2,44.137204,-122.472929,ID2_F2_m2f2_P2_Y8_UO336,ID2_F2_m2f2_P2_Y5_UO5220,ID2_F2_m2f2_P2_Y7_UO3709,FXX,2,0.0,1,0,1.0,0,0,0,-9999.0,0.240234375,1,P1_CV0,2,0,2,2,0
2,44.137204,-122.472929,ID2_F2_m2f2_P2_Y8_UO334,ID2_F2_m2f2_P2_Y5_UO5220,ID2_F2_m2f2_P2_Y7_UO3709,FXX,2,0.0,1,0,1.0,0,0,0,-9999.0,0.240234375,1,P1_CV0,2,0,2,0,2
2,44.137204,-122.472929,ID2_F2_m2f2_P2_Y8_UO4008,ID2_F2_m2f2_P2_Y6_UO7217,ID2_F2_m2f2_P2_Y6_UO5827,MXY,2,0.0,1,0,0.0,0,0,0,-9999.0,0.25390625,1,P1_CV0,2,0,2,0,2
2,44.137204,-122.472929,ID2_F2_m2f2_P2_Y8_UO3517,ID2_F2_m2f2_P2_Y6_UO2427,ID2_F2_m2f2_P2_Y7_UO2211,MXY,2,0.0,1,0,0.0,0,0,0,-9999.0,0.28515625,1,P1_CV0,2,0,2,1,1
2,44.137204,-122.472929,ID2_F2_m2f2_P2_Y8_UO2282,ID2_F2_m2f2_P2_Y6_UO7217,ID2_F2_m2f2_P2_Y4_UO5418,FXX,2,0.0,1,0,1.0,0,0,0,-9999.0,0.234375,1,P1_CV0,2,0,2,0,2
2,44.137204,-122.472929,ID2_F2_m2f2_P2_Y8_UO4009,ID2_F2_m2f2_P2_Y6_UO7217,ID2_F2_m2f2_P2_Y6_UO5827,MXY,2,0.0,1,0,0.0,0,0,0,-9999.0,0.25390625,1,P1_CV0,2,0,2,1,1
2,44.137204,-122.472929,ID2_F2_m2f2_P2_Y8_UO7124,ID2_F2_m2f2_P2_Y6_UO5455,ID2_F2_m2f2_P2_Y6_UO246,FXX,2,0.0,1,0,1.0,0,0,0,-9999.0,0.2421875,1,P1_CV0,2,0,2,0,2
2,44.137204,-122.472929,ID2_F2_m2f2_P2_Y8_UO281,ID2_F2_m2f2_P2_Y6_UO3551,ID2_F2_m2f2_P2_Y4_UO4103,FXX,2,0.0,1,0,1.0,0,0,0,-9999.0,0.34765625,1,P1_CV0,2,0,2,1,1
2,44.137204,-122.472929,ID2_F2_m2f2_P2_Y8_UO7123,ID2_F2_m2f2_P2_Y6_UO5455,ID2_F2_m2f2_P2_Y6_UO246,MXY,2,0.0,1,0,0.0,0,0,0,-9999.0,0.2421875,1,P1_CV0,2,0,2,0,2
2,44.137204,-122.472929,ID2_F2_m2f2_P2_Y8_UO1429,ID2_F2_m2f2_P2_Y6_UO3553,ID2_F2_m2f2_P2_Y6_UO7149,MXY,2,0.0,1,0,0.0,0,0,0,-9999.0,0.32421875,1,P1_CV0,2,0,2,2,0
2,44.137204,-122.472929,ID2_F2_m2f2_P2_Y7_UO4175,ID2_F2_m2f2_P2_Y5_UO1909,ID2_F2_m2f2_P2_Y6_UO3998,FXX,3,0.0,1,0,1.0,0,0,0,-9999.0,0.2734375,1,P1_CV0,2,0,2,0,2
2,44.137204,-122.472929,ID2_F2_m2f2_P2_Y7_UO5462,ID2_F2_m2f2_P2_Y5_UO5229,ID2_F2_m2f2_P2_Y5_UO1237,FXX,3,0.0,1,0,1.0,0,0,0,-9999.0,0.23828125,1,P1_CV0,2,0,2,1,1
2,44.137204,-122.472929,ID2_F2_m2f2_P2_Y7_UO4303,ID2_F2_m2f2_P2_Y5_UO168,ID2_F2_m2f2_P2_Y4_UO5416,MXY,3,0.0,1,0,0.0,0,0,0,-9999.0,0.234375,1,P1_CV0,2,0,2,2,0
2,44.137204,-122.472929,ID2_F2_m2f2_P2_Y7_UO1088,ID2_F2_m2f2_P2_Y4_UO3163,ID2_F2_m2f2_P2_Y6_UO5352,MXY,3,0.0,1,0,0.0,0,0,0,-9999.0,0.21875,1,P1_CV0,2,0,2,0,2
2,44.137204,-122.472929,ID2_F2_m2f2_P2_Y7_UO1155,ID2_F2_m2f2_P2_Y5_UO2014,ID2_F2_m2f2_P2_Y6_UO469,FXX,3,0.0,1,0,1.0,0,0,0,-9999.0,0.1875,1,P1_CV0,2,0,2,1,1
2,44.137204,-122.472929,ID2_F2_m2f2_P2_Y7_UO3242,ID2_F2_m2f2_P2_Y5_UO165,ID2_F2_m2f2_P2_Y6_UO6764,MXY,3,0.0,1,0,0.0,0,0,0,-9999.0,0.296875,1,P1_CV0,2,0,2,1,1
2,44.137204,-122.472929,ID2_F2_m2f2_P2_Y7_UO3552,ID2_F2_m2f2_P2_Y5_UO2714,ID2_F2_m2f2_P2_Y5_UO1340,FXX,3,0.0,1,0,1.0,0,0,0,-9999.0,0.234375,1,P1_CV0,2,0,2,1,1
2,44.137204,-122.472929,ID2_F2_m2f2_P2_Y7_UO2296,ID2_F2_m2f2_P2_Y5_UO4318,ID2_F2_m2f2_P2_Y6_UO1116,MXY,3,0.0,1,0,0.0,0,0,0,-9999.0,0.2421875,1,P1_CV0,2,0,2,0,2
2,44.137204,-122.472929,ID2_F2_m2f2_P2_Y7_UO1147,ID2_F2_m2f2_P2_Y5_UO2014,ID2_F2_m2f2_P2_Y6_UO469,MXY,3,0.0,1,0,0.0,0,0,0,-9999.0,0.1875,1,P1_CV0,2,0,2,0,2
2,44.137204,-122.472929,ID2_F2_m2f2_P2_Y7_UO3240,ID2_F2_m2f2_P2_Y5_UO165,ID2_F2_m2f2_P2_Y6_UO6764,MXY,3,0.0,1,0,0.0,0,0,0,-9999.0,0.296875,1,P1_CV0,2,0,2,1,1
2,44.137204,-122.472929,ID2_F2_m2f2_P2_Y7_UO701,ID2_F2_m2f2_P2_Y5_UO5220,ID2_F2_m2f2_P2_Y6_UO1118,FXX,3,0.0,1,0,1.0,0,0,0,-9999.0,0.2421875,1,P1_CV0,2,0,2,1,1
2,44.137204,-122.472929,ID2_F2_m2f2_P2_Y7_UO605,ID2_F2_m2f2_P2_Y5_UO4913,ID2_F2_m2f2_P2_Y5_UO693,MXY,3,0.0,1,0,0.0,0,0,0,-9999.0,0.3203125,1,P1_CV0,2,0,2,1,1
2,44.137204,-122.472929,ID2_F2_m2f2_P2_Y7_UO3289,ID2_F2_m2f2_P2_Y2_UO4380,ID2_F2_m2f2_P2_Y6_UO3659,MXY,3,0.0,1,0,0.0,0,0,0,-9999.0,0.259765625,1,P1_CV0,2,0,2,1,1
2,44.137204,-122.472929,ID2_F2_m2f2_P2_Y7_UO2281,ID2_F2_m2f2_P2_Y5_UO4318,ID2_F2_m2f2_P2_Y6_UO1116,FXX,3,0.0,1,0,1.0,0,0,0,-9999.0,0.2421875,1,P1_CV0,2,0,2,0,2
2,44.137204,-122.472929,ID2_F2_m2f2_P2_Y7_UO3288,ID2_F2_m2f2_P2_Y2_UO4380,ID2_F2_m2f2_P2_Y6_UO3659,MXY,3,0.0,1,0,0.0,0,0,0,-9999.0,0.259765625,1,P1_CV0,2,0,2,1,1
2,44.137204,-122.472929,ID2_F2_m2f2_P2_Y7_UO4538,ID2_F2_m2f2_P2_Y3_UO1441,ID2_F2_m2f2_P2_Y5_UO901,MXY,3,0.0,1,0,0.0,0,0,0,-9999.0,0.2890625,1,P1_CV0,2,0,2,0,2
2,44.137204,-122.472929,ID2_F2_m2f2_P2_Y7_UO4296,ID2_F2_m2f2_P2_Y5_UO168,ID2_F2_m2f2_P2_Y4_UO5416,FXX,3,0.0,1,0,1.0,0,0,0,-9999.0,0.234375,1,P1_CV0,2,0,2,2,0
2,44.137204,-122.472929,ID2_F2_m2f2_P2_Y7_UO4300,ID2_F2_m2f2_P2_Y5_UO168,ID2_F2_m2f2_P2_Y4_UO5416,MXY,3,0.0,1,0,0.0,0,0,0,-9999.0,0.234375,1,P1_CV0,2,0,2,2,0
2,44.137204,-122.472929,ID2_F2_m2f2_P2_Y7_UO3558,ID2_F2_m2f2_P2_Y5_UO2714,ID2_F2_m2f2_P2_Y5_UO1340,FXX,3,0.0,1,0,1.0,0,0,0,-9999.0,0.234375,1,P1_CV0,2,0,2,1,1
2,44.137204,-122.472929,ID2_F2_m2f2_P2_Y7_UO3554,ID2_F2_m2f2_P2_Y5_UO2714,ID2_F2_m2f2_P2_Y5_UO1340,MXY,3,0.0,1,0,0.0,0,0,0,-9999.0,0.234375,1,P1_CV0,2,0,2,0,2
2,44.137204,-122.472929,ID2_F2_m2f2_P2_Y7_UO5456,ID2_F2_m2f2_P2_Y5_UO5229,ID2_F2_m2f2_P2_Y5_UO1237,FXX,3,0.0,1,0,1.0,0,0,0,-9999.0,0.23828125,1,P1_CV0,2,0,2,2,0
2,44.137204,-122.472929,ID2_F2_m2f2_P2_Y7_UO4720,ID2_F2_m2f2_P2_Y5_UO4315,ID2_F2_m2f2_P2_Y6_UO2432,MXY,3,0.0,1,0,0.0,0,0,0,-9999.0,0.2734375,1,P1_CV0,2,0,2,1,1
2,44.137204,-122.472929,ID2_F2_m2f2_P2_Y7_UO2327,ID2_F2_m2f2_P2_Y5_UO1716,ID2_F2_m2f2_P2_Y4_UO4936,FXX,3,0.0,1,0,1.0,0,0,0,-9999.0,0.2890625,1,P1_CV0,2,0,2,1,1
2,44.137204,-122.472929,ID2_F2_m2f2_P2_Y7_UO3389,ID2_F2_m2f2_P2_Y5_UO2292,ID2_F2_m2f2_P2_Y6_UO469,FXX,3,0.0,1,0,1.0,0,0,0,-9999.0,0.1953125,1,P1_CV0,2,0,2,2,0
2,44.137204,-122.472929,ID2_F2_m2f2_P2_Y7_UO3236,ID2_F2_m2f2_P2_Y5_UO165,ID2_F2_m2f2_P2_Y6_UO6764,MXY,3,0.0,1,0,0.0,0,0,0,-9999.0,0.296875,1,P1_CV0,2,0,2,1,1
2,44.137204,-122.472929,ID2_F2_m2f2_P2_Y7_UO1152,ID2_F2_m2f2_P2_Y5_UO2014,ID2_F2_m2f2_P2_Y6_UO469,MXY,3,0.0,1,0,0.0,0,0,0,-9999.0,0.1875,1,P1_CV0,2,0,2,2,0
2,44.137204,-122.472929,ID2_F2_m2f2_P2_Y7_UO2283,ID2_F2_m2f2_P2_Y5_UO4318,ID2_F2_m2f2_P2_Y6_UO1116,MXY,3,0.0,1,0,0.0,0,0,0,-9999.0,0.2421875,1,P1_CV0,2,0,2,0,2
2,44.137204,-122.472929,ID2_F2_m2f2_P2_Y7_UO19,ID2_F2_m2f2_P2_Y5_UO5305,ID2_F2_m2f2_P2_Y5_UO5536,FXX,3,0.0,1,0,1.0,0,0,0,-9999.0,0.23046875,1,P1_CV0,2,0,2,0,2
2,44.137204,-122.472929,ID2_F2_m2f2_P2_Y7_UO1091,ID2_F2_m2f2_P2_Y4_UO3163,ID2_F2_m2f2_P2_Y6_UO5352,MXY,3,0.0,1,0,0.0,0,0,0,-9999.0,0.21875,1,P1_CV0,2,0,2,1,1
2,44.137204,-122.472929,ID2_F2_m2f2_P2_Y7_UO5464,ID2_F2_m2f2_P2_Y5_UO5229,ID2_F2_m2f2_P2_Y5_UO1237,FXX,3,0.0,1,0,1.0,0,0,0,-9999.0,0.23828125,1,P1_CV0,2,0,2,2,0
2,44.137204,-122.472929,ID2_F2_m2f2_P2_Y7_UO3238,ID2_F2_m2f2_P2_Y5_UO165,ID2_F2_m2f2_P2_Y6_UO6764,FXX,3,0.0,1,0,1.0,0,0,0,-9999.0,0.296875,1,P1_CV0,2,0,2,1,1
2,44.137204,-122.472929,ID2_F2_m2f2_P2_Y6_UO246,ID2_F2_m2f2_P2_Y4_UO254,ID2_F2_m2f2_P2_Y4_UO4355,MXY,4,0.0,1,0,0.0,0,0,0,-9999.0,0.2109375,1,P1_CV0,2,0,2,1,1
2,44.137204,-122.472929,ID2_F2_m2f2_P2_Y6_UO5995,ID2_F2_m2f2_P2_Y4_UO2317,ID2_F2_m2f2_P2_Y1_UO736,MXY,4,0.0,1,0,0.0,0,0,0,-9999.0,0.265625,1,P1_CV0,2,0,2,1,1
2,44.137204,-122.472929,ID2_F2_m2f2_P2_Y6_UO6996,ID2_F2_m2f2_P2_Y4_UO1083,ID2_F2_m2f2_P2_Y4_UO6255,MXY,4,0.0,1,0,0.0,0,0,0,-9999.0,0.25,1,P1_CV0,2,0,2,2,0
2,44.137204,-122.472929,ID2_F2_m2f2_P2_Y6_UO6688,ID2_F2_m2f2_P2_Y4_UO7387,ID2_F2_m2f2_P2_Y4_UO6660,MXY,4,0.0,1,0,0.0,0,0,0,-9999.0,0.25,1,P1_CV0,2,0,2,1,1
2,44.137204,-122.472929,ID2_F2_m2f2_P2_Y6_UO5455,ID2_F2_m2f2_P2_Y4_UO4541,ID2_F2_m2f2_P2_Y5_UO5077,FXX,4,0.0,1,0,1.0,0,0,0,-9999.0,0.2734375,1,P1_CV0,2,0,2,0,2
2,44.137204,-122.472929,ID2_F2_m2f2_P2_Y6_UO2968,ID2_F2_m2f2_P2_Y4_UO4166,ID2_F2_m2f2_P2_Y5_UO4617,MXY,4,0.0,1,0,0.0,0,0,0,-9999.0,0.1796875,1,P1_CV0,2,0,2,1,1
2,44.137204,-122.472929,ID2_F2_m2f2_P2_Y6_UO1492,ID2_F2_m2f2_P2_Y4_UO718,ID2_F2_m2f2_P2_Y5_UO1518,FXX,4,0.0,1,0,1.0,0,0,0,-9999.0,0.234375,1,P1_CV0,2,0,2,0,2
2,44.137204,-122.472929,ID2_F2_m2f2_P2_Y6_UO6943,ID2_F2_m2f2_P2_Y3_UO2329,ID2_F2_m2f2_P2_Y5_UO3605,MXY,4,0.0,1,0,0.0,0,0,0,-9999.0,0.2890625,1,P1_CV0,2,0,2,1,1
2,44.137204,-122.472929,ID2_F2_m2f2_P2_Y6_UO1114,ID2_F2_m2f2_P2_Y4_UO4675,ID2_F2_m2f2_P2_Y5_UO4320,FXX,4,0.0,1,0,1.0,0,0,0,-9999.0,0.234375,1,P1_CV0,2,0,2,0,2
2,44.137204,-122.472929,ID2_F2_m2f2_P2_Y6_UO3656,ID2_F2_m2f2_P2_Y3_UO3352,ID2_F2_m2f2_P2_Y5_UO5136,MXY,4,0.0,1,0,0.0,0,0,0,-9999.0,0.26953125,1,P1_CV0,2,0,2,1,1
2,44.137204,-122.472929,ID2_F2_m2f2_P2_Y5_UO4852,ID2_F2_m2f2_P2_Y3_UO443,ID2_F2_m2f2_P2_Y3_UO4741,MXY,5,0.0,1,0,0.0,0,0,0,-9999.0,0.125,1,P1_CV0,2,0,2,0,2
2,44.137204,-122.472929,ID2_F2_m2f2_P2_Y5_UO4617,ID2_F2_m2f2_P2_Y0_UO4556,ID2_F2_m2f2_P2_Y4_UO5842,MXY,5,0.0,1,0,0.0,0,0,0,-9999.0,0.234375,1,P1_CV0,2,0,2,2,0
2,44.137204,-122.472929,ID2_F2_m2f2_P2_Y5_UO2644,ID2_F2_m2f2_P2_Y3_UO3592,ID2_F2_m2f2_P2_Y4_UO2956,MXY,5,0.0,1,0,0.0,0,0,0,-9999.0,0.296875,1,P1_CV0,2,0,2,1,1
2,44.137204,-122.472929,ID2_F2_m2f2_P2_Y5_UO5137,ID2_F2_m2f2_P2_Y2_UO3717,ID2_F2_m2f2_P2_Y4_UO4354,MXY,5,0.0,1,0,0.0,0,0,0,-9999.0,0.2890625,1,P1_CV0,2,0,2,2,0
2,44.137204,-122.472929,ID2_F2_m2f2_P2_Y5_UO4913,ID2_F2_m2f2_P2_Y2_UO2272,ID2_F2_m2f2_P2_Y4_UO6255,FXX,5,0.0,1,0,1.0,0,0,0,-9999.0,0.28125,1,P1_CV0,2,0,2,2,0
3,43.40887665,-122.52291,ID3_F3_m3f3_P3_Y9_UO114,ID3_F3_m3f3_P3_Y7_UO3318,ID3_F3_m3f3_P3_Y8_UO4614,MXY,1,0.0,1,0,0.0,0,0,0,-9999.0,0.83984375,1,P2_CV0,1,2,0,2,0
3,43.40887665,-122.52291,ID3_F3_m3f3_P3_Y9_UO117,ID3_F3_m3f3_P3_Y7_UO3318,ID3_F3_m3f3_P3_Y8_UO4614,FXX,1,0.0,1,0,1.0,0,0,0,-9999.0,0.83984375,1,P2_CV0,1,2,0,1,1
3,43.40887665,-122.52291,ID3_F3_m3f3_P3_Y9_UO118,ID3_F3_m3f3_P3_Y7_UO3318,ID3_F3_m3f3_P3_Y8_UO4614,FXX,1,0.0,1,0,1.0,0,0,0,-9999.0,0.83984375,1,P2_CV0,1,2,0,1,1
3,43.40887665,-122.52291,ID3_F3_m3f3_P3_Y9_UO119,ID3_F3_m3f3_P3_Y7_UO3318,ID3_F3_m3f3_P3_Y8_UO4614,MXY,1,0.0,1,0,0.0,0,0,0,-9999.0,0.83984375,1,P2_CV0,1,2,0,1,1
3,43.40887665,-122.52291,ID3_F3_m3f3_P3_Y9_UO120,ID3_F3_m3f3_P3_Y7_UO3318,ID3_F3_m3f3_P3_Y8_UO4614,MXY,1,0.0,1,0,0.0,0,0,0,-9999.0,0.83984375,1,P2_CV0,1,2,0,1,1
3,43.40887665,-122.52291,ID3_F3_m3f3_P3_Y9_UO122,ID3_F3_m3f3_P3_Y7_UO333,ID3_F3_m3f3_P3_Y8_UO4343,MXY,1,0.0,1,0,0.0,0,0,0,-9999.0,0.828125,1,P2_CV0,1,2,0,2,0
3,43.40887665,-122.52291,ID3_F3_m3f3_P3_Y9_UO125,ID3_F3_m3f3_P3_Y7_UO333,ID3_F3_m3f3_P3_Y8_UO4343,FXX,1,0.0,1,0,1.0,0,0,0,-9999.0,0.828125,1,P2_CV0,1,2,0,2,0
3,43.40887665,-122.52291,ID3_F3_m3f3_P3_Y9_UO126,ID3_F3_m3f3_P3_Y7_UO333,ID3_F3_m3f3_P3_Y8_UO4343,MXY,1,0.0,1,0,0.0,0,0,0,-9999.0,0.828125,1,P2_CV0,1,2,0,2,0
3,43.40887665,-122.52291,ID3_F3_m3f3_P3_Y9_UO303,ID3_F3_m3f3_P3_Y6_UO2221,ID3_F3_m3f3_P3_Y7_UO3764,MXY,1,0.0,1,0,0.0,0,0,0,-9999.0,0.81640625,1,P2_CV0,1,2,0,1,1
3,43.40887665,-122.52291,ID3_F3_m3f3_P3_Y9_UO304,ID3_F3_m3f3_P3_Y6_UO2221,ID3_F3_m3f3_P3_Y7_UO3764,FXX,1,0.0,1,0,1.0,0,0,0,-9999.0,0.81640625,1,P2_CV0,1,2,0,1,1
3,43.40887665,-122.52291,ID3_F3_m3f3_P3_Y9_UO307,ID3_F3_m3f3_P3_Y6_UO2221,ID3_F3_m3f3_P3_Y7_UO3764,MXY,1,0.0,1,0,0.0,0,0,0,-9999.0,0.81640625,1,P2_CV0,1,2,0,1,1
3,43.40887665,-122.52291,ID3_F3_m3f3_P3_Y9_UO308,ID3_F3_m3f3_P3_Y6_UO2221,ID3_F3_m3f3_P3_Y7_UO3764,FXX,1,0.0,1,0,1.0,0,0,0,-9999.0,0.81640625,1,P2_CV0,1,2,0,1,1
3,43.40887665,-122.52291,ID3_F3_m3f3_P3_Y9_UO409,ID3_F3_m3f3_P3_Y7_UO1223,ID3_F3_m3f3_P3_Y8_UO7203,FXX,1,0.0,1,0,1.0,0,0,0,-9999.0,0.76953125,1,P2_CV0,1,2,0,0,2
3,43.40887665,-122.52291,ID3_F3_m3f3_P3_Y9_UO410,ID3_F3_m3f3_P3_Y7_UO1223,ID3_F3_m3f3_P3_Y8_UO7203,MXY,1,0.0,1,0,0.0,0,0,0,-9999.0,0.76953125,1,P2_CV0,1,2,0,0,2
3,43.40887665,-122.52291,ID3_F3_m3f3_P3_Y9_UO412,ID3_F3_m3f3_P3_Y7_UO1223,ID3_F3_m3f3_P3_Y8_UO7203,FXX,1,0.0,1,0,1.0,0,0,0,-9999.0,0.76953125,1,P2_CV0,1,2,0,1,1
3,43.40887665,-122.52291,ID3_F3_m3f3_P3_Y9_UO413,ID3_F3_m3f3_P3_Y7_UO1223,ID3_F3_m3f3_P3_Y8_UO7203,MXY,1,0.0,1,0,0.0,0,0,0,-9999.0,0.76953125,1,P2_CV0,1,2,0,1,1
3,43.40887665,-122.52291,ID3_F3_m3f3_P3_Y9_UO523,ID3_F3_m3f3_P3_Y6_UO1063,ID3_F3_m3f3_P3_Y8_UO910,MXY,1,0.0,1,0,0.0,0,0,0,-9999.0,0.8515625,1,P2_CV0,1,2,0,1,1
3,43.40887665,-122.52291,ID3_F3_m3f3_P3_Y9_UO529,ID3_F3_m3f3_P3_Y7_UO2112,ID3_F3_m3f3_P3_Y8_UO1295,FXX,1,0.0,1,0,1.0,0,0,0,-9999.0,0.796875,1,P2_CV0,1,2,0,1,1
3,43.40887665,-122.52291,ID3_F3_m3f3_P3_Y9_UO530,ID3_F3_m3f3_P3_Y7_UO2112,ID3_F3_m3f3_P3_Y8_UO1295,FXX,1,0.0,1,0,1.0,0,0,0,-9999.0,0.796875,1,P2_CV0,1,2,0,1,1
3,43.40887665,-122.52291,ID3_F3_m3f3_P3_Y9_UO534,ID3_F3_m3f3_P3_Y7_UO2112,ID3_F3_m3f3_P3_Y8_UO1295,FXX,1,0.0,1,0,1.0,0,0,0,-9999.0,0.796875,1,P2_CV0,1,2,0,1,1
3,43.40887665,-122.52291,ID3_F3_m3f3_P3_Y9_UO536,ID3_F3_m3f3_P3_Y7_UO2112,ID3_F3_m3f3_P3_Y8_UO1295,MXY,1,0.0,1,0,0.0,0,0,0,-9999.0,0.796875,1,P2_CV0,1,2,0,1,1
3,43.40887665,-122.52291,ID3_F3_m3f3_P3_Y9_UO537,ID3_F3_m3f3_P3_Y7_UO2112,ID3_F3_m3f3_P3_Y8_UO1295,FXX,1,0.0,1,0,1.0,0,0,0,-9999.0,0.796875,1,P2_CV0,1,2,0,1,1
3,43.40887665,-122.52291,ID3_F3_m3f3_P3_Y9_UO538,ID3_F3_m3f3_P3_Y7_UO2112,ID3_F3_m3f3_P3_Y8_UO1295,FXX,1,0.0,1,0,1.0,0,0,0,-9999.0,0.796875,1,P2_CV0,1,2,0,1,1
3,43.40887665,-122.52291,ID3_F3_m3f3_P3_Y9_UO539,ID3_F3_m3f3_P3_Y7_UO2112,ID3_F3_m3f3_P3_Y8_UO1295,MXY,1,0.0,1,0,0.0,0,0,0,-9999.0,0.796875,1,P2_CV0,1,2,0,1,1
3,43.40887665,-122.52291,ID3_F3_m3f3_P3_Y9_UO540,ID3_F3_m3f3_P3_Y7_UO2112,ID3_F3_m3f3_P3_Y8_UO1295,MXY,1,0.0,1,0,0.0,0,0,0,-9999.0,0.796875,1,P2_CV0,1,2,0,1,1
3,43.40887665,-122.52291,ID3_F3_m3f3_P3_Y9_UO638,ID3_F3_m3f3_P3_Y7_UO3298,ID3_F3_m3f3_P3_Y7_UO337,MXY,1,0.0,1,0,0.0,0,0,0,-9999.0,0.875,1,P2_CV0,1,2,0,1,1
3,43.40887665,-122.52291,ID3_F3_m3f3_P3_Y9_UO639,ID3_F3_m3f3_P3_Y7_UO3298,ID3_F3_m3f3_P3_Y7_UO337,MXY,1,0.0,1,0,0.0,0,0,0,-9999.0,0.875,1,P2_CV0,1,2,0,1,1
3,43.40887665,-122.52291,ID3_F3_m3f3_P3_Y9_UO640,ID3_F3_m3f3_P3_Y7_UO3298,ID3_F3_m3f3_P3_Y7_UO337,FXX,1,0.0,1,0,1.0,0,0,0,-9999.0,0.875,1,P2_CV0,1,2,0,2,0
3,43.40887665,-122.52291,ID3_F3_m3f3_P3_Y9_UO643,ID3_F3_m3f3_P3_Y7_UO3298,ID3_F3_m3f3_P3_Y7_UO337,MXY,1,0.0,1,0,0.0,0,0,0,-9999.0,0.875,1,P2_CV0,1,2,0,2,0
3,43.40887665,-122.52291,ID3_F3_m3f3_P3_Y9_UO645,ID3_F3_m3f3_P3_Y7_UO3298,ID3_F3_m3f3_P3_Y7_UO337,FXX,1,0.0,1,0,1.0,0,0,0,-9999.0,0.875,1,P2_CV0,1,2,0,1,1
3,43.40887665,-122.52291,ID3_F3_m3f3_P3_Y9_UO671,ID3_F3_m3f3_P3_Y7_UO5517,ID3_F3_m3f3_P3_Y7_UO5710,FXX,1,0.0,1,0,1.0,0,0,0,-9999.0,0.828125,1,P2_CV0,1,2,0,1,1
3,43.40887665,-122.52291,ID3_F3_m3f3_P3_Y9_UO674,ID3_F3_m3f3_P3_Y7_UO5517,ID3_F3_m3f3_P3_Y7_UO5710,FXX,1,0.0,1,0,1.0,0,0,0,-9999.0,0.828125,1,P2_CV0,1,2,0,1,1
3,43.40887665,-122.52291,ID3_F3_m3f3_P3_Y9_UO675,ID3_F3_m3f3_P3_Y7_UO5517,ID3_F3_m3f3_P3_Y7_UO5710,FXX,1,0.0,1,0,1.0,0,0,0,-9999.0,0.828125,1,P2_CV0,1,2,0,1,1
3,43.40887665,-122.52291,ID3_F3_m3f3_P3_Y9_UO681,ID3_F3_m3f3_P3_Y7_UO5517,ID3_F3_m3f3_P3_Y7_UO5710,MXY,1,0.0,1,0,0.0,0,0,0,-9999.0,0.828125,1,P2_CV0,1,2,0,1,1
3,43.40887665,-122.52291,ID3_F3_m3f3_P3_Y9_UO682,ID3_F3_m3f3_P3_Y7_UO5517,ID3_F3_m3f3_P3_Y7_UO5710,FXX,1,0.0,1,0,1.0,0,0,0,-9999.0,0.828125,1,P2_CV0,1,2,0,1,1
3,43.40887665,-122.52291,ID3_F3_m3f3_P3_Y9_UO929,ID3_F3_m3f3_P3_Y6_UO740,ID3_F3_m3f3_P3_Y7_UO3762,MXY,1,0.0,1,0,0.0,0,0,0,-9999.0,0.82421875,1,P2_CV0,1,2,0,1,1
3,43.40887665,-122.52291,ID3_F3_m3f3_P3_Y9_UO932,ID3_F3_m3f3_P3_Y6_UO740,ID3_F3_m3f3_P3_Y7_UO3762,FXX,1,0.0,1,0,1.0,0,0,0,-9999.0,0.82421875,1,P2_CV0,1,2,0,1,1
3,43.40887665,-122.52291,ID3_F3_m3f3_P3_Y9_UO956,ID3_F3_m3f3_P3_Y5_UO2050,ID3_F3_m3f3_P3_Y8_UO2839,MXY,1,0.0,1,0,0.0,0,0,0,-9999.0,0.830078125,1,P2_CV0,1,2,0,2,0
3,43.40887665,-122.52291,ID3_F3_m3f3_P3_Y9_UO959,ID3_F3_m3f3_P3_Y5_UO2050,ID3_F3_m3f3_P3_Y8_UO2839,FXX,1,0.0,1,0,1.0,0,0,0,-9999.0,0.830078125,1,P2_CV0,1,2,0,2,0
3,43.40887665,-122.52291,ID3_F3_m3f3_P3_Y9_UO1143,ID3_F3_m3f3_P3_Y6_UO2440,ID3_F3_m3f3_P3_Y8_UO2431,FXX,1,0.0,1,0,1.0,0,0,0,-9999.0,0.83203125,1,P2_CV0,1,2,0,2,0
3,43.40887665,-122.52291,ID3_F3_m3f3_P3_Y9_UO1145,ID3_F3_m3f3_P3_Y6_UO2440,ID3_F3_m3f3_P3_Y8_UO2431,FXX,1,0.0,1,0,1.0,0,0,0,-9999.0,0.83203125,1,P2_CV0,1,2,0,2,0
3,43.40887665,-122.52291,ID3_F3_m3f3_P3_Y9_UO1163,ID3_F3_m3f3_P3_Y7_UO1225,ID3_F3_m3f3_P3_Y8_UO5395,FXX,1,0.0,1,0,1.0,0,0,0,-9999.0,0.79296875,1,P2_CV0,1,2,0,1,1
3,43.40887665,-122.52291,ID3_F3_m3f3_P3_Y9_UO1280,ID3_F3_m3f3_P3_Y7_UO2447,ID3_F3_m3f3_P3_Y6_UO5584,FXX,1,0.0,1,0,1.0,0,0,0,-9999.0,0.828125,1,P2_CV0,1,2,0,0,2
3,43.40887665,-122.52291,ID3_F3_m3f3_P3_Y9_UO1357,ID3_F3_m3f3_P3_Y7_UO5522,ID3_F3_m3f3_P3_Y8_UO3895,MXY,1,0.0,1,0,0.0,0,0,0,-9999.0,0.79296875,1,P2_CV0,1,2,0,0,2
3,43.40887665,-122.52291,ID3_F3_m3f3_P3_Y9_UO1359,ID3_F3_m3f3_P3_Y7_UO5522,ID3_F3_m3f3_P3_Y8_UO3895,FXX,1,0.0,1,0,1.0,0,0,0,-9999.0,0.79296875,1,P2_CV0,1,2,0,0,2
3,43.40887665,-122.52291,ID3_F3_m3f3_P3_Y9_UO1360,ID3_F3_m3f3_P3_Y7_UO5522,ID3_F3_m3f3_P3_Y8_UO3895,MXY,1,0.0,1,0,0.0,0,0,0,-9999.0,0.79296875,1,P2_CV0,1,2,0,1,1
3,43.40887665,-122.52291,ID3_F3_m3f3_P3_Y9_UO1362,ID3_F3_m3f3_P3_Y7_UO5522,ID3_F3_m3f3_P3_Y8_UO3895,FXX,1,0.0,1,0,1.0,0,0,0,-9999.0,0.79296875,1,P2_CV0,1,2,0,0,2
3,43.40887665,-122.52291,ID3_F3_m3f3_P3_Y9_UO1363,ID3_F3_m3f3_P3_Y7_UO5522,ID3_F3_m3f3_P3_Y8_UO3895,MXY,1,0.0,1,0,0.0,0,0,0,-9999.0,0.79296875,1,P2_CV0,1,2,0,1,1
3,43.40887665,-122.52291,ID3_F3_m3f3_P3_Y9_UO1364,ID3_F3_m3f3_P3_Y7_UO5522,ID3_F3_m3f3_P3_Y8_UO3895,FXX,1,0.0,1,0,1.0,0,0,0,-9999.0,0.79296875,1,P2_CV0,1,2,0,0,2
3,43.40887665,-122.52291,ID3_F3_m3f3_P3_Y9_UO1366,ID3_F3_m3f3_P3_Y7_UO5522,ID3_F3_m3f3_P3_Y8_UO3895,MXY,1,0.0,1,0,0.0,0,0,0,-9999.0,0.79296875,1,P2_CV0,1,2,0,0,2
3,43.40887665,-122.52291,ID3_F3_m3f3_P3_Y9_UO1401,ID3_F3_m3f3_P3_Y6_UO6608,ID3_F3_m3f3_P3_Y7_UO332,FXX,1,0.0,1,0,1.0,0,0,0,-9999.0,0.8359375,1,P2_CV0,1,2,0,2,0
3,43.40887665,-122.52291,ID3_F3_m3f3_P3_Y9_UO1402,ID3_F3_m3f3_P3_Y6_UO6608,ID3_F3_m3f3_P3_Y7_UO332,FXX,1,0.0,1,0,1.0,0,0,0,-9999.0,0.8359375,1,P2_CV0,1,2,0,2,0
3,43.40887665,-122.52291,ID3_F3_m3f3_P3_Y9_UO1656,ID3_F3_m3f3_P3_Y6_UO933,ID3_F3_m3f3_P3_Y4_UO3149,FXX,1,0.0,1,0,1.0,0,0,0,-9999.0,0.79296875,1,P2_CV0,1,2,0,1,1
3,43.40887665,-122.52291,ID3_F3_m3f3_P3_Y9_UO1658,ID3_F3_m3f3_P3_Y6_UO933,ID3_F3_m3f3_P3_Y4_UO3149,FXX,1,0.0,1,0,1.0,0,0,0,-9999.0,0.79296875,1,P2_CV0,1,2,0,1,1
3,43.40887665,-122.52291,ID3_F3_m3f3_P3_Y9_UO1698,ID3_F3_m3f3_P3_Y7_UO1225,ID3_F3_m3f3_P3_Y8_UO4878,MXY,1,0.0,1,0,0.0,0,0,0,-9999.0,0.779296875,1,P2_CV0,1,2,0,1,1
3,43.40887665,-122.52291,ID3_F3_m3f3_P3_Y9_UO1701,ID3_F3_m3f3_P3_Y7_UO1225,ID3_F3_m3f3_P3_Y8_UO4878,FXX,1,0.0,1,0,1.0,0,0,0,-9999.0,0.779296875,1,P2_CV0,1,2,0,1,1
3,43.40887665,-122.52291,ID3_F3_m3f3_P3_Y9_UO1702,ID3_F3_m3f3_P3_Y7_UO1225,ID3_F3_m3f3_P3_Y8_UO4878,FXX,1,0.0,1,0,1.0,0,0,0,-9999.0,0.779296875,1,P2_CV0,1,2,0,1,1
3,43.40887665,-122.52291,ID3_F3_m3f3_P3_Y9_UO1773,ID3_F3_m3f3_P3_Y5_UO4849,ID3_F3_m3f3_P3_Y8_UO4963,FXX,1,0.0,1,0,1.0,0,0,0,-9999.0,0.73828125,1,P2_CV0,1,2,0,1,1
3,43.40887665,-122.52291,ID3_F3_m3f3_P3_Y9_UO1904,ID3_F3_m3f3_P3_Y7_UO5169,ID3_F3_m3f3_P3_Y6_UO3644,MXY,1,0.0,1,0,0.0,0,0,0,-9999.0,0.7421875,1,P2_CV0,1,2,0,1,1
3,43.40887665,-122.52291,ID3_F3_m3f3_P3_Y9_UO1906,ID3_F3_m3f3_P3_Y7_UO5169,ID3_F3_m3f3_P3_Y6_UO3644,MXY,1,0.0,1,0,0.0,0,0,0,-9999.0,0.7421875,1,P2_CV0,1,2,0,1,1
3,43.40887665,-122.52291,ID3_F3_m3f3_P3_Y9_UO1908,ID3_F3_m3f3_P3_Y7_UO5169,ID3_F3_m3f3_P3_Y6_UO3644,MXY,1,0.0,1,0,0.0,0,0,0,-9999.0,0.7421875,1,P2_CV0,1,2,0,1,1
3,43.40887665,-122.52291,ID3_F3_m3f3_P3_Y9_UO1909,ID3_F3_m3f3_P3_Y7_UO5169,ID3_F3_m3f3_P3_Y6_UO3644,MXY,1,0.0,1,0,0.0,0,0,0,-9999.0,0.7421875,1,P2_CV0,1,2,0,0,2
3,43.40887665,-122.52291,ID3_F3_m3f3_P3_Y9_UO1912,ID3_F3_m3f3_P3_Y7_UO5169,ID3_F3_m3f3_P3_Y6_UO3644,MXY,1,0.0,1,0,0.0,0,0,0,-9999.0,0.7421875,1,P2_CV0,1,2,0,1,1
3,43.40887665,-122.52291,ID3_F3_m3f3_P3_Y9_UO1953,ID3_F3_m3f3_P3_Y7_UO333,ID3_F3_m3f3_P3_Y8_UO2279,MXY,1,0.0,1,0,0.0,0,0,0,-9999.0,0.849609375,1,P2_CV0,1,2,0,2,0
3,43.40887665,-122.52291,ID3_F3_m3f3_P3_Y9_UO1954,ID3_F3_m3f3_P3_Y7_UO333,ID3_F3_m3f3_P3_Y8_UO2279,MXY,1,0.0,1,0,0.0,0,0,0,-9999.0,0.849609375,1,P2_CV0,1,2,0,2,0
3,43.40887665,-122.52291,ID3_F3_m3f3_P3_Y9_UO1955,ID3_F3_m3f3_P3_Y7_UO333,ID3_F3_m3f3_P3_Y8_UO2279,MXY,1,0.0,1,0,0.0,0,0,0,-9999.0,0.849609375,1,P2_CV0,1,2,0,2,0
3,43.40887665,-122.52291,ID3_F3_m3f3_P3_Y9_UO1956,ID3_F3_m3f3_P3_Y7_UO333,ID3_F3_m3f3_P3_Y8_UO2279,FXX,1,0.0,1,0,1.0,0,0,0,-9999.0,0.849609375,1,P2_CV0,1,2,0,2,0
3,43.40887665,-122.52291,ID3_F3_m3f3_P3_Y9_UO1958,ID3_F3_m3f3_P3_Y7_UO333,ID3_F3_m3f3_P3_Y8_UO2279,FXX,1,0.0,1,0,1.0,0,0,0,-9999.0,0.849609375,1,P2_CV0,1,2,0,2,0
3,43.40887665,-122.52291,ID3_F3_m3f3_P3_Y9_UO1984,ID3_F3_m3f3_P3_Y6_UO3320,ID3_F3_m3f3_P3_Y7_UO5160,FXX,1,0.0,1,0,1.0,0,0,0,-9999.0,0.7890625,1,P2_CV0,1,2,0,1,1
3,43.40887665,-122.52291,ID3_F3_m3f3_P3_Y9_UO1985,ID3_F3_m3f3_P3_Y6_UO3320,ID3_F3_m3f3_P3_Y7_UO5160,MXY,1,0.0,1,0,0.0,0,0,0,-9999.0,0.7890625,1,P2_CV0,1,2,0,1,1
3,43.40887665,-122.52291,ID3_F3_m3f3_P3_Y9_UO1987,ID3_F3_m3f3_P3_Y6_UO3320,ID3_F3_m3f3_P3_Y7_UO5160,MXY,1,0.0,1,0,0.0,0,0,0,-9999.0,0.7890625,1,P2_CV0,1,2,0,1,1
3,43.40887665,-122.52291,ID3_F3_m3f3_P3_Y9_UO1988,ID3_F3_m3f3_P3_Y6_UO3320,ID3_F3_m3f3_P3_Y7_UO5160,MXY,1,0.0,1,0,0.0,0,0,0,-9999.0,0.7890625,1,P2_CV0,1,2,0,1,1
3,43.40887665,-122.52291,ID3_F3_m3f3_P3_Y9_UO2138,ID3_F3_m3f3_P3_Y7_UO4128,ID3_F3_m3f3_P3_Y8_UO5260,MXY,1,0.0,1,0,0.0,0,0,0,-9999.0,0.87109375,1,P2_CV0,1,2,0,0,2
3,43.40887665,-122.52291,ID3_F3_m3f3_P3_Y9_UO2141,ID3_F3_m3f3_P3_Y7_UO4128,ID3_F3_m3f3_P3_Y8_UO5260,FXX,1,0.0,1,0,1.0,0,0,0,-9999.0,0.87109375,1,P2_CV0,1,2,0,0,2
3,43.40887665,-122.52291,ID3_F3_m3f3_P3_Y9_UO2200,ID3_F3_m3f3_P3_Y7_UO4033,ID3_F3_m3f3_P3_Y8_UO2278,FXX,1,0.0,1,0,1.0,0,0,0,-9999.0,0.841796875,1,P2_CV0,1,2,0,1,1
3,43.40887665,-122.52291,ID3_F3_m3f3_P3_Y9_UO2201,ID3_F3_m3f3_P3_Y7_UO4033,ID3_F3_m3f3_P3_Y8_UO2278,FXX,1,0.0,1,0,1.0,0,0,0,-9999.0,0.841796875,1,P2_CV0,1,2,0,1,1
3,43.40887665,-122.52291,ID3_F3_m3f3_P3_Y9_UO2204,ID3_F3_m3f3_P3_Y7_UO4033,ID3_F3_m3f3_P3_Y8_UO2278,MXY,1,0.0,1,0,0.0,0,0,0,-9999.0,0.841796875,1,P2_CV0,1,2,0,2,0
3,43.40887665,-122.52291,ID3_F3_m3f3_P3_Y9_UO2205,ID3_F3_m3f3_P3_Y7_UO4033,ID3_F3_m3f3_P3_Y8_UO2278,FXX,1,0.0,1,0,1.0,0,0,0,-9999.0,0.841796875,1,P2_CV0,1,2,0,2,0
3,43.40887665,-122.52291,ID3_F3_m3f3_P3_Y9_UO2210,ID3_F3_m3f3_P3_Y7_UO4033,ID3_F3_m3f3_P3_Y8_UO2278,MXY,1,0.0,1,0,0.0,0,0,0,-9999.0,0.841796875,1,P2_CV0,1,2,0,1,1
3,43.40887665,-122.52291,ID3_F3_m3f3_P3_Y9_UO2254,ID3_F3_m3f3_P3_Y6_UO1063,ID3_F3_m3f3_P3_Y8_UO6189,FXX,1,0.0,1,0,1.0,0,0,0,-9999.0,0.83984375,1,P2_CV0,1,2,0,1,1
3,43.40887665,-122.52291,ID3_F3_m3f3_P3_Y9_UO2469,ID3_F3_m3f3_P3_Y7_UO3318,ID3_F3_m3f3_P3_Y8_UO168,MXY,1,0.0,1,0,0.0,0,0,0,-9999.0,0.84375,1,P2_CV0,1,2,0,0,2
3,43.40887665,-122.52291,ID3_F3_m3f3_P3_Y9_UO2470,ID3_F3_m3f3_P3_Y7_UO3318,ID3_F3_m3f3_P3_Y8_UO168,MXY,1,0.0,1,0,0.0,0,0,0,-9999.0,0.84375,1,P2_CV0,1,2,0,1,1
3,43.40887665,-122.52291,ID3_F3_m3f3_P3_Y9_UO2516,ID3_F3_m3f3_P3_Y7_UO58,ID3_F3_m3f3_P3_Y8_UO2863,MXY,1,0.0,1,0,0.0,0,0,0,-9999.0,0.826171875,1,P2_CV0,1,2,0,2,0
3,43.40887665,-122.52291,ID3_F3_m3f3_P3_Y9_UO2517,ID3_F3_m3f3_P3_Y7_UO58,ID3_F3_m3f3_P3_Y8_UO2863,MXY,1,0.0,1,0,0.0,0,0,0,-9999.0,0.826171875,1,P2_CV0,1,2,0,1,1
3,43.40887665,-122.52291,ID3_F3_m3f3_P3_Y9_UO2518,ID3_F3_m3f3_P3_Y7_UO58,ID3_F3_m3f3_P3_Y8_UO2863,MXY,1,0.0,1,0,0.0,0,0,0,-9999.0,0.826171875,1,P2_CV0,1,2,0,2,0
3,43.40887665,-122.52291,ID3_F3_m3f3_P3_Y9_UO2519,ID3_F3_m3f3_P3_Y7_UO58,ID3_F3_m3f3_P3_Y8_UO2863,MXY,1,0.0,1,0,0.0,0,0,0,-9999.0,0.826171875,1,P2_CV0,1,2,0,0,2
3,43.40887665,-122.52291,ID3_F3_m3f3_P3_Y9_UO2520,ID3_F3_m3f3_P3_Y7_UO58,ID3_F3_m3f3_P3_Y8_UO2863,MXY,1,0.0,1,0,0.0,0,0,0,-9999.0,0.826171875,1,P2_CV0,1,2,0,0,2
3,43.40887665,-122.52291,ID3_F3_m3f3_P3_Y9_UO2523,ID3_F3_m3f3_P3_Y7_UO58,ID3_F3_m3f3_P3_Y8_UO2863,FXX,1,0.0,1,0,1.0,0,0,0,-9999.0,0.826171875,1,P2_CV0,1,2,0,1,1
3,43.40887665,-122.52291,ID3_F3_m3f3_P3_Y9_UO2525,ID3_F3_m3f3_P3_Y7_UO58,ID3_F3_m3f3_P3_Y8_UO2863,FXX,1,0.0,1,0,1.0,0,0,0,-9999.0,0.826171875,1,P2_CV0,1,2,0,1,1
3,43.40887665,-122.52291,ID3_F3_m3f3_P3_Y9_UO2526,ID3_F3_m3f3_P3_Y7_UO58,ID3_F3_m3f3_P3_Y8_UO2863,MXY,1,0.0,1,0,0.0,0,0,0,-9999.0,0.826171875,1,P2_CV0,1,2,0,1,1
3,43.40887665,-122.52291,ID3_F3_m3f3_P3_Y9_UO2556,ID3_F3_m3f3_P3_Y6_UO1157,ID3_F3_m3f3_P3_Y7_UO5303,MXY,1,0.0,1,0,0.0,0,0,0,-9999.0,0.8359375,1,P2_CV0,1,2,0,1,1
3,43.40887665,-122.52291,ID3_F3_m3f3_P3_Y9_UO2557,ID3_F3_m3f3_P3_Y6_UO1157,ID3_F3_m3f3_P3_Y7_UO5303,MXY,1,0.0,1,0,0.0,0,0,0,-9999.0,0.8359375,1,P2_CV0,1,2,0,0,2
3,43.40887665,-122.52291,ID3_F3_m3f3_P3_Y9_UO2559,ID3_F3_m3f3_P3_Y6_UO1157,ID3_F3_m3f3_P3_Y7_UO5303,FXX,1,0.0,1,0,1.0,0,0,0,-9999.0,0.8359375,1,P2_CV0,1,2,0,2,0
3,43.40887665,-122.52291,ID3_F3_m3f3_P3_Y9_UO2916,ID3_F3_m3f3_P3_Y6_UO933,ID3_F3_m3f3_P3_Y7_UO1024,MXY,1,0.0,1,0,0.0,0,0,0,-9999.0,0.8125,1,P2_CV0,1,2,0,0,2
3,43.40887665,-122.52291,ID3_F3_m3f3_P3_Y9_UO3004,ID3_F3_m3f3_P3_Y7_UO2454,ID3_F3_m3f3_P3_Y6_UO6460,FXX,1,0.0,1,0,1.0,0,0,0,-9999.0,0.828125,1,P2_CV0,1,2,0,0,2
3,43.40887665,-122.52291,ID3_F3_m3f3_P3_Y9_UO3008,ID3_F3_m3f3_P3_Y7_UO2454,ID3_F3_m3f3_P3_Y6_UO6460,MXY,1,0.0,1,0,0.0,0,0,0,-9999.0,0.828125,1,P2_CV0,1,2,0,0,2
3,43.40887665,-122.52291,ID3_F3_m3f3_P3_Y9_UO3010,ID3_F3_m3f3_P3_Y7_UO2454,ID3_F3_m3f3_P3_Y6_UO6460,MXY,1,0.0,1,0,0.0,0,0,0,-9999.0,0.828125,1,P2_CV0,1,2,0,0,2
3,43.40887665,-122.52291,ID3_F3_m3f3_P3_Y9_UO3013,ID3_F3_m3f3_P3_Y7_UO2454,ID3_F3_m3f3_P3_Y6_UO6460,MXY,1,0.0,1,0,0.0,0,0,0,-9999.0,0.828125,1,P2_CV0,1,2,0,0,2
3,43.40887665,-122.52291,ID3_F3_m3f3_P3_Y9_UO3041,ID3_F3_m3f3_P3_Y7_UO5520,ID3_F3_m3f3_P3_Y8_UO4343,MXY,1,0.0,1,0,0.0,0,0,0,-9999.0,0.8046875,1,P2_CV0,1,2,0,2,0
3,43.40887665,-122.52291,ID3_F3_m3f3_P3_Y9_UO3047,ID3_F3_m3f3_P3_Y7_UO2109,ID3_F3_m3f3_P3_Y5_UO709,FXX,1,0.0,1,0,1.0,0,0,0,-9999.0,0.86328125,1,P2_CV0,1,2,0,2,0
3,43.40887665,-122.52291,ID3_F3_m3f3_P3_Y9_UO3048,ID3_F3_m3f3_P3_Y7_UO2109,ID3_F3_m3f3_P3_Y5_UO709,MXY,1,0.0,1,0,0.0,0,0,0,-9999.0,0.86328125,1,P2_CV0,1,2,0,2,0
3,43.40887665,-122.52291,ID3_F3_m3f3_P3_Y9_UO3050,ID3_F3_m3f3_P3_Y7_UO2109,ID3_F3_m3f3_P3_Y5_UO709,FXX,1,0.0,1,0,1.0,0,0,0,-9999.0,0.86328125,1,P2_CV0,1,2,0,2,0
3,43.40887665,-122.52291,ID3_F3_m3f3_P3_Y9_UO3051,ID3_F3_m3f3_P3_Y7_UO2109,ID3_F3_m3f3_P3_Y5_UO709,MXY,1,0.0,1,0,0.0,0,0,0,-9999.0,0.86328125,1,P2_CV0,1,2,0,2,0
3,43.40887665,-122.52291,ID3_F3_m3f3_P3_Y9_UO3052,ID3_F3_m3f3_P3_Y7_UO2109,ID3_F3_m3f3_P3_Y5_UO709,MXY,1,0.0,1,0,0.0,0,0,0,-9999.0,0.86328125,1,P2_CV0,1,2,0,2,0
3,43.40887665,-122.52291,ID3_F3_m3f3_P3_Y9_UO3053,ID3_F3_m3f3_P3_Y7_UO2109,ID3_F3_m3f3_P3_Y5_UO709,FXX,1,0.0,1,0,1.0,0,0,0,-9999.0,0.86328125,1,P2_CV0,1,2,0,2,0
3,43.40887665,-122.52291,ID3_F3_m3f3_P3_Y9_UO3055,ID3_F3_m3f3_P3_Y7_UO2109,ID3_F3_m3f3_P3_Y5_UO709,MXY,1,0.0,1,0,0.0,0,0,0,-9999.0,0.86328125,1,P2_CV0,1,2,0,2,0
3,43.40887665,-122.52291,ID3_F3_m3f3_P3_Y9_UO3214,ID3_F3_m3f3_P3_Y7_UO4136,ID3_F3_m3f3_P3_Y6_UO1604,MXY,1,0.0,1,0,0.0,0,0,0,-9999.0,0.828125,1,P2_CV0,1,2,0,1,1
3,43.40887665,-122.52291,ID3_F3_m3f3_P3_Y9_UO3216,ID3_F3_m3f3_P3_Y7_UO4136,ID3_F3_m3f3_P3_Y6_UO1604,MXY,1,0.0,1,0,0.0,0,0,0,-9999.0,0.828125,1,P2_CV0,1,2,0,1,1
3,43.40887665,-122.52291,ID3_F3_m3f3_P3_Y9_UO3292,ID3_F3_m3f3_P3_Y7_UO4128,ID3_F3_m3f3_P3_Y7_UO2782,MXY,1,0.0,1,0,0.0,0,0,0,-9999.0,0.8671875,1,P2_CV0,1,2,0,1,1
3,43.40887665,-122.52291,ID3_F3_m3f3_P3_Y9_UO3293,ID3_F3_m3f3_P3_Y7_UO4128,ID3_F3_m3f3_P3_Y7_UO2782,MXY,1,0.0,1,0,0.0,0,0,0,-9999.0,0.8671875,1,P2_CV0,1,2,0,1,1
3,43.40887665,-122.52291,ID3_F3_m3f3_P3_Y9_UO3708,ID3_F3_m3f3_P3_Y7_UO5520,ID3_F3_m3f3_P3_Y6_UO4029,MXY,1,0.0,1,0,0.0,0,0,0,-9999.0,0.8125,1,P2_CV0,1,2,0,1,1
3,43.40887665,-122.52291,ID3_F3_m3f3_P3_Y9_UO3709,ID3_F3_m3f3_P3_Y7_UO5520,ID3_F3_m3f3_P3_Y6_UO4029,MXY,1,0.0,1,0,0.0,0,0,0,-9999.0,0.8125,1,P2_CV0,1,2,0,1,1
3,43.40887665,-122.52291,ID3_F3_m3f3_P3_Y9_UO3710,ID3_F3_m3f3_P3_Y7_UO5520,ID3_F3_m3f3_P3_Y6_UO4029,FXX,1,0.0,1,0,1.0,0,0,0,-9999.0,0.8125,1,P2_CV0,1,2,0,1,1
3,43.40887665,-122.52291,ID3_F3_m3f3_P3_Y9_UO3712,ID3_F3_m3f3_P3_Y7_UO5520,ID3_F3_m3f3_P3_Y6_UO4029,MXY,1,0.0,1,0,0.0,0,0,0,-9999.0,0.8125,1,P2_CV0,1,2,0,2,0
3,43.40887665,-122.52291,ID3_F3_m3f3_P3_Y9_UO3713,ID3_F3_m3f3_P3_Y7_UO5520,ID3_F3_m3f3_P3_Y6_UO4029,FXX,1,0.0,1,0,1.0,0,0,0,-9999.0,0.8125,1,P2_CV0,1,2,0,1,1
3,43.40887665,-122.52291,ID3_F3_m3f3_P3_Y9_UO4128,ID3_F3_m3f3_P3_Y7_UO1776,ID3_F3_m3f3_P3_Y8_UO3503,MXY,1,0.0,1,0,0.0,0,0,0,-9999.0,0.78515625,1,P2_CV0,1,2,0,0,2
3,43.40887665,-122.52291,ID3_F3_m3f3_P3_Y9_UO4129,ID3_F3_m3f3_P3_Y7_UO1776,ID3_F3_m3f3_P3_Y8_UO3503,MXY,1,0.0,1,0,0.0,0,0,0,-9999.0,0.78515625,1,P2_CV0,1,2,0,0,2
3,43.40887665,-122.52291,ID3_F3_m3f3_P3_Y9_UO4130,ID3_F3_m3f3_P3_Y7_UO1776,ID3_F3_m3f3_P3_Y8_UO3503,MXY,1,0.0,1,0,0.0,0,0,0,-9999.0,0.78515625,1,P2_CV0,1,2,0,0,2
3,43.40887665,-122.52291,ID3_F3_m3f3_P3_Y9_UO4131,ID3_F3_m3f3_P3_Y7_UO1776,ID3_F3_m3f3_P3_Y8_UO3503,FXX,1,0.0,1,0,1.0,0,0,0,-9999.0,0.78515625,1,P2_CV0,1,2,0,1,1
3,43.40887665,-122.52291,ID3_F3_m3f3_P3_Y9_UO4134,ID3_F3_m3f3_P3_Y7_UO1776,ID3_F3_m3f3_P3_Y8_UO3503,MXY,1,0.0,1,0,0.0,0,0,0,-9999.0,0.78515625,1,P2_CV0,1,2,0,0,2
3,43.40887665,-122.52291,ID3_F3_m3f3_P3_Y9_UO4136,ID3_F3_m3f3_P3_Y7_UO1776,ID3_F3_m3f3_P3_Y8_UO3503,FXX,1,0.0,1,0,1.0,0,0,0,-9999.0,0.78515625,1,P2_CV0,1,2,0,1,1
3,43.40887665,-122.52291,ID3_F3_m3f3_P3_Y9_UO4260,ID3_F3_m3f3_P3_Y7_UO4132,ID3_F3_m3f3_P3_Y6_UO6460,MXY,1,0.0,1,0,0.0,0,0,0,-9999.0,0.859375,1,P2_CV0,1,2,0,1,1
3,43.40887665,-122.52291,ID3_F3_m3f3_P3_Y9_UO4261,ID3_F3_m3f3_P3_Y7_UO4132,ID3_F3_m3f3_P3_Y6_UO6460,MXY,1,0.0,1,0,0.0,0,0,0,-9999.0,0.859375,1,P2_CV0,1,2,0,1,1
3,43.40887665,-122.52291,ID3_F3_m3f3_P3_Y9_UO4263,ID3_F3_m3f3_P3_Y7_UO4132,ID3_F3_m3f3_P3_Y6_UO6460,MXY,1,0.0,1,0,0.0,0,0,0,-9999.0,0.859375,1,P2_CV0,1,2,0,1,1
3,43.40887665,-122.52291,ID3_F3_m3f3_P3_Y9_UO4264,ID3_F3_m3f3_P3_Y7_UO4132,ID3_F3_m3f3_P3_Y6_UO6460,FXX,1,0.0,1,0,1.0,0,0,0,-9999.0,0.859375,1,P2_CV0,1,2,0,1,1
3,43.40887665,-122.52291,ID3_F3_m3f3_P3_Y9_UO4265,ID3_F3_m3f3_P3_Y7_UO4132,ID3_F3_m3f3_P3_Y6_UO6460,FXX,1,0.0,1,0,1.0,0,0,0,-9999.0,0.859375,1,P2_CV0,1,2,0,1,1
3,43.40887665,-122.52291,ID3_F3_m3f3_P3_Y9_UO4371,ID3_F3_m3f3_P3_Y7_UO5305,ID3_F3_m3f3_P3_Y8_UO5260,FXX,1,0.0,1,0,1.0,0,0,0,-9999.0,0.84375,1,P2_CV0,1,2,0,0,2
3,43.40887665,-122.52291,ID3_F3_m3f3_P3_Y9_UO4372,ID3_F3_m3f3_P3_Y7_UO5305,ID3_F3_m3f3_P3_Y8_UO5260,FXX,1,0.0,1,0,1.0,0,0,0,-9999.0,0.84375,1,P2_CV0,1,2,0,1,1
3,43.40887665,-122.52291,ID3_F3_m3f3_P3_Y9_UO4374,ID3_F3_m3f3_P3_Y7_UO5305,ID3_F3_m3f3_P3_Y8_UO5260,MXY,1,0.0,1,0,0.0,0,0,0,-9999.0,0.84375,1,P2_CV0,1,2,0,1,1
3,43.40887665,-122.52291,ID3_F3_m3f3_P3_Y9_UO4375,ID3_F3_m3f3_P3_Y7_UO5305,ID3_F3_m3f3_P3_Y8_UO5260,MXY,1,0.0,1,0,0.0,0,0,0,-9999.0,0.84375,1,P2_CV0,1,2,0,1,1
3,43.40887665,-122.52291,ID3_F3_m3f3_P3_Y9_UO4381,ID3_F3_m3f3_P3_Y7_UO5305,ID3_F3_m3f3_P3_Y8_UO5260,MXY,1,0.0,1,0,0.0,0,0,0,-9999.0,0.84375,1,P2_CV0,1,2,0,0,2
3,43.40887665,-122.52291,ID3_F3_m3f3_P3_Y9_UO4434,ID3_F3_m3f3_P3_Y7_UO1214,ID3_F3_m3f3_P3_Y8_UO4208,MXY,1,0.0,1,0,0.0,0,0,0,-9999.0,0.7734375,1,P2_CV0,1,2,0,2,0
3,43.40887665,-122.52291,ID3_F3_m3f3_P3_Y9_UO4439,ID3_F3_m3f3_P3_Y7_UO1214,ID3_F3_m3f3_P3_Y8_UO4208,FXX,1,0.0,1,0,1.0,0,0,0,-9999.0,0.7734375,1,P2_CV0,1,2,0,2,0
3,43.40887665,-122.52291,ID3_F3_m3f3_P3_Y9_UO4440,ID3_F3_m3f3_P3_Y7_UO1214,ID3_F3_m3f3_P3_Y8_UO4208,FXX,1,0.0,1,0,1.0,0,0,0,-9999.0,0.7734375,1,P2_CV0,1,2,0,2,0
3,43.40887665,-122.52291,ID3_F3_m3f3_P3_Y9_UO4467,ID3_F3_m3f3_P3_Y6_UO740,ID3_F3_m3f3_P3_Y8_UO2728,MXY,1,0.0,1,0,0.0,0,0,0,-9999.0,0.859375,1,P2_CV0,1,2,0,0,2
3,43.40887665,-122.52291,ID3_F3_m3f3_P3_Y9_UO4468,ID3_F3_m3f3_P3_Y6_UO740,ID3_F3_m3f3_P3_Y8_UO2728,FXX,1,0.0,1,0,1.0,0,0,0,-9999.0,0.859375,1,P2_CV0,1,2,0,1,1
3,43.40887665,-122.52291,ID3_F3_m3f3_P3_Y9_UO4469,ID3_F3_m3f3_P3_Y6_UO740,ID3_F3_m3f3_P3_Y8_UO2728,FXX,1,0.0,1,0,1.0,0,0,0,-9999.0,0.859375,1,P2_CV0,1,2,0,1,1
3,43.40887665,-122.52291,ID3_F3_m3f3_P3_Y9_UO4617,ID3_F3_m3f3_P3_Y7_UO4127,ID3_F3_m3f3_P3_Y5_UO345,FXX,1,0.0,1,0,1.0,0,0,0,-9999.0,0.8203125,1,P2_CV0,1,2,0,2,0
3,43.40887665,-122.52291,ID3_F3_m3f3_P3_Y9_UO4619,ID3_F3_m3f3_P3_Y7_UO4127,ID3_F3_m3f3_P3_Y5_UO345,MXY,1,0.0,1,0,0.0,0,0,0,-9999.0,0.8203125,1,P2_CV0,1,2,0,2,0
3,43.40887665,-122.52291,ID3_F3_m3f3_P3_Y9_UO4622,ID3_F3_m3f3_P3_Y7_UO4127,ID3_F3_m3f3_P3_Y5_UO345,MXY,1,0.0,1,0,0.0,0,0,0,-9999.0,0.8203125,1,P2_CV0,1,2,0,2,0
3,43.40887665,-122.52291,ID3_F3_m3f3_P3_Y9_UO4623,ID3_F3_m3f3_P3_Y7_UO4127,ID3_F3_m3f3_P3_Y5_UO345,MXY,1,0.0,1,0,0.0,0,0,0,-9999.0,0.8203125,1,P2_CV0,1,2,0,1,1
3,43.40887665,-122.52291,ID3_F3_m3f3_P3_Y9_UO4624,ID3_F3_m3f3_P3_Y7_UO4127,ID3_F3_m3f3_P3_Y5_UO345,MXY,1,0.0,1,0,0.0,0,0,0,-9999.0,0.8203125,1,P2_CV0,1,2,0,1,1
3,43.40887665,-122.52291,ID3_F3_m3f3_P3_Y9_UO4695,ID3_F3_m3f3_P3_Y7_UO4989,ID3_F3_m3f3_P3_Y5_UO4007,MXY,1,0.0,1,0,0.0,0,0,0,-9999.0,0.8359375,1,P2_CV0,1,2,0,2,0
3,43.40887665,-122.52291,ID3_F3_m3f3_P3_Y9_UO4696,ID3_F3_m3f3_P3_Y7_UO4989,ID3_F3_m3f3_P3_Y5_UO4007,FXX,1,0.0,1,0,1.0,0,0,0,-9999.0,0.8359375,1,P2_CV0,1,2,0,2,0
3,43.40887665,-122.52291,ID3_F3_m3f3_P3_Y9_UO4701,ID3_F3_m3f3_P3_Y7_UO4989,ID3_F3_m3f3_P3_Y5_UO4007,FXX,1,0.0,1,0,1.0,0,0,0,-9999.0,0.8359375,1,P2_CV0,1,2,0,1,1
3,43.40887665,-122.52291,ID3_F3_m3f3_P3_Y9_UO4702,ID3_F3_m3f3_P3_Y7_UO4989,ID3_F3_m3f3_P3_Y5_UO4007,MXY,1,0.0,1,0,0.0,0,0,0,-9999.0,0.8359375,1,P2_CV0,1,2,0,2,0
3,43.40887665,-122.52291,ID3_F3_m3f3_P3_Y9_UO4703,ID3_F3_m3f3_P3_Y7_UO4989,ID3_F3_m3f3_P3_Y5_UO4007,FXX,1,0.0,1,0,1.0,0,0,0,-9999.0,0.8359375,1,P2_CV0,1,2,0,2,0
3,43.40887665,-122.52291,ID3_F3_m3f3_P3_Y9_UO4705,ID3_F3_m3f3_P3_Y7_UO4989,ID3_F3_m3f3_P3_Y5_UO4007,MXY,1,0.0,1,0,0.0,0,0,0,-9999.0,0.8359375,1,P2_CV0,1,2,0,2,0
3,43.40887665,-122.52291,ID3_F3_m3f3_P3_Y9_UO4706,ID3_F3_m3f3_P3_Y7_UO4989,ID3_F3_m3f3_P3_Y5_UO4007,MXY,1,0.0,1,0,0.0,0,0,0,-9999.0,0.8359375,1,P2_CV0,1,2,0,2,0
3,43.40887665,-122.52291,ID3_F3_m3f3_P3_Y9_UO4720,ID3_F3_m3f3_P3_Y5_UO4849,ID3_F3_m3f3_P3_Y8_UO6307,FXX,1,0.0,1,0,1.0,0,0,0,-9999.0,0.7265625,1,P2_CV0,1,2,0,0,2
3,43.40887665,-122.52291,ID3_F3_m3f3_P3_Y9_UO4721,ID3_F3_m3f3_P3_Y5_UO4849,ID3_F3_m3f3_P3_Y8_UO6307,FXX,1,0.0,1,0,1.0,0,0,0,-9999.0,0.7265625,1,P2_CV0,1,2,0,0,2
3,43.40887665,-122.52291,ID3_F3_m3f3_P3_Y9_UO4722,ID3_F3_m3f3_P3_Y5_UO4849,ID3_F3_m3f3_P3_Y8_UO6307,MXY,1,0.0,1,0,0.0,0,0,0,-9999.0,0.7265625,1,P2_CV0,1,2,0,0,2
3,43.40887665,-122.52291,ID3_F3_m3f3_P3_Y9_UO4723,ID3_F3_m3f3_P3_Y5_UO4849,ID3_F3_m3f3_P3_Y8_UO6307,FXX,1,0.0,1,0,1.0,0,0,0,-9999.0,0.7265625,1,P2_CV0,1,2,0,1,1
3,43.40887665,-122.52291,ID3_F3_m3f3_P3_Y9_UO4774,ID3_F3_m3f3_P3_Y4_UO950,ID3_F3_m3f3_P3_Y8_UO7215,FXX,1,0.0,1,0,1.0,0,0,0,-9999.0,0.826171875,1,P2_CV0,1,2,0,1,1
3,43.40887665,-122.52291,ID3_F3_m3f3_P3_Y9_UO4776,ID3_F3_m3f3_P3_Y4_UO950,ID3_F3_m3f3_P3_Y8_UO7215,FXX,1,0.0,1,0,1.0,0,0,0,-9999.0,0.826171875,1,P2_CV0,1,2,0,2,0
3,43.40887665,-122.52291,ID3_F3_m3f3_P3_Y9_UO4911,ID3_F3_m3f3_P3_Y6_UO4112,ID3_F3_m3f3_P3_Y8_UO7217,MXY,1,0.0,1,0,0.0,0,0,0,-9999.0,0.810546875,1,P2_CV0,1,2,0,1,1
3,43.40887665,-122.52291,ID3_F3_m3f3_P3_Y9_UO4915,ID3_F3_m3f3_P3_Y6_UO4112,ID3_F3_m3f3_P3_Y8_UO7217,FXX,1,0.0,1,0,1.0,0,0,0,-9999.0,0.810546875,1,P2_CV0,1,2,0,0,2
3,43.40887665,-122.52291,ID3_F3_m3f3_P3_Y9_UO4917,ID3_F3_m3f3_P3_Y6_UO4112,ID3_F3_m3f3_P3_Y8_UO7217,FXX,1,0.0,1,0,1.0,0,0,0,-9999.0,0.810546875,1,P2_CV0,1,2,0,0,2
3,43.40887665,-122.52291,ID3_F3_m3f3_P3_Y9_UO4943,ID3_F3_m3f3_P3_Y7_UO2447,ID3_F3_m3f3_P3_Y6_UO6458,FXX,1,0.0,1,0,1.0,0,0,0,-9999.0,0.828125,1,P2_CV0,1,2,0,1,1
3,43.40887665,-122.52291,ID3_F3_m3f3_P3_Y9_UO4947,ID3_F3_m3f3_P3_Y7_UO4032,ID3_F3_m3f3_P3_Y8_UO4519,FXX,1,0.0,1,0,1.0,0,0,0,-9999.0,0.849609375,1,P2_CV0,1,2,0,0,2
3,43.40887665,-122.52291,ID3_F3_m3f3_P3_Y9_UO4950,ID3_F3_m3f3_P3_Y7_UO4032,ID3_F3_m3f3_P3_Y8_UO4519,MXY,1,0.0,1,0,0.0,0,0,0,-9999.0,0.849609375,1,P2_CV0,1,2,0,0,2
3,43.40887665,-122.52291,ID3_F3_m3f3_P3_Y9_UO4952,ID3_F3_m3f3_P3_Y7_UO4032,ID3_F3_m3f3_P3_Y8_UO4519,FXX,1,0.0,1,0,1.0,0,0,0,-9999.0,0.849609375,1,P2_CV0,1,2,0,1,1
3,43.40887665,-122.52291,ID3_F3_m3f3_P3_Y9_UO4953,ID3_F3_m3f3_P3_Y7_UO4032,ID3_F3_m3f3_P3_Y8_UO4519,FXX,1,0.0,1,0,1.0,0,0,0,-9999.0,0.849609375,1,P2_CV0,1,2,0,0,2
3,43.40887665,-122.52291,ID3_F3_m3f3_P3_Y9_UO5006,ID3_F3_m3f3_P3_Y6_UO6608,ID3_F3_m3f3_P3_Y8_UO740,FXX,1,0.0,1,0,1.0,0,0,0,-9999.0,0.84765625,1,P2_CV0,1,2,0,2,0
3,43.40887665,-122.52291,ID3_F3_m3f3_P3_Y9_UO5009,ID3_F3_m3f3_P3_Y6_UO6608,ID3_F3_m3f3_P3_Y8_UO740,FXX,1,0.0,1,0,1.0,0,0,0,-9999.0,0.84765625,1,P2_CV0,1,2,0,2,0
3,43.40887665,-122.52291,ID3_F3_m3f3_P3_Y9_UO5223,ID3_F3_m3f3_P3_Y7_UO1223,ID3_F3_m3f3_P3_Y8_UO5728,MXY,1,0.0,1,0,0.0,0,0,0,-9999.0,0.779296875,1,P2_CV0,1,2,0,1,1
3,43.40887665,-122.52291,ID3_F3_m3f3_P3_Y9_UO5225,ID3_F3_m3f3_P3_Y7_UO1223,ID3_F3_m3f3_P3_Y8_UO5728,FXX,1,0.0,1,0,1.0,0,0,0,-9999.0,0.779296875,1,P2_CV0,1,2,0,1,1
3,43.40887665,-122.52291,ID3_F3_m3f3_P3_Y9_UO5226,ID3_F3_m3f3_P3_Y7_UO1223,ID3_F3_m3f3_P3_Y8_UO5728,FXX,1,0.0,1,0,1.0,0,0,0,-9999.0,0.779296875,1,P2_CV0,1,2,0,1,1
3,43.40887665,-122.52291,ID3_F3_m3f3_P3_Y9_UO5227,ID3_F3_m3f3_P3_Y7_UO1223,ID3_F3_m3f3_P3_Y8_UO5728,FXX,1,0.0,1,0,1.0,0,0,0,-9999.0,0.779296875,1,P2_CV0,1,2,0,1,1
3,43.40887665,-122.52291,ID3_F3_m3f3_P3_Y9_UO5422,ID3_F3_m3f3_P3_Y7_UO2447,ID3_F3_m3f3_P3_Y8_UO5532,MXY,1,0.0,1,0,0.0,0,0,0,-9999.0,0.828125,1,P2_CV0,1,2,0,0,2
3,43.40887665,-122.52291,ID3_F3_m3f3_P3_Y9_UO5423,ID3_F3_m3f3_P3_Y7_UO2447,ID3_F3_m3f3_P3_Y8_UO5532,MXY,1,0.0,1,0,0.0,0,0,0,-9999.0,0.828125,1,P2_CV0,1,2,0,0,2
3,43.40887665,-122.52291,ID3_F3_m3f3_P3_Y9_UO5425,ID3_F3_m3f3_P3_Y7_UO2447,ID3_F3_m3f3_P3_Y8_UO5532,FXX,1,0.0,1,0,1.0,0,0,0,-9999.0,0.828125,1,P2_CV0,1,2,0,0,2
3,43.40887665,-122.52291,ID3_F3_m3f3_P3_Y9_UO5427,ID3_F3_m3f3_P3_Y7_UO2447,ID3_F3_m3f3_P3_Y8_UO5532,FXX,1,0.0,1,0,1.0,0,0,0,-9999.0,0.828125,1,P2_CV0,1,2,0,0,2
3,43.40887665,-122.52291,ID3_F3_m3f3_P3_Y9_UO5521,ID3_F3_m3f3_P3_Y5_UO2050,ID3_F3_m3f3_P3_Y6_UO1906,MXY,1,0.0,1,0,0.0,0,0,0,-9999.0,0.84375,1,P2_CV0,1,2,0,2,0
3,43.40887665,-122.52291,ID3_F3_m3f3_P3_Y9_UO5523,ID3_F3_m3f3_P3_Y5_UO2050,ID3_F3_m3f3_P3_Y6_UO1906,FXX,1,0.0,1,0,1.0,0,0,0,-9999.0,0.84375,1,P2_CV0,1,2,0,2,0
3,43.40887665,-122.52291,ID3_F3_m3f3_P3_Y9_UO5670,ID3_F3_m3f3_P3_Y7_UO2455,ID3_F3_m3f3_P3_Y8_UO3302,FXX,1,0.0,1,0,1.0,0,0,0,-9999.0,0.84765625,1,P2_CV0,1,2,0,0,2
3,43.40887665,-122.52291,ID3_F3_m3f3_P3_Y9_UO5671,ID3_F3_m3f3_P3_Y7_UO2455,ID3_F3_m3f3_P3_Y8_UO3302,MXY,1,0.0,1,0,0.0,0,0,0,-9999.0,0.84765625,1,P2_CV0,1,2,0,0,2
3,43.40887665,-122.52291,ID3_F3_m3f3_P3_Y9_UO5672,ID3_F3_m3f3_P3_Y7_UO2455,ID3_F3_m3f3_P3_Y8_UO3302,MXY,1,0.0,1,0,0.0,0,0,0,-9999.0,0.84765625,1,P2_CV0,1,2,0,1,1
3,43.40887665,-122.52291,ID3_F3_m3f3_P3_Y9_UO5678,ID3_F3_m3f3_P3_Y7_UO2455,ID3_F3_m3f3_P3_Y8_UO3302,FXX,1,0.0,1,0,1.0,0,0,0,-9999.0,0.84765625,1,P2_CV0,1,2,0,0,2
3,43.40887665,-122.52291,ID3_F3_m3f3_P3_Y9_UO5679,ID3_F3_m3f3_P3_Y7_UO2455,ID3_F3_m3f3_P3_Y8_UO3302,FXX,1,0.0,1,0,1.0,0,0,0,-9999.0,0.84765625,1,P2_CV0,1,2,0,0,2
3,43.40887665,-122.52291,ID3_F3_m3f3_P3_Y9_UO5681,ID3_F3_m3f3_P3_Y7_UO2455,ID3_F3_m3f3_P3_Y8_UO3302,MXY,1,0.0,1,0,0.0,0,0,0,-9999.0,0.84765625,1,P2_CV0,1,2,0,0,2
3,43.40887665,-122.52291,ID3_F3_m3f3_P3_Y9_UO5735,ID3_F3_m3f3_P3_Y7_UO4136,ID3_F3_m3f3_P3_Y4_UO6009,MXY,1,0.0,1,0,0.0,0,0,0,-9999.0,0.8203125,1,P2_CV0,1,2,0,0,2
3,43.40887665,-122.52291,ID3_F3_m3f3_P3_Y9_UO5859,ID3_F3_m3f3_P3_Y7_UO4132,ID3_F3_m3f3_P3_Y8_UO3895,MXY,1,0.0,1,0,0.0,0,0,0,-9999.0,0.83203125,1,P2_CV0,1,2,0,1,1
3,43.40887665,-122.52291,ID3_F3_m3f3_P3_Y9_UO5860,ID3_F3_m3f3_P3_Y7_UO4132,ID3_F3_m3f3_P3_Y8_UO3895,MXY,1,0.0,1,0,0.0,0,0,0,-9999.0,0.83203125,1,P2_CV0,1,2,0,1,1
3,43.40887665,-122.52291,ID3_F3_m3f3_P3_Y9_UO5862,ID3_F3_m3f3_P3_Y7_UO4132,ID3_F3_m3f3_P3_Y8_UO3895,MXY,1,0.0,1,0,0.0,0,0,0,-9999.0,0.83203125,1,P2_CV0,1,2,0,2,0
3,43.40887665,-122.52291,ID3_F3_m3f3_P3_Y9_UO6100,ID3_F3_m3f3_P3_Y7_UO1214,ID3_F3_m3f3_P3_Y8_UO2755,FXX,1,0.0,1,0,1.0,0,0,0,-9999.0,0.779296875,1,P2_CV0,1,2,0,2,0
3,43.40887665,-122.52291,ID3_F3_m3f3_P3_Y9_UO6101,ID3_F3_m3f3_P3_Y7_UO1214,ID3_F3_m3f3_P3_Y8_UO2755,MXY,1,0.0,1,0,0.0,0,0,0,-9999.0,0.779296875,1,P2_CV0,1,2,0,2,0
3,43.40887665,-122.52291,ID3_F3_m3f3_P3_Y9_UO6102,ID3_F3_m3f3_P3_Y7_UO1214,ID3_F3_m3f3_P3_Y8_UO2755,MXY,1,0.0,1,0,0.0,0,0,0,-9999.0,0.779296875,1,P2_CV0,1,2,0,2,0
3,43.40887665,-122.52291,ID3_F3_m3f3_P3_Y9_UO6103,ID3_F3_m3f3_P3_Y7_UO1214,ID3_F3_m3f3_P3_Y8_UO2755,MXY,1,0.0,1,0,0.0,0,0,0,-9999.0,0.779296875,1,P2_CV0,1,2,0,1,1
3,43.40887665,-122.52291,ID3_F3_m3f3_P3_Y9_UO6143,ID3_F3_m3f3_P3_Y7_UO1220,ID3_F3_m3f3_P3_Y8_UO6796,FXX,1,0.0,1,0,1.0,0,0,0,-9999.0,0.79296875,1,P2_CV0,1,2,0,1,1
3,43.40887665,-122.52291,ID3_F3_m3f3_P3_Y9_UO6146,ID3_F3_m3f3_P3_Y7_UO1220,ID3_F3_m3f3_P3_Y8_UO6796,FXX,1,0.0,1,0,1.0,0,0,0,-9999.0,0.79296875,1,P2_CV0,1,2,0,1,1
3,43.40887665,-122.52291,ID3_F3_m3f3_P3_Y9_UO6149,ID3_F3_m3f3_P3_Y7_UO1220,ID3_F3_m3f3_P3_Y8_UO6796,MXY,1,0.0,1,0,0.0,0,0,0,-9999.0,0.79296875,1,P2_CV0,1,2,0,1,1
3,43.40887665,-122.52291,ID3_F3_m3f3_P3_Y9_UO6151,ID3_F3_m3f3_P3_Y7_UO1220,ID3_F3_m3f3_P3_Y8_UO6796,FXX,1,0.0,1,0,1.0,0,0,0,-9999.0,0.79296875,1,P2_CV0,1,2,0,1,1
3,43.40887665,-122.52291,ID3_F3_m3f3_P3_Y9_UO6152,ID3_F3_m3f3_P3_Y7_UO1220,ID3_F3_m3f3_P3_Y8_UO6796,FXX,1,0.0,1,0,1.0,0,0,0,-9999.0,0.79296875,1,P2_CV0,1,2,0,0,2
3,43.40887665,-122.52291,ID3_F3_m3f3_P3_Y9_UO6154,ID3_F3_m3f3_P3_Y7_UO1220,ID3_F3_m3f3_P3_Y8_UO6796,MXY,1,0.0,1,0,0.0,0,0,0,-9999.0,0.79296875,1,P2_CV0,1,2,0,1,1
3,43.40887665,-122.52291,ID3_F3_m3f3_P3_Y8_UO1759,ID3_F3_m3f3_P3_Y3_UO3081,ID3_F3_m3f3_P3_Y7_UO1024,FXX,2,0.0,1,0,1.0,0,0,0,-9999.0,0.76953125,1,P2_CV0,1,2,0,1,1
3,43.40887665,-122.52291,ID3_F3_m3f3_P3_Y8_UO58,ID3_F3_m3f3_P3_Y6_UO1785,ID3_F3_m3f3_P3_Y7_UO3308,FXX,2,0.0,1,0,1.0,0,0,0,-9999.0,0.87890625,1,P2_CV0,1,2,0,2,0
3,43.40887665,-122.52291,ID3_F3_m3f3_P3_Y8_UO740,ID3_F3_m3f3_P3_Y6_UO3739,ID3_F3_m3f3_P3_Y7_UO336,MXY,2,0.0,1,0,0.0,0,0,0,-9999.0,0.8828125,1,P2_CV0,1,2,0,2,0
3,43.40887665,-122.52291,ID3_F3_m3f3_P3_Y8_UO7217,ID3_F3_m3f3_P3_Y6_UO5585,ID3_F3_m3f3_P3_Y7_UO633,MXY,2,0.0,1,0,0.0,0,0,0,-9999.0,0.80859375,1,P2_CV0,1,2,0,1,1
3,43.40887665,-122.52291,ID3_F3_m3f3_P3_Y8_UO2280,ID3_F3_m3f3_P3_Y4_UO950,ID3_F3_m3f3_P3_Y7_UO3313,FXX,2,0.0,1,0,1.0,0,0,0,-9999.0,0.83984375,1,P2_CV0,1,2,0,2,0
3,43.40887665,-122.52291,ID3_F3_m3f3_P3_Y8_UO2747,ID3_F3_m3f3_P3_Y6_UO1063,ID3_F3_m3f3_P3_Y7_UO3764,MXY,2,0.0,1,0,0.0,0,0,0,-9999.0,0.80859375,1,P2_CV0,1,2,0,2,0
3,43.40887665,-122.52291,ID3_F3_m3f3_P3_Y8_UO6307,ID3_F3_m3f3_P3_Y6_UO6777,ID3_F3_m3f3_P3_Y7_UO3991,MXY,2,0.0,1,0,0.0,0,0,0,-9999.0,0.796875,1,P2_CV0,1,2,0,0,2
3,43.40887665,-122.52291,ID3_F3_m3f3_P3_Y8_UO907,ID3_F3_m3f3_P3_Y6_UO3681,ID3_F3_m3f3_P3_Y6_UO7549,MXY,2,0.0,1,0,0.0,0,0,0,-9999.0,0.890625,1,P2_CV0,1,2,0,0,2
3,43.40887665,-122.52291,ID3_F3_m3f3_P3_Y8_UO912,ID3_F3_m3f3_P3_Y6_UO3681,ID3_F3_m3f3_P3_Y6_UO7549,FXX,2,0.0,1,0,1.0,0,0,0,-9999.0,0.890625,1,P2_CV0,1,2,0,0,2
3,43.40887665,-122.52291,ID3_F3_m3f3_P3_Y8_UO4207,ID3_F3_m3f3_P3_Y6_UO740,ID3_F3_m3f3_P3_Y7_UO1216,MXY,2,0.0,1,0,0.0,0,0,0,-9999.0,0.796875,1,P2_CV0,1,2,0,2,0
3,43.40887665,-122.52291,ID3_F3_m3f3_P3_Y8_UO2199,ID3_F3_m3f3_P3_Y6_UO1785,ID3_F3_m3f3_P3_Y6_UO1404,MXY,2,0.0,1,0,0.0,0,0,0,-9999.0,0.80859375,1,P2_CV0,1,2,0,2,0
3,43.40887665,-122.52291,ID3_F3_m3f3_P3_Y8_UO212,ID3_F3_m3f3_P3_Y6_UO6777,ID3_F3_m3f3_P3_Y7_UO4990,MXY,2,0.0,1,0,0.0,0,0,0,-9999.0,0.8046875,1,P2_CV0,1,2,0,1,1
3,43.40887665,-122.52291,ID3_F3_m3f3_P3_Y8_UO906,ID3_F3_m3f3_P3_Y6_UO3681,ID3_F3_m3f3_P3_Y6_UO7549,MXY,2,0.0,1,0,0.0,0,0,0,-9999.0,0.890625,1,P2_CV0,1,2,0,1,1
3,43.40887665,-122.52291,ID3_F3_m3f3_P3_Y8_UO4345,ID3_F3_m3f3_P3_Y5_UO4640,ID3_F3_m3f3_P3_Y4_UO3724,MXY,2,0.0,1,0,0.0,0,0,0,-9999.0,0.796875,1,P2_CV0,1,2,0,2,0
3,43.40887665,-122.52291,ID3_F3_m3f3_P3_Y8_UO1076,ID3_F3_m3f3_P3_Y4_UO5141,ID3_F3_m3f3_P3_Y5_UO2779,FXX,2,0.0,1,0,1.0,0,0,0,-9999.0,0.7890625,1,P2_CV0,1,2,0,0,2
3,43.40887665,-122.52291,ID3_F3_m3f3_P3_Y8_UO3325,ID3_F3_m3f3_P3_Y6_UO1084,ID3_F3_m3f3_P3_Y6_UO3318,FXX,2,0.0,1,0,1.0,0,0,0,-9999.0,0.8359375,1,P2_CV0,1,2,0,0,2
3,43.40887665,-122.52291,ID3_F3_m3f3_P3_Y8_UO1077,ID3_F3_m3f3_P3_Y4_UO5141,ID3_F3_m3f3_P3_Y5_UO2779,FXX,2,0.0,1,0,1.0,0,0,0,-9999.0,0.7890625,1,P2_CV0,1,2,0,2,0
3,43.40887665,-122.52291,ID3_F3_m3f3_P3_Y8_UO2736,ID3_F3_m3f3_P3_Y6_UO3367,ID3_F3_m3f3_P3_Y7_UO341,FXX,2,0.0,1,0,1.0,0,0,0,-9999.0,0.875,1,P2_CV0,1,2,0,1,1
3,43.40887665,-122.52291,ID3_F3_m3f3_P3_Y8_UO910,ID3_F3_m3f3_P3_Y6_UO3681,ID3_F3_m3f3_P3_Y6_UO7549,MXY,2,0.0,1,0,0.0,0,0,0,-9999.0,0.890625,1,P2_CV0,1,2,0,0,2
3,43.40887665,-122.52291,ID3_F3_m3f3_P3_Y8_UO167,ID3_F3_m3f3_P3_Y6_UO2034,ID3_F3_m3f3_P3_Y7_UO332,MXY,2,0.0,1,0,0.0,0,0,0,-9999.0,0.8515625,1,P2_CV0,1,2,0,1,1
3,43.40887665,-122.52291,ID3_F3_m3f3_P3_Y8_UO7215,ID3_F3_m3f3_P3_Y6_UO5585,ID3_F3_m3f3_P3_Y7_UO633,MXY,2,0.0,1,0,0.0,0,0,0,-9999.0,0.80859375,1,P2_CV0,1,2,0,1,1
3,43.40887665,-122.52291,ID3_F3_m3f3_P3_Y8_UO1035,ID3_F3_m3f3_P3_Y6_UO1157,ID3_F3_m3f3_P3_Y6_UO1778,MXY,2,0.0,1,0,0.0,0,0,0,-9999.0,0.8515625,1,P2_CV0,1,2,0,0,2
3,43.40887665,-122.52291,ID3_F3_m3f3_P3_Y8_UO4206,ID3_F3_m3f3_P3_Y6_UO740,ID3_F3_m3f3_P3_Y7_UO1216,FXX,2,0.0,1,0,1.0,0,0,0,-9999.0,0.796875,1,P2_CV0,1,2,0,0,2
3,43.40887665,-122.52291,ID3_F3_m3f3_P3_Y8_UO3895,ID3_F3_m3f3_P3_Y4_UO5947,ID3_F3_m3f3_P3_Y7_UO426,MXY,2,0.0,1,0,0.0,0,0,0,-9999.0,0.7734375,1,P2_CV0,1,2,0,1,1
3,43.40887665,-122.52291,ID3_F3_m3f3_P3_Y8_UO7007,ID3_F3_m3f3_P3_Y5_UO4503,ID3_F3_m3f3_P3_Y7_UO4496,MXY,2,0.0,1,0,0.0,0,0,0,-9999.0,0.8359375,1,P2_CV0,1,2,0,0,2
3,43.40887665,-122.52291,ID3_F3_m3f3_P3_Y8_UO2278,ID3_F3_m3f3_P3_Y4_UO950,ID3_F3_m3f3_P3_Y7_UO3313,MXY,2,0.0,1,0,0.0,0,0,0,-9999.0,0.83984375,1,P2_CV0,1,2,0,1,1
3,43.40887665,-122.52291,ID3_F3_m3f3_P3_Y8_UO4960,ID3_F3_m3f3_P3_Y6_UO7335,ID3_F3_m3f3_P3_Y6_UO4775,FXX,2,0.0,1,0,1.0,0,0,0,-9999.0,0.8203125,1,P2_CV0,1,2,0,2,0
3,43.40887665,-122.52291,ID3_F3_m3f3_P3_Y8_UO4208,ID3_F3_m3f3_P3_Y6_UO740,ID3_F3_m3f3_P3_Y7_UO1216,MXY,2,0.0,1,0,0.0,0,0,0,-9999.0,0.796875,1,P2_CV0,1,2,0,2,0
3,43.40887665,-122.52291,ID3_F3_m3f3_P3_Y8_UO2434,ID3_F3_m3f3_P3_Y5_UO3456,ID3_F3_m3f3_P3_Y6_UO1404,FXX,2,0.0,1,0,1.0,0,0,0,-9999.0,0.6953125,1,P2_CV0,1,2,0,1,1
3,43.40887665,-122.52291,ID3_F3_m3f3_P3_Y8_UO2844,ID3_F3_m3f3_P3_Y3_UO2351,ID3_F3_m3f3_P3_Y7_UO2896,FXX,2,0.0,1,0,1.0,0,0,0,-9999.0,0.81640625,1,P2_CV0,1,2,0,2,0
3,43.40887665,-122.52291,ID3_F3_m3f3_P3_Y8_UO4963,ID3_F3_m3f3_P3_Y6_UO7335,ID3_F3_m3f3_P3_Y6_UO4775,MXY,2,0.0,1,0,0.0,0,0,0,-9999.0,0.8203125,1,P2_CV0,1,2,0,1,1
3,43.40887665,-122.52291,ID3_F3_m3f3_P3_Y8_UO1033,ID3_F3_m3f3_P3_Y6_UO1157,ID3_F3_m3f3_P3_Y6_UO1778,MXY,2,0.0,1,0,0.0,0,0,0,-9999.0,0.8515625,1,P2_CV0,1,2,0,1,1
3,43.40887665,-122.52291,ID3_F3_m3f3_P3_Y8_UO5537,ID3_F3_m3f3_P3_Y6_UO1902,ID3_F3_m3f3_P3_Y6_UO6773,MXY,2,0.0,1,0,0.0,0,0,0,-9999.0,0.828125,1,P2_CV0,1,2,0,1,1
3,43.40887665,-122.52291,ID3_F3_m3f3_P3_Y8_UO60,ID3_F3_m3f3_P3_Y6_UO1785,ID3_F3_m3f3_P3_Y7_UO3308,MXY,2,0.0,1,0,0.0,0,0,0,-9999.0,0.87890625,1,P2_CV0,1,2,0,0,2
3,43.40887665,-122.52291,ID3_F3_m3f3_P3_Y8_UO5494,ID3_F3_m3f3_P3_Y6_UO2439,ID3_F3_m3f3_P3_Y6_UO1604,FXX,2,0.0,1,0,1.0,0,0,0,-9999.0,0.8671875,1,P2_CV0,1,2,0,1,1
3,43.40887665,-122.52291,ID3_F3_m3f3_P3_Y8_UO2875,ID3_F3_m3f3_P3_Y6_UO290,ID3_F3_m3f3_P3_Y6_UO3318,FXX,2,0.0,1,0,1.0,0,0,0,-9999.0,0.859375,1,P2_CV0,1,2,0,1,1
3,43.40887665,-122.52291,ID3_F3_m3f3_P3_Y8_UO1938,ID3_F3_m3f3_P3_Y5_UO2050,ID3_F3_m3f3_P3_Y5_UO4789,FXX,2,0.0,1,0,1.0,0,0,0,-9999.0,0.828125,1,P2_CV0,1,2,0,2,0
3,43.40887665,-122.52291,ID3_F3_m3f3_P3_Y8_UO6083,ID3_F3_m3f3_P3_Y6_UO4112,ID3_F3_m3f3_P3_Y5_UO343,FXX,2,0.0,1,0,1.0,0,0,0,-9999.0,0.78125,1,P2_CV0,1,2,0,1,1
3,43.40887665,-122.52291,ID3_F3_m3f3_P3_Y8_UO4344,ID3_F3_m3f3_P3_Y5_UO4640,ID3_F3_m3f3_P3_Y4_UO3724,FXX,2,0.0,1,0,1.0,0,0,0,-9999.0,0.796875,1,P2_CV0,1,2,0,0,2
3,43.40887665,-122.52291,ID3_F3_m3f3_P3_Y8_UO2734,ID3_F3_m3f3_P3_Y6_UO3367,ID3_F3_m3f3_P3_Y7_UO341,MXY,2,0.0,1,0,0.0,0,0,0,-9999.0,0.875,1,P2_CV0,1,2,0,1,1
3,43.40887665,-122.52291,ID3_F3_m3f3_P3_Y8_UO5705,ID3_F3_m3f3_P3_Y6_UO3320,ID3_F3_m3f3_P3_Y7_UO648,FXX,2,0.0,1,0,1.0,0,0,0,-9999.0,0.8359375,1,P2_CV0,1,2,0,0,2
3,43.40887665,-122.52291,ID3_F3_m3f3_P3_Y8_UO2144,ID3_F3_m3f3_P3_Y6_UO4112,ID3_F3_m3f3_P3_Y6_UO2050,FXX,2,0.0,1,0,1.0,0,0,0,-9999.0,0.828125,1,P2_CV0,1,2,0,1,1
3,43.40887665,-122.52291,ID3_F3_m3f3_P3_Y8_UO6188,ID3_F3_m3f3_P3_Y4_UO800,ID3_F3_m3f3_P3_Y7_UO337,FXX,2,0.0,1,0,1.0,0,0,0,-9999.0,0.8671875,1,P2_CV0,1,2,0,1,1
3,43.40887665,-122.52291,ID3_F3_m3f3_P3_Y8_UO4874,ID3_F3_m3f3_P3_Y6_UO4645,ID3_F3_m3f3_P3_Y7_UO3323,MXY,2,0.0,1,0,0.0,0,0,0,-9999.0,0.80859375,1,P2_CV0,1,2,0,1,1
3,43.40887665,-122.52291,ID3_F3_m3f3_P3_Y8_UO7033,ID3_F3_m3f3_P3_Y5_UO4503,ID3_F3_m3f3_P3_Y7_UO1216,MXY,2,0.0,1,0,0.0,0,0,0,-9999.0,0.78125,1,P2_CV0,1,2,0,0,2
3,43.40887665,-122.52291,ID3_F3_m3f3_P3_Y8_UO5394,ID3_F3_m3f3_P3_Y6_UO4608,ID3_F3_m3f3_P3_Y7_UO648,FXX,2,0.0,1,0,1.0,0,0,0,-9999.0,0.8359375,1,P2_CV0,1,2,0,1,1
3,43.40887665,-122.52291,ID3_F3_m3f3_P3_Y8_UO2863,ID3_F3_m3f3_P3_Y6_UO3363,ID3_F3_m3f3_P3_Y7_UO2898,MXY,2,0.0,1,0,0.0,0,0,0,-9999.0,0.85546875,1,P2_CV0,1,2,0,1,1
3,43.40887665,-122.52291,ID3_F3_m3f3_P3_Y8_UO5496,ID3_F3_m3f3_P3_Y6_UO2439,ID3_F3_m3f3_P3_Y6_UO1604,FXX,2,0.0,1,0,1.0,0,0,0,-9999.0,0.8671875,1,P2_CV0,1,2,0,1,1
3,43.40887665,-122.52291,ID3_F3_m3f3_P3_Y8_UO2187,ID3_F3_m3f3_P3_Y6_UO4609,ID3_F3_m3f3_P3_Y7_UO643,FXX,2,0.0,1,0,1.0,0,0,0,-9999.0,0.8359375,1,P2_CV0,1,2,0,1,1
3,43.40887665,-122.52291,ID3_F3_m3f3_P3_Y8_UO2435,ID3_F3_m3f3_P3_Y5_UO3456,ID3_F3_m3f3_P3_Y6_UO1404,MXY,2,0.0,1,0,0.0,0,0,0,-9999.0,0.6953125,1,P2_CV0,1,2,0,1,1
3,43.40887665,-122.52291,ID3_F3_m3f3_P3_Y8_UO2432,ID3_F3_m3f3_P3_Y5_UO3456,ID3_F3_m3f3_P3_Y6_UO1404,MXY,2,0.0,1,0,0.0,0,0,0,-9999.0,0.6953125,1,P2_CV0,1,2,0,1,1
3,43.40887665,-122.52291,ID3_F3_m3f3_P3_Y8_UO1075,ID3_F3_m3f3_P3_Y4_UO5141,ID3_F3_m3f3_P3_Y5_UO2779,FXX,2,0.0,1,0,1.0,0,0,0,-9999.0,0.7890625,1,P2_CV0,1,2,0,1,1
3,43.40887665,-122.52291,ID3_F3_m3f3_P3_Y8_UO4666,ID3_F3_m3f3_P3_Y6_UO3320,ID3_F3_m3f3_P3_Y6_UO4821,FXX,2,0.0,1,0,1.0,0,0,0,-9999.0,0.84375,1,P2_CV0,1,2,0,1,1
3,43.40887665,-122.52291,ID3_F3_m3f3_P3_Y8_UO214,ID3_F3_m3f3_P3_Y6_UO658,ID3_F3_m3f3_P3_Y7_UO5699,FXX,2,0.0,1,0,1.0,0,0,0,-9999.0,0.8359375,1,P2_CV0,1,2,0,2,0
3,43.40887665,-122.52291,ID3_F3_m3f3_P3_Y8_UO5415,ID3_F3_m3f3_P3_Y4_UO800,ID3_F3_m3f3_P3_Y6_UO1154,FXX,2,0.0,1,0,1.0,0,0,0,-9999.0,0.85546875,1,P2_CV0,1,2,0,1,1
3,43.40887665,-122.52291,ID3_F3_m3f3_P3_Y8_UO2433,ID3_F3_m3f3_P3_Y5_UO3456,ID3_F3_m3f3_P3_Y6_UO1404,MXY,2,0.0,1,0,0.0,0,0,0,-9999.0,0.6953125,1,P2_CV0,1,2,0,2,0
3,43.40887665,-122.52291,ID3_F3_m3f3_P3_Y8_UO2183,ID3_F3_m3f3_P3_Y6_UO4609,ID3_F3_m3f3_P3_Y7_UO643,MXY,2,0.0,1,0,0.0,0,0,0,-9999.0,0.8359375,1,P2_CV0,1,2,0,1,1
3,43.40887665,-122.52291,ID3_F3_m3f3_P3_Y8_UO5723,ID3_F3_m3f3_P3_Y6_UO6608,ID3_F3_m3f3_P3_Y7_UO3758,FXX,2,0.0,1,0,1.0,0,0,0,-9999.0,0.80859375,1,P2_CV0,1,2,0,2,0
3,43.40887665,-122.52291,ID3_F3_m3f3_P3_Y8_UO170,ID3_F3_m3f3_P3_Y6_UO2034,ID3_F3_m3f3_P3_Y7_UO332,FXX,2,0.0,1,0,1.0,0,0,0,-9999.0,0.8515625,1,P2_CV0,1,2,0,1,1
3,43.40887665,-122.52291,ID3_F3_m3f3_P3_Y7_UO333,ID3_F3_m3f3_P3_Y5_UO1687,ID3_F3_m3f3_P3_Y4_UO1576,FXX,3,0.0,1,0,1.0,0,0,0,-9999.0,0.859375,1,P2_CV0,1,2,0,2,0
3,43.40887665,-122.52291,ID3_F3_m3f3_P3_Y7_UO2247,ID3_F3_m3f3_P3_Y4_UO950,ID3_F3_m3f3_P3_Y6_UO2437,MXY,3,0.0,1,0,0.0,0,0,0,-9999.0,0.90625,1,P2_CV0,1,2,0,1,1
3,43.40887665,-122.52291,ID3_F3_m3f3_P3_Y7_UO2448,ID3_F3_m3f3_P3_Y4_UO5141,ID3_F3_m3f3_P3_Y6_UO4493,MXY,3,0.0,1,0,0.0,0,0,0,-9999.0,0.828125,1,P2_CV0,1,2,0,0,2
3,43.40887665,-122.52291,ID3_F3_m3f3_P3_Y7_UO2960,ID3_F3_m3f3_P3_Y4_UO1655,ID3_F3_m3f3_P3_Y6_UO1408,MXY,3,0.0,1,0,0.0,0,0,0,-9999.0,0.78125,1,P2_CV0,1,2,0,2,0
3,43.40887665,-122.52291,ID3_F3_m3f3_P3_Y7_UO1720,ID3_F3_m3f3_P3_Y4_UO1655,ID3_F3_m3f3_P3_Y4_UO6008,FXX,3,0.0,1,0,1.0,0,0,0,-9999.0,0.78125,1,P2_CV0,1,2,0,0,2
3,43.40887665,-122.52291,ID3_F3_m3f3_P3_Y7_UO636,ID3_F3_m3f3_P3_Y5_UO4640,ID3_F3_m3f3_P3_Y6_UO3740,MXY,3,0.0,1,0,0.0,0,0,0,-9999.0,0.828125,1,P2_CV0,1,2,0,0,2
3,43.40887665,-122.52291,ID3_F3_m3f3_P3_Y7_UO4494,ID3_F3_m3f3_P3_Y4_UO1476,ID3_F3_m3f3_P3_Y6_UO4413,MXY,3,0.0,1,0,0.0,0,0,0,-9999.0,0.859375,1,P2_CV0,1,2,0,1,1
3,43.40887665,-122.52291,ID3_F3_m3f3_P3_Y7_UO3764,ID3_F3_m3f3_P3_Y5_UO3037,ID3_F3_m3f3_P3_Y6_UO4778,MXY,3,0.0,1,0,0.0,0,0,0,-9999.0,0.8046875,1,P2_CV0,1,2,0,1,1
3,43.40887665,-122.52291,ID3_F3_m3f3_P3_Y7_UO1220,ID3_F3_m3f3_P3_Y5_UO4166,ID3_F3_m3f3_P3_Y6_UO2053,FXX,3,0.0,1,0,1.0,0,0,0,-9999.0,0.75,1,P2_CV0,1,2,0,1,1
3,43.40887665,-122.52291,ID3_F3_m3f3_P3_Y7_UO5169,ID3_F3_m3f3_P3_Y5_UO4849,ID3_F3_m3f3_P3_Y6_UO4775,FXX,3,0.0,1,0,1.0,0,0,0,-9999.0,0.734375,1,P2_CV0,1,2,0,1,1
3,43.40887665,-122.52291,ID3_F3_m3f3_P3_Y7_UO5305,ID3_F3_m3f3_P3_Y5_UO2050,ID3_F3_m3f3_P3_Y6_UO5584,FXX,3,0.0,1,0,1.0,0,0,0,-9999.0,0.8359375,1,P2_CV0,1,2,0,1,1
3,43.40887665,-122.52291,ID3_F3_m3f3_P3_Y7_UO843,ID3_F3_m3f3_P3_Y4_UO305,ID3_F3_m3f3_P3_Y5_UO269,MXY,3,0.0,1,0,0.0,0,0,0,-9999.0,0.8125,1,P2_CV0,1,2,0,1,1
3,43.40887665,-122.52291,ID3_F3_m3f3_P3_Y7_UO205,ID3_F3_m3f3_P3_Y4_UO6097,ID3_F3_m3f3_P3_Y6_UO6279,MXY,3,0.0,1,0,0.0,0,0,0,-9999.0,0.8671875,1,P2_CV0,1,2,0,1,1
3,43.40887665,-122.52291,ID3_F3_m3f3_P3_Y7_UO2454,ID3_F3_m3f3_P3_Y4_UO5141,ID3_F3_m3f3_P3_Y6_UO4493,FXX,3,0.0,1,0,1.0,0,0,0,-9999.0,0.828125,1,P2_CV0,1,2,0,0,2
3,43.40887665,-122.52291,ID3_F3_m3f3_P3_Y7_UO2112,ID3_F3_m3f3_P3_Y4_UO4037,ID3_F3_m3f3_P3_Y6_UO6458,FXX,3,0.0,1,0,1.0,0,0,0,-9999.0,0.7890625,1,P2_CV0,1,2,0,2,0
3,43.40887665,-122.52291,ID3_F3_m3f3_P3_Y7_UO1217,ID3_F3_m3f3_P3_Y5_UO4166,ID3_F3_m3f3_P3_Y6_UO2053,MXY,3,0.0,1,0,0.0,0,0,0,-9999.0,0.75,1,P2_CV0,1,2,0,1,1
3,43.40887665,-122.52291,ID3_F3_m3f3_P3_Y7_UO4132,ID3_F3_m3f3_P3_Y5_UO2855,ID3_F3_m3f3_P3_Y4_UO3323,FXX,3,0.0,1,0,1.0,0,0,0,-9999.0,0.890625,1,P2_CV0,1,2,0,2,0
3,43.40887665,-122.52291,ID3_F3_m3f3_P3_Y7_UO338,ID3_F3_m3f3_P3_Y5_UO1687,ID3_F3_m3f3_P3_Y4_UO1576,MXY,3,0.0,1,0,0.0,0,0,0,-9999.0,0.859375,1,P2_CV0,1,2,0,2,0
3,43.40887665,-122.52291,ID3_F3_m3f3_P3_Y7_UO1225,ID3_F3_m3f3_P3_Y5_UO4166,ID3_F3_m3f3_P3_Y6_UO2053,FXX,3,0.0,1,0,1.0,0,0,0,-9999.0,0.75,1,P2_CV0,1,2,0,1,1
3,43.40887665,-122.52291,ID3_F3_m3f3_P3_Y7_UO2455,ID3_F3_m3f3_P3_Y4_UO5141,ID3_F3_m3f3_P3_Y6_UO4493,FXX,3,0.0,1,0,1.0,0,0,0,-9999.0,0.828125,1,P2_CV0,1,2,0,0,2
3,43.40887665,-122.52291,ID3_F3_m3f3_P3_Y7_UO4990,ID3_F3_m3f3_P3_Y3_UO3081,ID3_F3_m3f3_P3_Y6_UO2053,MXY,3,0.0,1,0,0.0,0,0,0,-9999.0,0.796875,1,P2_CV0,1,2,0,2,0
3,43.40887665,-122.52291,ID3_F3_m3f3_P3_Y7_UO4846,ID3_F3_m3f3_P3_Y4_UO5947,ID3_F3_m3f3_P3_Y6_UO4777,FXX,3,0.0,1,0,1.0,0,0,0,-9999.0,0.8125,1,P2_CV0,1,2,0,1,1
3,43.40887665,-122.52291,ID3_F3_m3f3_P3_Y7_UO4127,ID3_F3_m3f3_P3_Y5_UO2855,ID3_F3_m3f3_P3_Y4_UO3323,FXX,3,0.0,1,0,1.0,0,0,0,-9999.0,0.890625,1,P2_CV0,1,2,0,2,0
3,43.40887665,-122.52291,ID3_F3_m3f3_P3_Y7_UO3762,ID3_F3_m3f3_P3_Y5_UO3037,ID3_F3_m3f3_P3_Y6_UO4778,MXY,3,0.0,1,0,0.0,0,0,0,-9999.0,0.8046875,1,P2_CV0,1,2,0,2,0
3,43.40887665,-122.52291,ID3_F3_m3f3_P3_Y6_UO3682,ID3_F3_m3f3_P3_Y4_UO735,ID3_F3_m3f3_P3_Y4_UO1653,MXY,4,0.0,1,0,0.0,0,0,0,-9999.0,0.84375,1,P2_CV0,1,2,0,0,2
3,43.40887665,-122.52291,ID3_F3_m3f3_P3_Y6_UO933,ID3_F3_m3f3_P3_Y4_UO922,ID3_F3_m3f3_P3_Y5_UO4491,FXX,4,0.0,1,0,1.0,0,0,0,-9999.0,0.8359375,1,P2_CV0,1,2,0,0,2
3,43.40887665,-122.52291,ID3_F3_m3f3_P3_Y6_UO930,ID3_F3_m3f3_P3_Y4_UO922,ID3_F3_m3f3_P3_Y5_UO4491,MXY,4,0.0,1,0,0.0,0,0,0,-9999.0,0.8359375,1,P2_CV0,1,2,0,2,0
3,43.40887665,-122.52291,ID3_F3_m3f3_P3_Y6_UO2053,ID3_F3_m3f3_P3_Y4_UO921,ID3_F3_m3f3_P3_Y3_UO3931,MXY,4,0.0,1,0,0.0,0,0,0,-9999.0,0.84375,1,P2_CV0,1,2,0,2,0
3,43.40887665,-122.52291,ID3_F3_m3f3_P3_Y6_UO4413,ID3_F3_m3f3_P3_Y2_UO1621,ID3_F3_m3f3_P3_Y4_UO3959,MXY,4,0.0,1,0,0.0,0,0,0,-9999.0,0.84375,1,P2_CV0,1,2,0,0,2
3,43.40887665,-122.52291,ID3_F3_m3f3_P3_Y6_UO1154,ID3_F3_m3f3_P3_Y4_UO922,ID3_F3_m3f3_P3_Y5_UO3035,MXY,4,0.0,1,0,0.0,0,0,0,-9999.0,0.8359375,1,P2_CV0,1,2,0,1,1
3,43.40887665,-122.52291,ID3_F3_m3f3_P3_Y6_UO4607,ID3_F3_m3f3_P3_Y3_UO3368,ID3_F3_m3f3_P3_Y4_UO1810,MXY,4,0.0,1,0,0.0,0,0,0,-9999.0,0.84375,1,P2_CV0,1,2,0,1,1
3,43.40887665,-122.52291,ID3_F3_m3f3_P3_Y6_UO4494,ID3_F3_m3f3_P3_Y4_UO7339,ID3_F3_m3f3_P3_Y5_UO275,MXY,4,0.0,1,0,0.0,0,0,0,-9999.0,0.84375,1,P2_CV0,1,2,0,0,2
3,43.40887665,-122.52291,ID3_F3_m3f3_P3_Y6_UO1604,ID3_F3_m3f3_P3_Y4_UO3723,ID3_F3_m3f3_P3_Y4_UO4868,MXY,4,0.0,1,0,0.0,0,0,0,-9999.0,0.765625,1,P2_CV0,1,2,0,0,2
3,43.40887665,-122.52291,ID3_F3_m3f3_P3_Y5_UO345,ID3_F3_m3f3_P3_Y0_UO6202,ID3_F3_m3f3_P3_Y4_UO2109,MXY,5,0.0,1,0,0.0,0,0,0,-9999.0,0.75,1,P2_CV0,1,2,0,1,1
4,45.1161817,-122.0584679,ID4_F4_m4f4_P4_Y9_UO334,ID4_F4_m4f4_P4_Y6_UO7408,ID4_F4_m4f4_P4_Y8_UO2444,FXX,1,0.0,1,0,1.0,0,0,0,-9999.0,0.873046875,1,P3_CV0,1,2,0,2,0
4,45.1161817,-122.0584679,ID4_F4_m4f4_P4_Y9_UO335,ID4_F4_m4f4_P4_Y6_UO7408,ID4_F4_m4f4_P4_Y8_UO2444,MXY,1,0.0,1,0,0.0,0,0,0,-9999.0,0.873046875,1,P3_CV0,1,2,0,2,0
4,45.1161817,-122.0584679,ID4_F4_m4f4_P4_Y9_UO338,ID4_F4_m4f4_P4_Y6_UO7408,ID4_F4_m4f4_P4_Y8_UO2444,FXX,1,0.0,1,0,1.0,0,0,0,-9999.0,0.873046875,1,P3_CV0,1,2,0,2,0
4,45.1161817,-122.0584679,ID4_F4_m4f4_P4_Y9_UO339,ID4_F4_m4f4_P4_Y6_UO7408,ID4_F4_m4f4_P4_Y8_UO2444,MXY,1,0.0,1,0,0.0,0,0,0,-9999.0,0.873046875,1,P3_CV0,1,2,0,2,0
4,45.1161817,-122.0584679,ID4_F4_m4f4_P4_Y9_UO343,ID4_F4_m4f4_P4_Y6_UO7408,ID4_F4_m4f4_P4_Y8_UO2444,MXY,1,0.0,1,0,0.0,0,0,0,-9999.0,0.873046875,1,P3_CV0,1,2,0,2,0
4,45.1161817,-122.0584679,ID4_F4_m4f4_P4_Y9_UO541,ID4_F4_m4f4_P4_Y7_UO1875,ID4_F4_m4f4_P4_Y8_UO831,MXY,1,0.0,1,0,0.0,0,0,0,-9999.0,0.89453125,1,P3_CV0,1,2,0,1,1
4,45.1161817,-122.0584679,ID4_F4_m4f4_P4_Y9_UO542,ID4_F4_m4f4_P4_Y7_UO1875,ID4_F4_m4f4_P4_Y8_UO831,FXX,1,0.0,1,0,1.0,0,0,0,-9999.0,0.89453125,1,P3_CV0,1,2,0,2,0
4,45.1161817,-122.0584679,ID4_F4_m4f4_P4_Y9_UO543,ID4_F4_m4f4_P4_Y7_UO1875,ID4_F4_m4f4_P4_Y8_UO831,MXY,1,0.0,1,0,0.0,0,0,0,-9999.0,0.89453125,1,P3_CV0,1,2,0,2,0
4,45.1161817,-122.0584679,ID4_F4_m4f4_P4_Y9_UO544,ID4_F4_m4f4_P4_Y7_UO1875,ID4_F4_m4f4_P4_Y8_UO831,FXX,1,0.0,1,0,1.0,0,0,0,-9999.0,0.89453125,1,P3_CV0,1,2,0,1,1
4,45.1161817,-122.0584679,ID4_F4_m4f4_P4_Y9_UO545,ID4_F4_m4f4_P4_Y7_UO1875,ID4_F4_m4f4_P4_Y8_UO831,FXX,1,0.0,1,0,1.0,0,0,0,-9999.0,0.89453125,1,P3_CV0,1,2,0,2,0
4,45.1161817,-122.0584679,ID4_F4_m4f4_P4_Y9_UO550,ID4_F4_m4f4_P4_Y7_UO1875,ID4_F4_m4f4_P4_Y8_UO831,FXX,1,0.0,1,0,1.0,0,0,0,-9999.0,0.89453125,1,P3_CV0,1,2,0,2,0
4,45.1161817,-122.0584679,ID4_F4_m4f4_P4_Y9_UO551,ID4_F4_m4f4_P4_Y7_UO1875,ID4_F4_m4f4_P4_Y8_UO831,MXY,1,0.0,1,0,0.0,0,0,0,-9999.0,0.89453125,1,P3_CV0,1,2,0,1,1
4,45.1161817,-122.0584679,ID4_F4_m4f4_P4_Y9_UO553,ID4_F4_m4f4_P4_Y7_UO1875,ID4_F4_m4f4_P4_Y8_UO831,MXY,1,0.0,1,0,0.0,0,0,0,-9999.0,0.89453125,1,P3_CV0,1,2,0,2,0
4,45.1161817,-122.0584679,ID4_F4_m4f4_P4_Y9_UO556,ID4_F4_m4f4_P4_Y7_UO1875,ID4_F4_m4f4_P4_Y8_UO831,MXY,1,0.0,1,0,0.0,0,0,0,-9999.0,0.89453125,1,P3_CV0,1,2,0,2,0
4,45.1161817,-122.0584679,ID4_F4_m4f4_P4_Y9_UO888,ID4_F4_m4f4_P4_Y7_UO622,ID4_F4_m4f4_P4_Y8_UO3817,FXX,1,0.0,1,0,1.0,0,0,0,-9999.0,0.869140625,1,P3_CV0,1,2,0,1,1
4,45.1161817,-122.0584679,ID4_F4_m4f4_P4_Y9_UO890,ID4_F4_m4f4_P4_Y7_UO622,ID4_F4_m4f4_P4_Y8_UO3817,MXY,1,0.0,1,0,0.0,0,0,0,-9999.0,0.869140625,1,P3_CV0,1,2,0,0,2
4,45.1161817,-122.0584679,ID4_F4_m4f4_P4_Y9_UO893,ID4_F4_m4f4_P4_Y7_UO622,ID4_F4_m4f4_P4_Y8_UO3817,FXX,1,0.0,1,0,1.0,0,0,0,-9999.0,0.869140625,1,P3_CV0,1,2,0,2,0
4,45.1161817,-122.0584679,ID4_F4_m4f4_P4_Y9_UO894,ID4_F4_m4f4_P4_Y7_UO622,ID4_F4_m4f4_P4_Y8_UO3817,FXX,1,0.0,1,0,1.0,0,0,0,-9999.0,0.869140625,1,P3_CV0,1,2,0,1,1
4,45.1161817,-122.0584679,ID4_F4_m4f4_P4_Y9_UO1101,ID4_F4_m4f4_P4_Y7_UO4403,ID4_F4_m4f4_P4_Y8_UO4825,FXX,1,0.0,1,0,1.0,0,0,0,-9999.0,0.8486328125,1,P3_CV0,1,2,0,2,0
4,45.1161817,-122.0584679,ID4_F4_m4f4_P4_Y9_UO1102,ID4_F4_m4f4_P4_Y7_UO4403,ID4_F4_m4f4_P4_Y8_UO4825,FXX,1,0.0,1,0,1.0,0,0,0,-9999.0,0.8486328125,1,P3_CV0,1,2,0,2,0
4,45.1161817,-122.0584679,ID4_F4_m4f4_P4_Y9_UO1103,ID4_F4_m4f4_P4_Y7_UO4403,ID4_F4_m4f4_P4_Y8_UO4825,MXY,1,0.0,1,0,0.0,0,0,0,-9999.0,0.8486328125,1,P3_CV0,1,2,0,1,1
4,45.1161817,-122.0584679,ID4_F4_m4f4_P4_Y9_UO1105,ID4_F4_m4f4_P4_Y7_UO4403,ID4_F4_m4f4_P4_Y8_UO4825,FXX,1,0.0,1,0,1.0,0,0,0,-9999.0,0.8486328125,1,P3_CV0,1,2,0,2,0
4,45.1161817,-122.0584679,ID4_F4_m4f4_P4_Y9_UO1106,ID4_F4_m4f4_P4_Y7_UO4403,ID4_F4_m4f4_P4_Y8_UO4825,MXY,1,0.0,1,0,0.0,0,0,0,-9999.0,0.8486328125,1,P3_CV0,1,2,0,1,1
4,45.1161817,-122.0584679,ID4_F4_m4f4_P4_Y9_UO1109,ID4_F4_m4f4_P4_Y7_UO4403,ID4_F4_m4f4_P4_Y8_UO4825,MXY,1,0.0,1,0,0.0,0,0,0,-9999.0,0.8486328125,1,P3_CV0,1,2,0,1,1
4,45.1161817,-122.0584679,ID4_F4_m4f4_P4_Y9_UO1111,ID4_F4_m4f4_P4_Y7_UO4403,ID4_F4_m4f4_P4_Y8_UO4825,FXX,1,0.0,1,0,1.0,0,0,0,-9999.0,0.8486328125,1,P3_CV0,1,2,0,2,0
4,45.1161817,-122.0584679,ID4_F4_m4f4_P4_Y9_UO1114,ID4_F4_m4f4_P4_Y7_UO4403,ID4_F4_m4f4_P4_Y8_UO4825,FXX,1,0.0,1,0,1.0,0,0,0,-9999.0,0.8486328125,1,P3_CV0,1,2,0,1,1
4,45.1161817,-122.0584679,ID4_F4_m4f4_P4_Y9_UO1115,ID4_F4_m4f4_P4_Y7_UO4403,ID4_F4_m4f4_P4_Y8_UO4825,FXX,1,0.0,1,0,1.0,0,0,0,-9999.0,0.8486328125,1,P3_CV0,1,2,0,1,1
4,45.1161817,-122.0584679,ID4_F4_m4f4_P4_Y9_UO1116,ID4_F4_m4f4_P4_Y7_UO4403,ID4_F4_m4f4_P4_Y8_UO4825,MXY,1,0.0,1,0,0.0,0,0,0,-9999.0,0.8486328125,1,P3_CV0,1,2,0,1,1
4,45.1161817,-122.0584679,ID4_F4_m4f4_P4_Y9_UO1117,ID4_F4_m4f4_P4_Y7_UO4403,ID4_F4_m4f4_P4_Y8_UO4825,MXY,1,0.0,1,0,0.0,0,0,0,-9999.0,0.8486328125,1,P3_CV0,1,2,0,2,0
4,45.1161817,-122.0584679,ID4_F4_m4f4_P4_Y9_UO1416,ID4_F4_m4f4_P4_Y6_UO1292,ID4_F4_m4f4_P4_Y8_UO7594,MXY,1,0.0,1,0,0.0,0,0,0,-9999.0,0.8798828125,1,P3_CV0,1,2,0,0,2
4,45.1161817,-122.0584679,ID4_F4_m4f4_P4_Y9_UO1417,ID4_F4_m4f4_P4_Y6_UO1292,ID4_F4_m4f4_P4_Y8_UO7594,MXY,1,0.0,1,0,0.0,0,0,0,-9999.0,0.8798828125,1,P3_CV0,1,2,0,0,2
4,45.1161817,-122.0584679,ID4_F4_m4f4_P4_Y9_UO1418,ID4_F4_m4f4_P4_Y6_UO1292,ID4_F4_m4f4_P4_Y8_UO7594,FXX,1,0.0,1,0,1.0,0,0,0,-9999.0,0.8798828125,1,P3_CV0,1,2,0,0,2
4,45.1161817,-122.0584679,ID4_F4_m4f4_P4_Y9_UO2113,ID4_F4_m4f4_P4_Y7_UO1686,ID4_F4_m4f4_P4_Y8_UO2444,MXY,1,0.0,1,0,0.0,0,0,0,-9999.0,0.875,1,P3_CV0,1,2,0,1,1
4,45.1161817,-122.0584679,ID4_F4_m4f4_P4_Y9_UO2116,ID4_F4_m4f4_P4_Y7_UO1686,ID4_F4_m4f4_P4_Y8_UO2444,MXY,1,0.0,1,0,0.0,0,0,0,-9999.0,0.875,1,P3_CV0,1,2,0,1,1
4,45.1161817,-122.0584679,ID4_F4_m4f4_P4_Y9_UO2117,ID4_F4_m4f4_P4_Y7_UO1686,ID4_F4_m4f4_P4_Y8_UO2444,FXX,1,0.0,1,0,1.0,0,0,0,-9999.0,0.875,1,P3_CV0,1,2,0,1,1
4,45.1161817,-122.0584679,ID4_F4_m4f4_P4_Y9_UO2118,ID4_F4_m4f4_P4_Y7_UO1686,ID4_F4_m4f4_P4_Y8_UO2444,FXX,1,0.0,1,0,1.0,0,0,0,-9999.0,0.875,1,P3_CV0,1,2,0,2,0
4,45.1161817,-122.0584679,ID4_F4_m4f4_P4_Y9_UO2120,ID4_F4_m4f4_P4_Y7_UO1686,ID4_F4_m4f4_P4_Y8_UO2444,FXX,1,0.0,1,0,1.0,0,0,0,-9999.0,0.875,1,P3_CV0,1,2,0,1,1
4,45.1161817,-122.0584679,ID4_F4_m4f4_P4_Y9_UO2123,ID4_F4_m4f4_P4_Y7_UO1686,ID4_F4_m4f4_P4_Y8_UO2444,FXX,1,0.0,1,0,1.0,0,0,0,-9999.0,0.875,1,P3_CV0,1,2,0,1,1
4,45.1161817,-122.0584679,ID4_F4_m4f4_P4_Y9_UO2125,ID4_F4_m4f4_P4_Y7_UO1686,ID4_F4_m4f4_P4_Y8_UO2444,MXY,1,0.0,1,0,0.0,0,0,0,-9999.0,0.875,1,P3_CV0,1,2,0,1,1
4,45.1161817,-122.0584679,ID4_F4_m4f4_P4_Y9_UO2372,ID4_F4_m4f4_P4_Y7_UO1600,ID4_F4_m4f4_P4_Y8_UO5210,MXY,1,0.0,1,0,0.0,0,0,0,-9999.0,0.8798828125,1,P3_CV0,1,2,0,1,1
4,45.1161817,-122.0584679,ID4_F4_m4f4_P4_Y9_UO2374,ID4_F4_m4f4_P4_Y7_UO1600,ID4_F4_m4f4_P4_Y8_UO5210,MXY,1,0.0,1,0,0.0,0,0,0,-9999.0,0.8798828125,1,P3_CV0,1,2,0,2,0
4,45.1161817,-122.0584679,ID4_F4_m4f4_P4_Y9_UO2375,ID4_F4_m4f4_P4_Y7_UO1600,ID4_F4_m4f4_P4_Y8_UO5210,FXX,1,0.0,1,0,1.0,0,0,0,-9999.0,0.8798828125,1,P3_CV0,1,2,0,1,1
4,45.1161817,-122.0584679,ID4_F4_m4f4_P4_Y9_UO2376,ID4_F4_m4f4_P4_Y7_UO1600,ID4_F4_m4f4_P4_Y8_UO5210,FXX,1,0.0,1,0,1.0,0,0,0,-9999.0,0.8798828125,1,P3_CV0,1,2,0,1,1
4,45.1161817,-122.0584679,ID4_F4_m4f4_P4_Y9_UO2377,ID4_F4_m4f4_P4_Y7_UO1600,ID4_F4_m4f4_P4_Y8_UO5210,MXY,1,0.0,1,0,0.0,0,0,0,-9999.0,0.8798828125,1,P3_CV0,1,2,0,2,0
4,45.1161817,-122.0584679,ID4_F4_m4f4_P4_Y9_UO2379,ID4_F4_m4f4_P4_Y7_UO1600,ID4_F4_m4f4_P4_Y8_UO5210,MXY,1,0.0,1,0,0.0,0,0,0,-9999.0,0.8798828125,1,P3_CV0,1,2,0,1,1
4,45.1161817,-122.0584679,ID4_F4_m4f4_P4_Y9_UO2384,ID4_F4_m4f4_P4_Y7_UO1600,ID4_F4_m4f4_P4_Y8_UO5210,MXY,1,0.0,1,0,0.0,0,0,0,-9999.0,0.8798828125,1,P3_CV0,1,2,0,1,1
4,45.1161817,-122.0584679,ID4_F4_m4f4_P4_Y9_UO2387,ID4_F4_m4f4_P4_Y7_UO1600,ID4_F4_m4f4_P4_Y8_UO5210,FXX,1,0.0,1,0,1.0,0,0,0,-9999.0,0.8798828125,1,P3_CV0,1,2,0,1,1
4,45.1161817,-122.0584679,ID4_F4_m4f4_P4_Y9_UO2474,ID4_F4_m4f4_P4_Y4_UO3037,ID4_F4_m4f4_P4_Y7_UO3073,MXY,1,0.0,1,0,0.0,0,0,0,-9999.0,0.90234375,1,P3_CV0,1,2,0,2,0
4,45.1161817,-122.0584679,ID4_F4_m4f4_P4_Y9_UO2475,ID4_F4_m4f4_P4_Y4_UO3037,ID4_F4_m4f4_P4_Y7_UO3073,MXY,1,0.0,1,0,0.0,0,0,0,-9999.0,0.90234375,1,P3_CV0,1,2,0,2,0
4,45.1161817,-122.0584679,ID4_F4_m4f4_P4_Y9_UO2476,ID4_F4_m4f4_P4_Y4_UO3037,ID4_F4_m4f4_P4_Y7_UO3073,MXY,1,0.0,1,0,0.0,0,0,0,-9999.0,0.90234375,1,P3_CV0,1,2,0,2,0
4,45.1161817,-122.0584679,ID4_F4_m4f4_P4_Y9_UO2478,ID4_F4_m4f4_P4_Y4_UO3037,ID4_F4_m4f4_P4_Y7_UO3073,MXY,1,0.0,1,0,0.0,0,0,0,-9999.0,0.90234375,1,P3_CV0,1,2,0,2,0
4,45.1161817,-122.0584679,ID4_F4_m4f4_P4_Y9_UO2479,ID4_F4_m4f4_P4_Y4_UO3037,ID4_F4_m4f4_P4_Y7_UO3073,MXY,1,0.0,1,0,0.0,0,0,0,-9999.0,0.90234375,1,P3_CV0,1,2,0,2,0
4,45.1161817,-122.0584679,ID4_F4_m4f4_P4_Y9_UO2480,ID4_F4_m4f4_P4_Y4_UO3037,ID4_F4_m4f4_P4_Y7_UO3073,MXY,1,0.0,1,0,0.0,0,0,0,-9999.0,0.90234375,1,P3_CV0,1,2,0,2,0
4,45.1161817,-122.0584679,ID4_F4_m4f4_P4_Y9_UO2484,ID4_F4_m4f4_P4_Y4_UO3037,ID4_F4_m4f4_P4_Y7_UO3073,MXY,1,0.0,1,0,0.0,0,0,0,-9999.0,0.90234375,1,P3_CV0,1,2,0,2,0
4,45.1161817,-122.0584679,ID4_F4_m4f4_P4_Y9_UO2527,ID4_F4_m4f4_P4_Y7_UO2048,ID4_F4_m4f4_P4_Y6_UO2932,FXX,1,0.0,1,0,1.0,0,0,0,-9999.0,0.87890625,1,P3_CV0,1,2,0,1,1
4,45.1161817,-122.0584679,ID4_F4_m4f4_P4_Y9_UO2528,ID4_F4_m4f4_P4_Y7_UO2048,ID4_F4_m4f4_P4_Y6_UO2932,FXX,1,0.0,1,0,1.0,0,0,0,-9999.0,0.87890625,1,P3_CV0,1,2,0,2,0
4,45.1161817,-122.0584679,ID4_F4_m4f4_P4_Y9_UO2531,ID4_F4_m4f4_P4_Y7_UO2048,ID4_F4_m4f4_P4_Y6_UO2932,FXX,1,0.0,1,0,1.0,0,0,0,-9999.0,0.87890625,1,P3_CV0,1,2,0,1,1
4,45.1161817,-122.0584679,ID4_F4_m4f4_P4_Y9_UO2538,ID4_F4_m4f4_P4_Y7_UO2048,ID4_F4_m4f4_P4_Y6_UO2932,MXY,1,0.0,1,0,0.0,0,0,0,-9999.0,0.87890625,1,P3_CV0,1,2,0,2,0
4,45.1161817,-122.0584679,ID4_F4_m4f4_P4_Y9_UO2611,ID4_F4_m4f4_P4_Y5_UO3857,ID4_F4_m4f4_P4_Y7_UO4956,FXX,1,0.0,1,0,1.0,0,0,0,-9999.0,0.83203125,1,P3_CV0,1,2,0,2,0
4,45.1161817,-122.0584679,ID4_F4_m4f4_P4_Y9_UO2613,ID4_F4_m4f4_P4_Y5_UO3857,ID4_F4_m4f4_P4_Y7_UO4956,MXY,1,0.0,1,0,0.0,0,0,0,-9999.0,0.83203125,1,P3_CV0,1,2,0,1,1
4,45.1161817,-122.0584679,ID4_F4_m4f4_P4_Y9_UO2622,ID4_F4_m4f4_P4_Y4_UO1212,ID4_F4_m4f4_P4_Y8_UO5210,FXX,1,0.0,1,0,1.0,0,0,0,-9999.0,0.8173828125,1,P3_CV0,1,2,0,1,1
4,45.1161817,-122.0584679,ID4_F4_m4f4_P4_Y9_UO2623,ID4_F4_m4f4_P4_Y4_UO1212,ID4_F4_m4f4_P4_Y8_UO5210,MXY,1,0.0,1,0,0.0,0,0,0,-9999.0,0.8173828125,1,P3_CV0,1,2,0,1,1
4,45.1161817,-122.0584679,ID4_F4_m4f4_P4_Y9_UO2624,ID4_F4_m4f4_P4_Y4_UO1212,ID4_F4_m4f4_P4_Y8_UO5210,FXX,1,0.0,1,0,1.0,0,0,0,-9999.0,0.8173828125,1,P3_CV0,1,2,0,1,1
4,45.1161817,-122.0584679,ID4_F4_m4f4_P4_Y9_UO2625,ID4_F4_m4f4_P4_Y4_UO1212,ID4_F4_m4f4_P4_Y8_UO5210,MXY,1,0.0,1,0,0.0,0,0,0,-9999.0,0.8173828125,1,P3_CV0,1,2,0,1,1
4,45.1161817,-122.0584679,ID4_F4_m4f4_P4_Y9_UO2626,ID4_F4_m4f4_P4_Y4_UO1212,ID4_F4_m4f4_P4_Y8_UO5210,FXX,1,0.0,1,0,1.0,0,0,0,-9999.0,0.8173828125,1,P3_CV0,1,2,0,1,1
4,45.1161817,-122.0584679,ID4_F4_m4f4_P4_Y9_UO2628,ID4_F4_m4f4_P4_Y4_UO1212,ID4_F4_m4f4_P4_Y8_UO5210,MXY,1,0.0,1,0,0.0,0,0,0,-9999.0,0.8173828125,1,P3_CV0,1,2,0,1,1
4,45.1161817,-122.0584679,ID4_F4_m4f4_P4_Y9_UO2629,ID4_F4_m4f4_P4_Y4_UO1212,ID4_F4_m4f4_P4_Y8_UO5210,MXY,1,0.0,1,0,0.0,0,0,0,-9999.0,0.8173828125,1,P3_CV0,1,2,0,1,1
4,45.1161817,-122.0584679,ID4_F4_m4f4_P4_Y9_UO2630,ID4_F4_m4f4_P4_Y4_UO1212,ID4_F4_m4f4_P4_Y8_UO5210,MXY,1,0.0,1,0,0.0,0,0,0,-9999.0,0.8173828125,1,P3_CV0,1,2,0,1,1
4,45.1161817,-122.0584679,ID4_F4_m4f4_P4_Y9_UO2631,ID4_F4_m4f4_P4_Y4_UO1212,ID4_F4_m4f4_P4_Y8_UO5210,MXY,1,0.0,1,0,0.0,0,0,0,-9999.0,0.8173828125,1,P3_CV0,1,2,0,2,0
4,45.1161817,-122.0584679,ID4_F4_m4f4_P4_Y9_UO2632,ID4_F4_m4f4_P4_Y4_UO1212,ID4_F4_m4f4_P4_Y8_UO5210,FXX,1,0.0,1,0,1.0,0,0,0,-9999.0,0.8173828125,1,P3_CV0,1,2,0,2,0
4,45.1161817,-122.0584679,ID4_F4_m4f4_P4_Y9_UO2875,ID4_F4_m4f4_P4_Y6_UO6364,ID4_F4_m4f4_P4_Y7_UO4678,MXY,1,0.0,1,0,0.0,0,0,0,-9999.0,0.8828125,1,P3_CV0,1,2,0,1,1
4,45.1161817,-122.0584679,ID4_F4_m4f4_P4_Y9_UO2876,ID4_F4_m4f4_P4_Y6_UO6364,ID4_F4_m4f4_P4_Y7_UO4678,FXX,1,0.0,1,0,1.0,0,0,0,-9999.0,0.8828125,1,P3_CV0,1,2,0,2,0
4,45.1161817,-122.0584679,ID4_F4_m4f4_P4_Y9_UO2880,ID4_F4_m4f4_P4_Y6_UO6364,ID4_F4_m4f4_P4_Y7_UO4678,MXY,1,0.0,1,0,0.0,0,0,0,-9999.0,0.8828125,1,P3_CV0,1,2,0,1,1
4,45.1161817,-122.0584679,ID4_F4_m4f4_P4_Y9_UO2931,ID4_F4_m4f4_P4_Y6_UO1292,ID4_F4_m4f4_P4_Y8_UO756,MXY,1,0.0,1,0,0.0,0,0,0,-9999.0,0.8515625,1,P3_CV0,1,2,0,0,2
4,45.1161817,-122.0584679,ID4_F4_m4f4_P4_Y9_UO2932,ID4_F4_m4f4_P4_Y6_UO1292,ID4_F4_m4f4_P4_Y8_UO756,MXY,1,0.0,1,0,0.0,0,0,0,-9999.0,0.8515625,1,P3_CV0,1,2,0,2,0
4,45.1161817,-122.0584679,ID4_F4_m4f4_P4_Y9_UO2970,ID4_F4_m4f4_P4_Y7_UO4569,ID4_F4_m4f4_P4_Y7_UO412,MXY,1,0.0,1,0,0.0,0,0,0,-9999.0,0.853515625,1,P3_CV0,1,2,0,2,0
4,45.1161817,-122.0584679,ID4_F4_m4f4_P4_Y9_UO2973,ID4_F4_m4f4_P4_Y7_UO4569,ID4_F4_m4f4_P4_Y7_UO412,MXY,1,0.0,1,0,0.0,0,0,0,-9999.0,0.853515625,1,P3_CV0,1,2,0,2,0
4,45.1161817,-122.0584679,ID4_F4_m4f4_P4_Y9_UO2976,ID4_F4_m4f4_P4_Y7_UO4569,ID4_F4_m4f4_P4_Y7_UO412,MXY,1,0.0,1,0,0.0,0,0,0,-9999.0,0.853515625,1,P3_CV0,1,2,0,2,0
4,45.1161817,-122.0584679,ID4_F4_m4f4_P4_Y9_UO2977,ID4_F4_m4f4_P4_Y7_UO4569,ID4_F4_m4f4_P4_Y7_UO412,MXY,1,0.0,1,0,0.0,0,0,0,-9999.0,0.853515625,1,P3_CV0,1,2,0,2,0
4,45.1161817,-122.0584679,ID4_F4_m4f4_P4_Y9_UO3016,ID4_F4_m4f4_P4_Y7_UO2772,ID4_F4_m4f4_P4_Y8_UO916,FXX,1,0.0,1,0,1.0,0,0,0,-9999.0,0.791015625,1,P3_CV0,1,2,0,2,0
4,45.1161817,-122.0584679,ID4_F4_m4f4_P4_Y9_UO3019,ID4_F4_m4f4_P4_Y7_UO2772,ID4_F4_m4f4_P4_Y8_UO916,MXY,1,0.0,1,0,0.0,0,0,0,-9999.0,0.791015625,1,P3_CV0,1,2,0,2,0
4,45.1161817,-122.0584679,ID4_F4_m4f4_P4_Y9_UO3020,ID4_F4_m4f4_P4_Y7_UO2772,ID4_F4_m4f4_P4_Y8_UO916,MXY,1,0.0,1,0,0.0,0,0,0,-9999.0,0.791015625,1,P3_CV0,1,2,0,2,0
4,45.1161817,-122.0584679,ID4_F4_m4f4_P4_Y9_UO3021,ID4_F4_m4f4_P4_Y7_UO2772,ID4_F4_m4f4_P4_Y8_UO916,FXX,1,0.0,1,0,1.0,0,0,0,-9999.0,0.791015625,1,P3_CV0,1,2,0,2,0
4,45.1161817,-122.0584679,ID4_F4_m4f4_P4_Y9_UO3022,ID4_F4_m4f4_P4_Y7_UO2772,ID4_F4_m4f4_P4_Y8_UO916,MXY,1,0.0,1,0,0.0,0,0,0,-9999.0,0.791015625,1,P3_CV0,1,2,0,2,0
4,45.1161817,-122.0584679,ID4_F4_m4f4_P4_Y9_UO3023,ID4_F4_m4f4_P4_Y7_UO2772,ID4_F4_m4f4_P4_Y8_UO916,FXX,1,0.0,1,0,1.0,0,0,0,-9999.0,0.791015625,1,P3_CV0,1,2,0,2,0
4,45.1161817,-122.0584679,ID4_F4_m4f4_P4_Y9_UO3026,ID4_F4_m4f4_P4_Y7_UO2772,ID4_F4_m4f4_P4_Y8_UO916,MXY,1,0.0,1,0,0.0,0,0,0,-9999.0,0.791015625,1,P3_CV0,1,2,0,2,0
4,45.1161817,-122.0584679,ID4_F4_m4f4_P4_Y9_UO3027,ID4_F4_m4f4_P4_Y7_UO2772,ID4_F4_m4f4_P4_Y8_UO916,MXY,1,0.0,1,0,0.0,0,0,0,-9999.0,0.791015625,1,P3_CV0,1,2,0,2,0
4,45.1161817,-122.0584679,ID4_F4_m4f4_P4_Y9_UO3029,ID4_F4_m4f4_P4_Y7_UO2772,ID4_F4_m4f4_P4_Y8_UO916,FXX,1,0.0,1,0,1.0,0,0,0,-9999.0,0.791015625,1,P3_CV0,1,2,0,2,0
4,45.1161817,-122.0584679,ID4_F4_m4f4_P4_Y9_UO3030,ID4_F4_m4f4_P4_Y7_UO2772,ID4_F4_m4f4_P4_Y8_UO916,FXX,1,0.0,1,0,1.0,0,0,0,-9999.0,0.791015625,1,P3_CV0,1,2,0,2,0
4,45.1161817,-122.0584679,ID4_F4_m4f4_P4_Y9_UO3245,ID4_F4_m4f4_P4_Y6_UO7362,ID4_F4_m4f4_P4_Y8_UO4421,FXX,1,0.0,1,0,1.0,0,0,0,-9999.0,0.927734375,1,P3_CV0,1,2,0,1,1
4,45.1161817,-122.0584679,ID4_F4_m4f4_P4_Y9_UO3246,ID4_F4_m4f4_P4_Y6_UO7362,ID4_F4_m4f4_P4_Y8_UO4421,MXY,1,0.0,1,0,0.0,0,0,0,-9999.0,0.927734375,1,P3_CV0,1,2,0,1,1
4,45.1161817,-122.0584679,ID4_F4_m4f4_P4_Y9_UO3248,ID4_F4_m4f4_P4_Y6_UO7362,ID4_F4_m4f4_P4_Y8_UO4421,MXY,1,0.0,1,0,0.0,0,0,0,-9999.0,0.927734375,1,P3_CV0,1,2,0,0,2
4,45.1161817,-122.0584679,ID4_F4_m4f4_P4_Y9_UO3249,ID4_F4_m4f4_P4_Y6_UO7362,ID4_F4_m4f4_P4_Y8_UO4421,FXX,1,0.0,1,0,1.0,0,0,0,-9999.0,0.927734375,1,P3_CV0,1,2,0,1,1
4,45.1161817,-122.0584679,ID4_F4_m4f4_P4_Y9_UO3252,ID4_F4_m4f4_P4_Y6_UO7362,ID4_F4_m4f4_P4_Y8_UO4421,FXX,1,0.0,1,0,1.0,0,0,0,-9999.0,0.927734375,1,P3_CV0,1,2,0,1,1
4,45.1161817,-122.0584679,ID4_F4_m4f4_P4_Y9_UO3253,ID4_F4_m4f4_P4_Y6_UO7362,ID4_F4_m4f4_P4_Y8_UO4421,FXX,1,0.0,1,0,1.0,0,0,0,-9999.0,0.927734375,1,P3_CV0,1,2,0,0,2
4,45.1161817,-122.0584679,ID4_F4_m4f4_P4_Y9_UO3302,ID4_F4_m4f4_P4_Y7_UO2048,ID4_F4_m4f4_P4_Y8_UO1014,FXX,1,0.0,1,0,1.0,0,0,0,-9999.0,0.869140625,1,P3_CV0,1,2,0,1,1
4,45.1161817,-122.0584679,ID4_F4_m4f4_P4_Y9_UO3303,ID4_F4_m4f4_P4_Y7_UO2048,ID4_F4_m4f4_P4_Y8_UO1014,MXY,1,0.0,1,0,0.0,0,0,0,-9999.0,0.869140625,1,P3_CV0,1,2,0,2,0
4,45.1161817,-122.0584679,ID4_F4_m4f4_P4_Y9_UO3305,ID4_F4_m4f4_P4_Y7_UO2048,ID4_F4_m4f4_P4_Y8_UO1014,FXX,1,0.0,1,0,1.0,0,0,0,-9999.0,0.869140625,1,P3_CV0,1,2,0,2,0
4,45.1161817,-122.0584679,ID4_F4_m4f4_P4_Y9_UO3595,ID4_F4_m4f4_P4_Y7_UO4569,ID4_F4_m4f4_P4_Y8_UO2416,FXX,1,0.0,1,0,1.0,0,0,0,-9999.0,0.8564453125,1,P3_CV0,1,2,0,1,1
4,45.1161817,-122.0584679,ID4_F4_m4f4_P4_Y9_UO3599,ID4_F4_m4f4_P4_Y7_UO4569,ID4_F4_m4f4_P4_Y8_UO2416,FXX,1,0.0,1,0,1.0,0,0,0,-9999.0,0.8564453125,1,P3_CV0,1,2,0,1,1
4,45.1161817,-122.0584679,ID4_F4_m4f4_P4_Y9_UO3601,ID4_F4_m4f4_P4_Y7_UO4569,ID4_F4_m4f4_P4_Y8_UO2416,FXX,1,0.0,1,0,1.0,0,0,0,-9999.0,0.8564453125,1,P3_CV0,1,2,0,1,1
4,45.1161817,-122.0584679,ID4_F4_m4f4_P4_Y9_UO3602,ID4_F4_m4f4_P4_Y7_UO4569,ID4_F4_m4f4_P4_Y8_UO2416,MXY,1,0.0,1,0,0.0,0,0,0,-9999.0,0.8564453125,1,P3_CV0,1,2,0,1,1
4,45.1161817,-122.0584679,ID4_F4_m4f4_P4_Y9_UO3650,ID4_F4_m4f4_P4_Y6_UO6368,ID4_F4_m4f4_P4_Y7_UO4902,FXX,1,0.0,1,0,1.0,0,0,0,-9999.0,0.88671875,1,P3_CV0,1,2,0,1,1
4,45.1161817,-122.0584679,ID4_F4_m4f4_P4_Y9_UO3901,ID4_F4_m4f4_P4_Y6_UO6368,ID4_F4_m4f4_P4_Y7_UO4674,FXX,1,0.0,1,0,1.0,0,0,0,-9999.0,0.85546875,1,P3_CV0,1,2,0,1,1
4,45.1161817,-122.0584679,ID4_F4_m4f4_P4_Y9_UO3903,ID4_F4_m4f4_P4_Y6_UO6368,ID4_F4_m4f4_P4_Y7_UO4674,MXY,1,0.0,1,0,0.0,0,0,0,-9999.0,0.85546875,1,P3_CV0,1,2,0,1,1
4,45.1161817,-122.0584679,ID4_F4_m4f4_P4_Y9_UO3906,ID4_F4_m4f4_P4_Y6_UO6368,ID4_F4_m4f4_P4_Y7_UO4674,MXY,1,0.0,1,0,0.0,0,0,0,-9999.0,0.85546875,1,P3_CV0,1,2,0,1,1
4,45.1161817,-122.0584679,ID4_F4_m4f4_P4_Y9_UO3907,ID4_F4_m4f4_P4_Y6_UO6368,ID4_F4_m4f4_P4_Y7_UO4674,FXX,1,0.0,1,0,1.0,0,0,0,-9999.0,0.85546875,1,P3_CV0,1,2,0,2,0
4,45.1161817,-122.0584679,ID4_F4_m4f4_P4_Y9_UO3923,ID4_F4_m4f4_P4_Y6_UO6364,ID4_F4_m4f4_P4_Y8_UO915,FXX,1,0.0,1,0,1.0,0,0,0,-9999.0,0.841796875,1,P3_CV0,1,2,0,2,0
4,45.1161817,-122.0584679,ID4_F4_m4f4_P4_Y9_UO3924,ID4_F4_m4f4_P4_Y6_UO6364,ID4_F4_m4f4_P4_Y8_UO915,FXX,1,0.0,1,0,1.0,0,0,0,-9999.0,0.841796875,1,P3_CV0,1,2,0,1,1
4,45.1161817,-122.0584679,ID4_F4_m4f4_P4_Y9_UO3926,ID4_F4_m4f4_P4_Y6_UO6364,ID4_F4_m4f4_P4_Y8_UO915,MXY,1,0.0,1,0,0.0,0,0,0,-9999.0,0.841796875,1,P3_CV0,1,2,0,2,0
4,45.1161817,-122.0584679,ID4_F4_m4f4_P4_Y9_UO3927,ID4_F4_m4f4_P4_Y6_UO6364,ID4_F4_m4f4_P4_Y8_UO915,MXY,1,0.0,1,0,0.0,0,0,0,-9999.0,0.841796875,1,P3_CV0,1,2,0,1,1
4,45.1161817,-122.0584679,ID4_F4_m4f4_P4_Y9_UO4266,ID4_F4_m4f4_P4_Y7_UO3525,ID4_F4_m4f4_P4_Y8_UO2666,FXX,1,0.0,1,0,1.0,0,0,0,-9999.0,0.84375,1,P3_CV0,1,2,0,2,0
4,45.1161817,-122.0584679,ID4_F4_m4f4_P4_Y9_UO4267,ID4_F4_m4f4_P4_Y7_UO3525,ID4_F4_m4f4_P4_Y8_UO2666,FXX,1,0.0,1,0,1.0,0,0,0,-9999.0,0.84375,1,P3_CV0,1,2,0,2,0
4,45.1161817,-122.0584679,ID4_F4_m4f4_P4_Y9_UO4269,ID4_F4_m4f4_P4_Y7_UO3525,ID4_F4_m4f4_P4_Y8_UO2666,MXY,1,0.0,1,0,0.0,0,0,0,-9999.0,0.84375,1,P3_CV0,1,2,0,2,0
4,45.1161817,-122.0584679,ID4_F4_m4f4_P4_Y9_UO4271,ID4_F4_m4f4_P4_Y7_UO3525,ID4_F4_m4f4_P4_Y8_UO2666,FXX,1,0.0,1,0,1.0,0,0,0,-9999.0,0.84375,1,P3_CV0,1,2,0,2,0
4,45.1161817,-122.0584679,ID4_F4_m4f4_P4_Y9_UO4272,ID4_F4_m4f4_P4_Y7_UO3525,ID4_F4_m4f4_P4_Y8_UO2666,FXX,1,0.0,1,0,1.0,0,0,0,-9999.0,0.84375,1,P3_CV0,1,2,0,2,0
4,45.1161817,-122.0584679,ID4_F4_m4f4_P4_Y9_UO4482,ID4_F4_m4f4_P4_Y7_UO622,ID4_F4_m4f4_P4_Y8_UO3899,FXX,1,0.0,1,0,1.0,0,0,0,-9999.0,0.89306640625,1,P3_CV0,1,2,0,2,0
4,45.1161817,-122.0584679,ID4_F4_m4f4_P4_Y9_UO4483,ID4_F4_m4f4_P4_Y7_UO622,ID4_F4_m4f4_P4_Y8_UO3899,MXY,1,0.0,1,0,0.0,0,0,0,-9999.0,0.89306640625,1,P3_CV0,1,2,0,2,0
4,45.1161817,-122.0584679,ID4_F4_m4f4_P4_Y9_UO4484,ID4_F4_m4f4_P4_Y7_UO622,ID4_F4_m4f4_P4_Y8_UO3899,MXY,1,0.0,1,0,0.0,0,0,0,-9999.0,0.89306640625,1,P3_CV0,1,2,0,1,1
4,45.1161817,-122.0584679,ID4_F4_m4f4_P4_Y9_UO4487,ID4_F4_m4f4_P4_Y7_UO622,ID4_F4_m4f4_P4_Y8_UO3899,FXX,1,0.0,1,0,1.0,0,0,0,-9999.0,0.89306640625,1,P3_CV0,1,2,0,1,1
4,45.1161817,-122.0584679,ID4_F4_m4f4_P4_Y9_UO4488,ID4_F4_m4f4_P4_Y7_UO622,ID4_F4_m4f4_P4_Y8_UO3899,MXY,1,0.0,1,0,0.0,0,0,0,-9999.0,0.89306640625,1,P3_CV0,1,2,0,2,0
4,45.1161817,-122.0584679,ID4_F4_m4f4_P4_Y9_UO4627,ID4_F4_m4f4_P4_Y6_UO7362,ID4_F4_m4f4_P4_Y8_UO3870,FXX,1,0.0,1,0,1.0,0,0,0,-9999.0,0.91796875,1,P3_CV0,1,2,0,2,0
4,45.1161817,-122.0584679,ID4_F4_m4f4_P4_Y9_UO4628,ID4_F4_m4f4_P4_Y6_UO7362,ID4_F4_m4f4_P4_Y8_UO3870,MXY,1,0.0,1,0,0.0,0,0,0,-9999.0,0.91796875,1,P3_CV0,1,2,0,2,0
4,45.1161817,-122.0584679,ID4_F4_m4f4_P4_Y9_UO4631,ID4_F4_m4f4_P4_Y6_UO1423,ID4_F4_m4f4_P4_Y7_UO3438,MXY,1,0.0,1,0,0.0,0,0,0,-9999.0,0.845703125,1,P3_CV0,1,2,0,2,0
4,45.1161817,-122.0584679,ID4_F4_m4f4_P4_Y9_UO4634,ID4_F4_m4f4_P4_Y6_UO1423,ID4_F4_m4f4_P4_Y7_UO3438,FXX,1,0.0,1,0,1.0,0,0,0,-9999.0,0.845703125,1,P3_CV0,1,2,0,1,1
4,45.1161817,-122.0584679,ID4_F4_m4f4_P4_Y9_UO4636,ID4_F4_m4f4_P4_Y6_UO1423,ID4_F4_m4f4_P4_Y7_UO3438,FXX,1,0.0,1,0,1.0,0,0,0,-9999.0,0.845703125,1,P3_CV0,1,2,0,2,0
4,45.1161817,-122.0584679,ID4_F4_m4f4_P4_Y9_UO4637,ID4_F4_m4f4_P4_Y6_UO1423,ID4_F4_m4f4_P4_Y7_UO3438,FXX,1,0.0,1,0,1.0,0,0,0,-9999.0,0.845703125,1,P3_CV0,1,2,0,2,0
4,45.1161817,-122.0584679,ID4_F4_m4f4_P4_Y9_UO4638,ID4_F4_m4f4_P4_Y6_UO1423,ID4_F4_m4f4_P4_Y7_UO3438,FXX,1,0.0,1,0,1.0,0,0,0,-9999.0,0.845703125,1,P3_CV0,1,2,0,1,1
4,45.1161817,-122.0584679,ID4_F4_m4f4_P4_Y9_UO4639,ID4_F4_m4f4_P4_Y6_UO1423,ID4_F4_m4f4_P4_Y7_UO3438,MXY,1,0.0,1,0,0.0,0,0,0,-9999.0,0.845703125,1,P3_CV0,1,2,0,1,1
4,45.1161817,-122.0584679,ID4_F4_m4f4_P4_Y9_UO4730,ID4_F4_m4f4_P4_Y7_UO443,ID4_F4_m4f4_P4_Y8_UO5743,MXY,1,0.0,1,0,0.0,0,0,0,-9999.0,0.841796875,1,P3_CV0,1,2,0,1,1
4,45.1161817,-122.0584679,ID4_F4_m4f4_P4_Y9_UO4731,ID4_F4_m4f4_P4_Y7_UO443,ID4_F4_m4f4_P4_Y8_UO5743,FXX,1,0.0,1,0,1.0,0,0,0,-9999.0,0.841796875,1,P3_CV0,1,2,0,2,0
4,45.1161817,-122.0584679,ID4_F4_m4f4_P4_Y9_UO4733,ID4_F4_m4f4_P4_Y7_UO443,ID4_F4_m4f4_P4_Y8_UO5743,MXY,1,0.0,1,0,0.0,0,0,0,-9999.0,0.841796875,1,P3_CV0,1,2,0,2,0
4,45.1161817,-122.0584679,ID4_F4_m4f4_P4_Y9_UO4734,ID4_F4_m4f4_P4_Y7_UO443,ID4_F4_m4f4_P4_Y8_UO5743,FXX,1,0.0,1,0,1.0,0,0,0,-9999.0,0.841796875,1,P3_CV0,1,2,0,1,1
4,45.1161817,-122.0584679,ID4_F4_m4f4_P4_Y9_UO4737,ID4_F4_m4f4_P4_Y7_UO443,ID4_F4_m4f4_P4_Y8_UO5743,MXY,1,0.0,1,0,0.0,0,0,0,-9999.0,0.841796875,1,P3_CV0,1,2,0,1,1
4,45.1161817,-122.0584679,ID4_F4_m4f4_P4_Y9_UO4738,ID4_F4_m4f4_P4_Y7_UO443,ID4_F4_m4f4_P4_Y8_UO5743,MXY,1,0.0,1,0,0.0,0,0,0,-9999.0,0.841796875,1,P3_CV0,1,2,0,2,0
4,45.1161817,-122.0584679,ID4_F4_m4f4_P4_Y9_UO4740,ID4_F4_m4f4_P4_Y7_UO443,ID4_F4_m4f4_P4_Y8_UO5743,MXY,1,0.0,1,0,0.0,0,0,0,-9999.0,0.841796875,1,P3_CV0,1,2,0,2,0
4,45.1161817,-122.0584679,ID4_F4_m4f4_P4_Y9_UO4742,ID4_F4_m4f4_P4_Y7_UO443,ID4_F4_m4f4_P4_Y8_UO5743,MXY,1,0.0,1,0,0.0,0,0,0,-9999.0,0.841796875,1,P3_CV0,1,2,0,1,1
4,45.1161817,-122.0584679,ID4_F4_m4f4_P4_Y9_UO4743,ID4_F4_m4f4_P4_Y7_UO443,ID4_F4_m4f4_P4_Y8_UO5743,FXX,1,0.0,1,0,1.0,0,0,0,-9999.0,0.841796875,1,P3_CV0,1,2,0,2,0
4,45.1161817,-122.0584679,ID4_F4_m4f4_P4_Y9_UO4744,ID4_F4_m4f4_P4_Y7_UO443,ID4_F4_m4f4_P4_Y8_UO5743,FXX,1,0.0,1,0,1.0,0,0,0,-9999.0,0.841796875,1,P3_CV0,1,2,0,2,0
4,45.1161817,-122.0584679,ID4_F4_m4f4_P4_Y9_UO4745,ID4_F4_m4f4_P4_Y7_UO443,ID4_F4_m4f4_P4_Y8_UO5743,FXX,1,0.0,1,0,1.0,0,0,0,-9999.0,0.841796875,1,P3_CV0,1,2,0,1,1
4,45.1161817,-122.0584679,ID4_F4_m4f4_P4_Y9_UO4746,ID4_F4_m4f4_P4_Y7_UO443,ID4_F4_m4f4_P4_Y8_UO5743,MXY,1,0.0,1,0,0.0,0,0,0,-9999.0,0.841796875,1,P3_CV0,1,2,0,1,1
4,45.1161817,-122.0584679,ID4_F4_m4f4_P4_Y9_UO4923,ID4_F4_m4f4_P4_Y7_UO1872,ID4_F4_m4f4_P4_Y8_UO565,FXX,1,0.0,1,0,1.0,0,0,0,-9999.0,0.8642578125,1,P3_CV0,1,2,0,2,0
4,45.1161817,-122.0584679,ID4_F4_m4f4_P4_Y9_UO4924,ID4_F4_m4f4_P4_Y7_UO1872,ID4_F4_m4f4_P4_Y8_UO565,MXY,1,0.0,1,0,0.0,0,0,0,-9999.0,0.8642578125,1,P3_CV0,1,2,0,2,0
4,45.1161817,-122.0584679,ID4_F4_m4f4_P4_Y9_UO4925,ID4_F4_m4f4_P4_Y7_UO1872,ID4_F4_m4f4_P4_Y8_UO565,FXX,1,0.0,1,0,1.0,0,0,0,-9999.0,0.8642578125,1,P3_CV0,1,2,0,2,0
4,45.1161817,-122.0584679,ID4_F4_m4f4_P4_Y9_UO4927,ID4_F4_m4f4_P4_Y7_UO1872,ID4_F4_m4f4_P4_Y8_UO565,MXY,1,0.0,1,0,0.0,0,0,0,-9999.0,0.8642578125,1,P3_CV0,1,2,0,2,0
4,45.1161817,-122.0584679,ID4_F4_m4f4_P4_Y9_UO4929,ID4_F4_m4f4_P4_Y7_UO1872,ID4_F4_m4f4_P4_Y8_UO565,MXY,1,0.0,1,0,0.0,0,0,0,-9999.0,0.8642578125,1,P3_CV0,1,2,0,2,0
4,45.1161817,-122.0584679,ID4_F4_m4f4_P4_Y9_UO4930,ID4_F4_m4f4_P4_Y7_UO1872,ID4_F4_m4f4_P4_Y8_UO565,MXY,1,0.0,1,0,0.0,0,0,0,-9999.0,0.8642578125,1,P3_CV0,1,2,0,2,0
4,45.1161817,-122.0584679,ID4_F4_m4f4_P4_Y9_UO4931,ID4_F4_m4f4_P4_Y7_UO1872,ID4_F4_m4f4_P4_Y8_UO565,FXX,1,0.0,1,0,1.0,0,0,0,-9999.0,0.8642578125,1,P3_CV0,1,2,0,2,0
4,45.1161817,-122.0584679,ID4_F4_m4f4_P4_Y9_UO4973,ID4_F4_m4f4_P4_Y6_UO1292,ID4_F4_m4f4_P4_Y6_UO3238,FXX,1,0.0,1,0,1.0,0,0,0,-9999.0,0.859375,1,P3_CV0,1,2,0,1,1
4,45.1161817,-122.0584679,ID4_F4_m4f4_P4_Y9_UO5023,ID4_F4_m4f4_P4_Y7_UO3439,ID4_F4_m4f4_P4_Y8_UO3678,FXX,1,0.0,1,0,1.0,0,0,0,-9999.0,0.8544921875,1,P3_CV0,1,2,0,2,0
4,45.1161817,-122.0584679,ID4_F4_m4f4_P4_Y9_UO5026,ID4_F4_m4f4_P4_Y7_UO3439,ID4_F4_m4f4_P4_Y8_UO3678,MXY,1,0.0,1,0,0.0,0,0,0,-9999.0,0.8544921875,1,P3_CV0,1,2,0,1,1
4,45.1161817,-122.0584679,ID4_F4_m4f4_P4_Y9_UO5028,ID4_F4_m4f4_P4_Y7_UO3439,ID4_F4_m4f4_P4_Y8_UO3678,FXX,1,0.0,1,0,1.0,0,0,0,-9999.0,0.8544921875,1,P3_CV0,1,2,0,1,1
4,45.1161817,-122.0584679,ID4_F4_m4f4_P4_Y9_UO5033,ID4_F4_m4f4_P4_Y7_UO3439,ID4_F4_m4f4_P4_Y8_UO3678,FXX,1,0.0,1,0,1.0,0,0,0,-9999.0,0.8544921875,1,P3_CV0,1,2,0,0,2
4,45.1161817,-122.0584679,ID4_F4_m4f4_P4_Y9_UO5035,ID4_F4_m4f4_P4_Y7_UO3439,ID4_F4_m4f4_P4_Y8_UO3678,FXX,1,0.0,1,0,1.0,0,0,0,-9999.0,0.8544921875,1,P3_CV0,1,2,0,1,1
4,45.1161817,-122.0584679,ID4_F4_m4f4_P4_Y9_UO5037,ID4_F4_m4f4_P4_Y7_UO3439,ID4_F4_m4f4_P4_Y8_UO3678,FXX,1,0.0,1,0,1.0,0,0,0,-9999.0,0.8544921875,1,P3_CV0,1,2,0,2,0
4,45.1161817,-122.0584679,ID4_F4_m4f4_P4_Y9_UO5270,ID4_F4_m4f4_P4_Y7_UO3525,ID4_F4_m4f4_P4_Y7_UO2779,MXY,1,0.0,1,0,0.0,0,0,0,-9999.0,0.78125,1,P3_CV0,1,2,0,2,0
4,45.1161817,-122.0584679,ID4_F4_m4f4_P4_Y9_UO5271,ID4_F4_m4f4_P4_Y7_UO3525,ID4_F4_m4f4_P4_Y7_UO2779,MXY,1,0.0,1,0,0.0,0,0,0,-9999.0,0.78125,1,P3_CV0,1,2,0,2,0
4,45.1161817,-122.0584679,ID4_F4_m4f4_P4_Y9_UO5273,ID4_F4_m4f4_P4_Y7_UO3525,ID4_F4_m4f4_P4_Y7_UO2779,MXY,1,0.0,1,0,0.0,0,0,0,-9999.0,0.78125,1,P3_CV0,1,2,0,1,1
4,45.1161817,-122.0584679,ID4_F4_m4f4_P4_Y9_UO5274,ID4_F4_m4f4_P4_Y7_UO3525,ID4_F4_m4f4_P4_Y7_UO2779,MXY,1,0.0,1,0,0.0,0,0,0,-9999.0,0.78125,1,P3_CV0,1,2,0,1,1
4,45.1161817,-122.0584679,ID4_F4_m4f4_P4_Y9_UO5276,ID4_F4_m4f4_P4_Y7_UO3525,ID4_F4_m4f4_P4_Y7_UO2779,FXX,1,0.0,1,0,1.0,0,0,0,-9999.0,0.78125,1,P3_CV0,1,2,0,2,0
4,45.1161817,-122.0584679,ID4_F4_m4f4_P4_Y9_UO5277,ID4_F4_m4f4_P4_Y7_UO3525,ID4_F4_m4f4_P4_Y7_UO2779,MXY,1,0.0,1,0,0.0,0,0,0,-9999.0,0.78125,1,P3_CV0,1,2,0,1,1
4,45.1161817,-122.0584679,ID4_F4_m4f4_P4_Y9_UO5353,ID4_F4_m4f4_P4_Y6_UO3419,ID4_F4_m4f4_P4_Y8_UO3818,MXY,1,0.0,1,0,0.0,0,0,0,-9999.0,0.82421875,1,P3_CV0,1,2,0,1,1
4,45.1161817,-122.0584679,ID4_F4_m4f4_P4_Y9_UO5354,ID4_F4_m4f4_P4_Y6_UO3419,ID4_F4_m4f4_P4_Y8_UO3818,FXX,1,0.0,1,0,1.0,0,0,0,-9999.0,0.82421875,1,P3_CV0,1,2,0,2,0
4,45.1161817,-122.0584679,ID4_F4_m4f4_P4_Y9_UO5356,ID4_F4_m4f4_P4_Y6_UO3419,ID4_F4_m4f4_P4_Y8_UO3818,FXX,1,0.0,1,0,1.0,0,0,0,-9999.0,0.82421875,1,P3_CV0,1,2,0,1,1
4,45.1161817,-122.0584679,ID4_F4_m4f4_P4_Y9_UO5360,ID4_F4_m4f4_P4_Y6_UO3419,ID4_F4_m4f4_P4_Y8_UO3818,FXX,1,0.0,1,0,1.0,0,0,0,-9999.0,0.82421875,1,P3_CV0,1,2,0,1,1
4,45.1161817,-122.0584679,ID4_F4_m4f4_P4_Y9_UO5362,ID4_F4_m4f4_P4_Y6_UO3419,ID4_F4_m4f4_P4_Y8_UO3818,FXX,1,0.0,1,0,1.0,0,0,0,-9999.0,0.82421875,1,P3_CV0,1,2,0,0,2
4,45.1161817,-122.0584679,ID4_F4_m4f4_P4_Y9_UO5803,ID4_F4_m4f4_P4_Y7_UO1872,ID4_F4_m4f4_P4_Y7_UO1767,MXY,1,0.0,1,0,0.0,0,0,0,-9999.0,0.89453125,1,P3_CV0,1,2,0,2,0
4,45.1161817,-122.0584679,ID4_F4_m4f4_P4_Y9_UO5805,ID4_F4_m4f4_P4_Y7_UO1872,ID4_F4_m4f4_P4_Y7_UO1767,FXX,1,0.0,1,0,1.0,0,0,0,-9999.0,0.89453125,1,P3_CV0,1,2,0,2,0
4,45.1161817,-122.0584679,ID4_F4_m4f4_P4_Y9_UO5808,ID4_F4_m4f4_P4_Y7_UO1872,ID4_F4_m4f4_P4_Y7_UO1767,MXY,1,0.0,1,0,0.0,0,0,0,-9999.0,0.89453125,1,P3_CV0,1,2,0,2,0
4,45.1161817,-122.0584679,ID4_F4_m4f4_P4_Y9_UO5809,ID4_F4_m4f4_P4_Y7_UO1872,ID4_F4_m4f4_P4_Y7_UO1767,MXY,1,0.0,1,0,0.0,0,0,0,-9999.0,0.89453125,1,P3_CV0,1,2,0,1,1
4,45.1161817,-122.0584679,ID4_F4_m4f4_P4_Y9_UO5949,ID4_F4_m4f4_P4_Y5_UO3857,ID4_F4_m4f4_P4_Y8_UO3163,MXY,1,0.0,1,0,0.0,0,0,0,-9999.0,0.845703125,1,P3_CV0,1,2,0,1,1
4,45.1161817,-122.0584679,ID4_F4_m4f4_P4_Y9_UO5951,ID4_F4_m4f4_P4_Y5_UO3857,ID4_F4_m4f4_P4_Y8_UO3163,MXY,1,0.0,1,0,0.0,0,0,0,-9999.0,0.845703125,1,P3_CV0,1,2,0,1,1
4,45.1161817,-122.0584679,ID4_F4_m4f4_P4_Y9_UO5967,ID4_F4_m4f4_P4_Y7_UO166,ID4_F4_m4f4_P4_Y7_UO409,MXY,1,0.0,1,0,0.0,0,0,0,-9999.0,0.869140625,1,P3_CV0,1,2,0,2,0
4,45.1161817,-122.0584679,ID4_F4_m4f4_P4_Y9_UO5968,ID4_F4_m4f4_P4_Y7_UO166,ID4_F4_m4f4_P4_Y7_UO409,FXX,1,0.0,1,0,1.0,0,0,0,-9999.0,0.869140625,1,P3_CV0,1,2,0,2,0
4,45.1161817,-122.0584679,ID4_F4_m4f4_P4_Y9_UO5969,ID4_F4_m4f4_P4_Y7_UO166,ID4_F4_m4f4_P4_Y7_UO409,MXY,1,0.0,1,0,0.0,0,0,0,-9999.0,0.869140625,1,P3_CV0,1,2,0,2,0
4,45.1161817,-122.0584679,ID4_F4_m4f4_P4_Y9_UO5970,ID4_F4_m4f4_P4_Y7_UO166,ID4_F4_m4f4_P4_Y7_UO409,FXX,1,0.0,1,0,1.0,0,0,0,-9999.0,0.869140625,1,P3_CV0,1,2,0,1,1
4,45.1161817,-122.0584679,ID4_F4_m4f4_P4_Y9_UO5973,ID4_F4_m4f4_P4_Y7_UO166,ID4_F4_m4f4_P4_Y7_UO409,MXY,1,0.0,1,0,0.0,0,0,0,-9999.0,0.869140625,1,P3_CV0,1,2,0,1,1
4,45.1161817,-122.0584679,ID4_F4_m4f4_P4_Y9_UO5975,ID4_F4_m4f4_P4_Y7_UO166,ID4_F4_m4f4_P4_Y7_UO409,FXX,1,0.0,1,0,1.0,0,0,0,-9999.0,0.869140625,1,P3_CV0,1,2,0,2,0
4,45.1161817,-122.0584679,ID4_F4_m4f4_P4_Y9_UO5976,ID4_F4_m4f4_P4_Y7_UO166,ID4_F4_m4f4_P4_Y7_UO409,MXY,1,0.0,1,0,0.0,0,0,0,-9999.0,0.869140625,1,P3_CV0,1,2,0,1,1
4,45.1161817,-122.0584679,ID4_F4_m4f4_P4_Y9_UO5977,ID4_F4_m4f4_P4_Y7_UO166,ID4_F4_m4f4_P4_Y7_UO409,FXX,1,0.0,1,0,1.0,0,0,0,-9999.0,0.869140625,1,P3_CV0,1,2,0,1,1
4,45.1161817,-122.0584679,ID4_F4_m4f4_P4_Y9_UO5978,ID4_F4_m4f4_P4_Y7_UO166,ID4_F4_m4f4_P4_Y7_UO409,MXY,1,0.0,1,0,0.0,0,0,0,-9999.0,0.869140625,1,P3_CV0,1,2,0,2,0
4,45.1161817,-122.0584679,ID4_F4_m4f4_P4_Y9_UO5979,ID4_F4_m4f4_P4_Y7_UO166,ID4_F4_m4f4_P4_Y7_UO409,MXY,1,0.0,1,0,0.0,0,0,0,-9999.0,0.869140625,1,P3_CV0,1,2,0,2,0
4,45.1161817,-122.0584679,ID4_F4_m4f4_P4_Y9_UO5981,ID4_F4_m4f4_P4_Y7_UO166,ID4_F4_m4f4_P4_Y7_UO409,FXX,1,0.0,1,0,1.0,0,0,0,-9999.0,0.869140625,1,P3_CV0,1,2,0,2,0
4,45.1161817,-122.0584679,ID4_F4_m4f4_P4_Y8_UO755,ID4_F4_m4f4_P4_Y6_UO7040,ID4_F4_m4f4_P4_Y7_UO4572,MXY,2,0.0,1,0,0.0,0,0,0,-9999.0,0.828125,1,P3_CV0,1,2,0,1,1
4,45.1161817,-122.0584679,ID4_F4_m4f4_P4_Y8_UO5891,ID4_F4_m4f4_P4_Y6_UO5929,ID4_F4_m4f4_P4_Y7_UO4405,FXX,2,0.0,1,0,1.0,0,0,0,-9999.0,0.8603515625,1,P3_CV0,1,2,0,1,1
4,45.1161817,-122.0584679,ID4_F4_m4f4_P4_Y8_UO2449,ID4_F4_m4f4_P4_Y6_UO4345,ID4_F4_m4f4_P4_Y7_UO259,MXY,2,0.0,1,0,0.0,0,0,0,-9999.0,0.87890625,1,P3_CV0,1,2,0,0,2
4,45.1161817,-122.0584679,ID4_F4_m4f4_P4_Y8_UO3819,ID4_F4_m4f4_P4_Y3_UO469,ID4_F4_m4f4_P4_Y7_UO4897,FXX,2,0.0,1,0,1.0,0,0,0,-9999.0,0.81640625,1,P3_CV0,1,2,0,1,1
4,45.1161817,-122.0584679,ID4_F4_m4f4_P4_Y8_UO1078,ID4_F4_m4f4_P4_Y4_UO3037,ID4_F4_m4f4_P4_Y7_UO4948,MXY,2,0.0,1,0,0.0,0,0,0,-9999.0,0.88671875,1,P3_CV0,1,2,0,1,1
4,45.1161817,-122.0584679,ID4_F4_m4f4_P4_Y8_UO2846,ID4_F4_m4f4_P4_Y6_UO3419,ID4_F4_m4f4_P4_Y4_UO5443,MXY,2,0.0,1,0,0.0,0,0,0,-9999.0,0.822265625,1,P3_CV0,1,2,0,2,0
4,45.1161817,-122.0584679,ID4_F4_m4f4_P4_Y8_UO2672,ID4_F4_m4f4_P4_Y6_UO2207,ID4_F4_m4f4_P4_Y6_UO6751,FXX,2,0.0,1,0,1.0,0,0,0,-9999.0,0.8359375,1,P3_CV0,1,2,0,0,2
4,45.1161817,-122.0584679,ID4_F4_m4f4_P4_Y8_UO494,ID4_F4_m4f4_P4_Y6_UO7408,ID4_F4_m4f4_P4_Y7_UO4678,FXX,2,0.0,1,0,1.0,0,0,0,-9999.0,0.91015625,1,P3_CV0,1,2,0,2,0
4,45.1161817,-122.0584679,ID4_F4_m4f4_P4_Y8_UO683,ID4_F4_m4f4_P4_Y6_UO7362,ID4_F4_m4f4_P4_Y6_UO6188,MXY,2,0.0,1,0,0.0,0,0,0,-9999.0,0.9375,1,P3_CV0,1,2,0,2,0
4,45.1161817,-122.0584679,ID4_F4_m4f4_P4_Y8_UO5791,ID4_F4_m4f4_P4_Y5_UO3857,ID4_F4_m4f4_P4_Y6_UO2914,FXX,2,0.0,1,0,1.0,0,0,0,-9999.0,0.8203125,1,P3_CV0,1,2,0,2,0
4,45.1161817,-122.0584679,ID4_F4_m4f4_P4_Y8_UO2463,ID4_F4_m4f4_P4_Y6_UO6185,ID4_F4_m4f4_P4_Y7_UO3445,FXX,2,0.0,1,0,1.0,0,0,0,-9999.0,0.908203125,1,P3_CV0,1,2,0,2,0
4,45.1161817,-122.0584679,ID4_F4_m4f4_P4_Y8_UO3873,ID4_F4_m4f4_P4_Y6_UO6264,ID4_F4_m4f4_P4_Y5_UO4781,FXX,2,0.0,1,0,1.0,0,0,0,-9999.0,0.8671875,1,P3_CV0,1,2,0,2,0
4,45.1161817,-122.0584679,ID4_F4_m4f4_P4_Y8_UO5979,ID4_F4_m4f4_P4_Y6_UO3028,ID4_F4_m4f4_P4_Y7_UO5033,FXX,2,0.0,1,0,1.0,0,0,0,-9999.0,0.8515625,1,P3_CV0,1,2,0,2,0
4,45.1161817,-122.0584679,ID4_F4_m4f4_P4_Y8_UO831,ID4_F4_m4f4_P4_Y6_UO1444,ID4_F4_m4f4_P4_Y6_UO1866,MXY,2,0.0,1,0,0.0,0,0,0,-9999.0,0.875,1,P3_CV0,1,2,0,1,1
4,45.1161817,-122.0584679,ID4_F4_m4f4_P4_Y8_UO6800,ID4_F4_m4f4_P4_Y6_UO1366,ID4_F4_m4f4_P4_Y7_UO4251,MXY,2,0.0,1,0,0.0,0,0,0,-9999.0,0.865234375,1,P3_CV0,1,2,0,1,1
4,45.1161817,-122.0584679,ID4_F4_m4f4_P4_Y8_UO540,ID4_F4_m4f4_P4_Y6_UO4391,ID4_F4_m4f4_P4_Y6_UO6366,FXX,2,0.0,1,0,1.0,0,0,0,-9999.0,0.8828125,1,P3_CV0,1,2,0,0,2
4,45.1161817,-122.0584679,ID4_F4_m4f4_P4_Y8_UO4819,ID4_F4_m4f4_P4_Y6_UO282,ID4_F4_m4f4_P4_Y5_UO4781,MXY,2,0.0,1,0,0.0,0,0,0,-9999.0,0.8125,1,P3_CV0,1,2,0,2,0
4,45.1161817,-122.0584679,ID4_F4_m4f4_P4_Y8_UO4824,ID4_F4_m4f4_P4_Y6_UO282,ID4_F4_m4f4_P4_Y5_UO4781,FXX,2,0.0,1,0,1.0,0,0,0,-9999.0,0.8125,1,P3_CV0,1,2,0,2,0
4,45.1161817,-122.0584679,ID4_F4_m4f4_P4_Y8_UO1969,ID4_F4_m4f4_P4_Y5_UO1271,ID4_F4_m4f4_P4_Y6_UO7188,FXX,2,0.0,1,0,1.0,0,0,0,-9999.0,0.861328125,1,P3_CV0,1,2,0,1,1
4,45.1161817,-122.0584679,ID4_F4_m4f4_P4_Y8_UO2854,ID4_F4_m4f4_P4_Y6_UO3419,ID4_F4_m4f4_P4_Y4_UO5443,MXY,2,0.0,1,0,0.0,0,0,0,-9999.0,0.822265625,1,P3_CV0,1,2,0,2,0
4,45.1161817,-122.0584679,ID4_F4_m4f4_P4_Y8_UO917,ID4_F4_m4f4_P4_Y6_UO3372,ID4_F4_m4f4_P4_Y7_UO4252,MXY,2,0.0,1,0,0.0,0,0,0,-9999.0,0.833984375,1,P3_CV0,1,2,0,1,1
4,45.1161817,-122.0584679,ID4_F4_m4f4_P4_Y8_UO3162,ID4_F4_m4f4_P4_Y6_UO6750,ID4_F4_m4f4_P4_Y7_UO4897,FXX,2,0.0,1,0,1.0,0,0,0,-9999.0,0.86328125,1,P3_CV0,1,2,0,1,1
4,45.1161817,-122.0584679,ID4_F4_m4f4_P4_Y8_UO4121,ID4_F4_m4f4_P4_Y4_UO6441,ID4_F4_m4f4_P4_Y6_UO2915,MXY,2,0.0,1,0,0.0,0,0,0,-9999.0,0.84375,1,P3_CV0,1,2,0,1,1
4,45.1161817,-122.0584679,ID4_F4_m4f4_P4_Y8_UO5789,ID4_F4_m4f4_P4_Y5_UO3857,ID4_F4_m4f4_P4_Y6_UO2914,FXX,2,0.0,1,0,1.0,0,0,0,-9999.0,0.8203125,1,P3_CV0,1,2,0,2,0
4,45.1161817,-122.0584679,ID4_F4_m4f4_P4_Y8_UO7647,ID4_F4_m4f4_P4_Y6_UO7080,ID4_F4_m4f4_P4_Y6_UO7175,MXY,2,0.0,1,0,0.0,0,0,0,-9999.0,0.8671875,1,P3_CV0,1,2,0,1,1
4,45.1161817,-122.0584679,ID4_F4_m4f4_P4_Y8_UO4825,ID4_F4_m4f4_P4_Y6_UO282,ID4_F4_m4f4_P4_Y5_UO4781,MXY,2,0.0,1,0,0.0,0,0,0,-9999.0,0.8125,1,P3_CV0,1,2,0,2,0
4,45.1161817,-122.0584679,ID4_F4_m4f4_P4_Y8_UO2415,ID4_F4_m4f4_P4_Y6_UO3421,ID4_F4_m4f4_P4_Y7_UO1774,MXY,2,0.0,1,0,0.0,0,0,0,-9999.0,0.853515625,1,P3_CV0,1,2,0,1,1
4,45.1161817,-122.0584679,ID4_F4_m4f4_P4_Y8_UO914,ID4_F4_m4f4_P4_Y6_UO2212,ID4_F4_m4f4_P4_Y7_UO4953,FXX,2,0.0,1,0,1.0,0,0,0,-9999.0,0.87109375,1,P3_CV0,1,2,0,1,1
4,45.1161817,-122.0584679,ID4_F4_m4f4_P4_Y8_UO3500,ID4_F4_m4f4_P4_Y6_UO3132,ID4_F4_m4f4_P4_Y6_UO7363,MXY,2,0.0,1,0,0.0,0,0,0,-9999.0,0.875,1,P3_CV0,1,2,0,1,1
4,45.1161817,-122.0584679,ID4_F4_m4f4_P4_Y8_UO2663,ID4_F4_m4f4_P4_Y6_UO2207,ID4_F4_m4f4_P4_Y6_UO6751,MXY,2,0.0,1,0,0.0,0,0,0,-9999.0,0.8359375,1,P3_CV0,1,2,0,1,1
4,45.1161817,-122.0584679,ID4_F4_m4f4_P4_Y8_UO7349,ID4_F4_m4f4_P4_Y6_UO6750,ID4_F4_m4f4_P4_Y6_UO6188,FXX,2,0.0,1,0,1.0,0,0,0,-9999.0,0.875,1,P3_CV0,1,2,0,0,2
4,45.1161817,-122.0584679,ID4_F4_m4f4_P4_Y8_UO3898,ID4_F4_m4f4_P4_Y6_UO6752,ID4_F4_m4f4_P4_Y7_UO4406,MXY,2,0.0,1,0,0.0,0,0,0,-9999.0,0.8642578125,1,P3_CV0,1,2,0,2,0
4,45.1161817,-122.0584679,ID4_F4_m4f4_P4_Y8_UO4352,ID4_F4_m4f4_P4_Y6_UO602,ID4_F4_m4f4_P4_Y7_UO4283,MXY,2,0.0,1,0,0.0,0,0,0,-9999.0,0.91015625,1,P3_CV0,1,2,0,2,0
4,45.1161817,-122.0584679,ID4_F4_m4f4_P4_Y8_UO2669,ID4_F4_m4f4_P4_Y6_UO2207,ID4_F4_m4f4_P4_Y6_UO6751,MXY,2,0.0,1,0,0.0,0,0,0,-9999.0,0.8359375,1,P3_CV0,1,2,0,2,0
4,45.1161817,-122.0584679,ID4_F4_m4f4_P4_Y8_UO4818,ID4_F4_m4f4_P4_Y6_UO282,ID4_F4_m4f4_P4_Y5_UO4781,FXX,2,0.0,1,0,1.0,0,0,0,-9999.0,0.8125,1,P3_CV0,1,2,0,2,0
4,45.1161817,-122.0584679,ID4_F4_m4f4_P4_Y8_UO4351,ID4_F4_m4f4_P4_Y6_UO602,ID4_F4_m4f4_P4_Y7_UO4283,MXY,2,0.0,1,0,0.0,0,0,0,-9999.0,0.91015625,1,P3_CV0,1,2,0,1,1
4,45.1161817,-122.0584679,ID4_F4_m4f4_P4_Y8_UO545,ID4_F4_m4f4_P4_Y5_UO3949,ID4_F4_m4f4_P4_Y7_UO3066,FXX,2,0.0,1,0,1.0,0,0,0,-9999.0,0.859375,1,P3_CV0,1,2,0,1,1
4,45.1161817,-122.0584679,ID4_F4_m4f4_P4_Y8_UO1011,ID4_F4_m4f4_P4_Y6_UO452,ID4_F4_m4f4_P4_Y7_UO1762,FXX,2,0.0,1,0,1.0,0,0,0,-9999.0,0.83984375,1,P3_CV0,1,2,0,1,1
4,45.1161817,-122.0584679,ID4_F4_m4f4_P4_Y8_UO498,ID4_F4_m4f4_P4_Y6_UO7408,ID4_F4_m4f4_P4_Y7_UO4678,FXX,2,0.0,1,0,1.0,0,0,0,-9999.0,0.91015625,1,P3_CV0,1,2,0,2,0
4,45.1161817,-122.0584679,ID4_F4_m4f4_P4_Y8_UO915,ID4_F4_m4f4_P4_Y6_UO2212,ID4_F4_m4f4_P4_Y7_UO4953,MXY,2,0.0,1,0,0.0,0,0,0,-9999.0,0.87109375,1,P3_CV0,1,2,0,2,0
4,45.1161817,-122.0584679,ID4_F4_m4f4_P4_Y8_UO6922,ID4_F4_m4f4_P4_Y5_UO3286,ID4_F4_m4f4_P4_Y4_UO5443,MXY,2,0.0,1,0,0.0,0,0,0,-9999.0,0.84375,1,P3_CV0,1,2,0,1,1
4,45.1161817,-122.0584679,ID4_F4_m4f4_P4_Y8_UO5686,ID4_F4_m4f4_P4_Y6_UO7408,ID4_F4_m4f4_P4_Y7_UO1569,MXY,2,0.0,1,0,0.0,0,0,0,-9999.0,0.88671875,1,P3_CV0,1,2,0,1,1
4,45.1161817,-122.0584679,ID4_F4_m4f4_P4_Y8_UO5509,ID4_F4_m4f4_P4_Y6_UO303,ID4_F4_m4f4_P4_Y6_UO1809,FXX,2,0.0,1,0,1.0,0,0,0,-9999.0,0.81640625,1,P3_CV0,1,2,0,1,1
4,45.1161817,-122.0584679,ID4_F4_m4f4_P4_Y8_UO4120,ID4_F4_m4f4_P4_Y4_UO6441,ID4_F4_m4f4_P4_Y6_UO2915,MXY,2,0.0,1,0,0.0,0,0,0,-9999.0,0.84375,1,P3_CV0,1,2,0,0,2
4,45.1161817,-122.0584679,ID4_F4_m4f4_P4_Y8_UO3452,ID4_F4_m4f4_P4_Y6_UO6750,ID4_F4_m4f4_P4_Y7_UO4411,FXX,2,0.0,1,0,1.0,0,0,0,-9999.0,0.8642578125,1,P3_CV0,1,2,0,0,2
4,45.1161817,-122.0584679,ID4_F4_m4f4_P4_Y8_UO288,ID4_F4_m4f4_P4_Y5_UO5001,ID4_F4_m4f4_P4_Y6_UO1867,MXY,2,0.0,1,0,0.0,0,0,0,-9999.0,0.87109375,1,P3_CV0,1,2,0,1,1
4,45.1161817,-122.0584679,ID4_F4_m4f4_P4_Y8_UO4019,ID4_F4_m4f4_P4_Y6_UO6368,ID4_F4_m4f4_P4_Y6_UO1872,MXY,2,0.0,1,0,0.0,0,0,0,-9999.0,0.859375,1,P3_CV0,1,2,0,1,1
4,45.1161817,-122.0584679,ID4_F4_m4f4_P4_Y8_UO3389,ID4_F4_m4f4_P4_Y6_UO6669,ID4_F4_m4f4_P4_Y7_UO4671,FXX,2,0.0,1,0,1.0,0,0,0,-9999.0,0.8359375,1,P3_CV0,1,2,0,2,0
4,45.1161817,-122.0584679,ID4_F4_m4f4_P4_Y8_UO2444,ID4_F4_m4f4_P4_Y6_UO4345,ID4_F4_m4f4_P4_Y7_UO259,MXY,2,0.0,1,0,0.0,0,0,0,-9999.0,0.87890625,1,P3_CV0,1,2,0,2,0
4,45.1161817,-122.0584679,ID4_F4_m4f4_P4_Y8_UO2416,ID4_F4_m4f4_P4_Y6_UO3421,ID4_F4_m4f4_P4_Y7_UO1774,MXY,2,0.0,1,0,0.0,0,0,0,-9999.0,0.853515625,1,P3_CV0,1,2,0,0,2
4,45.1161817,-122.0584679,ID4_F4_m4f4_P4_Y8_UO4416,ID4_F4_m4f4_P4_Y6_UO603,ID4_F4_m4f4_P4_Y7_UO5032,FXX,2,0.0,1,0,1.0,0,0,0,-9999.0,0.88671875,1,P3_CV0,1,2,0,2,0
4,45.1161817,-122.0584679,ID4_F4_m4f4_P4_Y8_UO3495,ID4_F4_m4f4_P4_Y6_UO5929,ID4_F4_m4f4_P4_Y7_UO2710,FXX,2,0.0,1,0,1.0,0,0,0,-9999.0,0.80078125,1,P3_CV0,1,2,0,2,0
4,45.1161817,-122.0584679,ID4_F4_m4f4_P4_Y8_UO5209,ID4_F4_m4f4_P4_Y6_UO5612,ID4_F4_m4f4_P4_Y4_UO5443,MXY,2,0.0,1,0,0.0,0,0,0,-9999.0,0.853515625,1,P3_CV0,1,2,0,1,1
4,45.1161817,-122.0584679,ID4_F4_m4f4_P4_Y8_UO3164,ID4_F4_m4f4_P4_Y6_UO6750,ID4_F4_m4f4_P4_Y7_UO4897,FXX,2,0.0,1,0,1.0,0,0,0,-9999.0,0.86328125,1,P3_CV0,1,2,0,1,1
4,45.1161817,-122.0584679,ID4_F4_m4f4_P4_Y8_UO173,ID4_F4_m4f4_P4_Y6_UO5196,ID4_F4_m4f4_P4_Y7_UO4248,MXY,2,0.0,1,0,0.0,0,0,0,-9999.0,0.814453125,1,P3_CV0,1,2,0,0,2
4,45.1161817,-122.0584679,ID4_F4_m4f4_P4_Y8_UO919,ID4_F4_m4f4_P4_Y6_UO3372,ID4_F4_m4f4_P4_Y7_UO4252,MXY,2,0.0,1,0,0.0,0,0,0,-9999.0,0.833984375,1,P3_CV0,1,2,0,2,0
4,45.1161817,-122.0584679,ID4_F4_m4f4_P4_Y8_UO1971,ID4_F4_m4f4_P4_Y5_UO1271,ID4_F4_m4f4_P4_Y6_UO7188,MXY,2,0.0,1,0,0.0,0,0,0,-9999.0,0.861328125,1,P3_CV0,1,2,0,2,0
4,45.1161817,-122.0584679,ID4_F4_m4f4_P4_Y8_UO5977,ID4_F4_m4f4_P4_Y6_UO3028,ID4_F4_m4f4_P4_Y7_UO5033,FXX,2,0.0,1,0,1.0,0,0,0,-9999.0,0.8515625,1,P3_CV0,1,2,0,2,0
4,45.1161817,-122.0584679,ID4_F4_m4f4_P4_Y8_UO2451,ID4_F4_m4f4_P4_Y6_UO4345,ID4_F4_m4f4_P4_Y7_UO259,MXY,2,0.0,1,0,0.0,0,0,0,-9999.0,0.87890625,1,P3_CV0,1,2,0,0,2
4,45.1161817,-122.0584679,ID4_F4_m4f4_P4_Y8_UO132,ID4_F4_m4f4_P4_Y6_UO5612,ID4_F4_m4f4_P4_Y6_UO6751,FXX,2,0.0,1,0,1.0,0,0,0,-9999.0,0.869140625,1,P3_CV0,1,2,0,0,2
4,45.1161817,-122.0584679,ID4_F4_m4f4_P4_Y8_UO827,ID4_F4_m4f4_P4_Y6_UO1444,ID4_F4_m4f4_P4_Y6_UO1866,MXY,2,0.0,1,0,0.0,0,0,0,-9999.0,0.875,1,P3_CV0,1,2,0,1,1
4,45.1161817,-122.0584679,ID4_F4_m4f4_P4_Y8_UO3820,ID4_F4_m4f4_P4_Y3_UO469,ID4_F4_m4f4_P4_Y7_UO4897,MXY,2,0.0,1,0,0.0,0,0,0,-9999.0,0.81640625,1,P3_CV0,1,2,0,2,0
4,45.1161817,-122.0584679,ID4_F4_m4f4_P4_Y8_UO24,ID4_F4_m4f4_P4_Y6_UO258,ID4_F4_m4f4_P4_Y6_UO2154,MXY,2,0.0,1,0,0.0,0,0,0,-9999.0,0.900390625,1,P3_CV0,1,2,0,2,0
4,45.1161817,-122.0584679,ID4_F4_m4f4_P4_Y8_UO3451,ID4_F4_m4f4_P4_Y6_UO6750,ID4_F4_m4f4_P4_Y7_UO4411,FXX,2,0.0,1,0,1.0,0,0,0,-9999.0,0.8642578125,1,P3_CV0,1,2,0,0,2
4,45.1161817,-122.0584679,ID4_F4_m4f4_P4_Y8_UO4119,ID4_F4_m4f4_P4_Y4_UO6441,ID4_F4_m4f4_P4_Y6_UO2915,FXX,2,0.0,1,0,1.0,0,0,0,-9999.0,0.84375,1,P3_CV0,1,2,0,1,1
4,45.1161817,-122.0584679,ID4_F4_m4f4_P4_Y8_UO2501,ID4_F4_m4f4_P4_Y6_UO7362,ID4_F4_m4f4_P4_Y7_UO3444,FXX,2,0.0,1,0,1.0,0,0,0,-9999.0,0.916015625,1,P3_CV0,1,2,0,2,0
4,45.1161817,-122.0584679,ID4_F4_m4f4_P4_Y8_UO5975,ID4_F4_m4f4_P4_Y6_UO3028,ID4_F4_m4f4_P4_Y7_UO5033,MXY,2,0.0,1,0,0.0,0,0,0,-9999.0,0.8515625,1,P3_CV0,1,2,0,2,0
4,45.1161817,-122.0584679,ID4_F4_m4f4_P4_Y8_UO4822,ID4_F4_m4f4_P4_Y6_UO282,ID4_F4_m4f4_P4_Y5_UO4781,FXX,2,0.0,1,0,1.0,0,0,0,-9999.0,0.8125,1,P3_CV0,1,2,0,2,0
4,45.1161817,-122.0584679,ID4_F4_m4f4_P4_Y8_UO2666,ID4_F4_m4f4_P4_Y6_UO2207,ID4_F4_m4f4_P4_Y6_UO6751,MXY,2,0.0,1,0,0.0,0,0,0,-9999.0,0.8359375,1,P3_CV0,1,2,0,2,0
4,45.1161817,-122.0584679,ID4_F4_m4f4_P4_Y8_UO5743,ID4_F4_m4f4_P4_Y6_UO2212,ID4_F4_m4f4_P4_Y6_UO2152,MXY,2,0.0,1,0,0.0,0,0,0,-9999.0,0.8828125,1,P3_CV0,1,2,0,1,1
4,45.1161817,-122.0584679,ID4_F4_m4f4_P4_Y8_UO3496,ID4_F4_m4f4_P4_Y6_UO5929,ID4_F4_m4f4_P4_Y7_UO2710,FXX,2,0.0,1,0,1.0,0,0,0,-9999.0,0.80078125,1,P3_CV0,1,2,0,2,0
4,45.1161817,-122.0584679,ID4_F4_m4f4_P4_Y8_UO750,ID4_F4_m4f4_P4_Y6_UO7040,ID4_F4_m4f4_P4_Y7_UO4572,FXX,2,0.0,1,0,1.0,0,0,0,-9999.0,0.828125,1,P3_CV0,1,2,0,1,1
4,45.1161817,-122.0584679,ID4_F4_m4f4_P4_Y8_UO3686,ID4_F4_m4f4_P4_Y6_UO3753,ID4_F4_m4f4_P4_Y7_UO3443,MXY,2,0.0,1,0,0.0,0,0,0,-9999.0,0.845703125,1,P3_CV0,1,2,0,1,1
4,45.1161817,-122.0584679,ID4_F4_m4f4_P4_Y8_UO5125,ID4_F4_m4f4_P4_Y4_UO1525,ID4_F4_m4f4_P4_Y6_UO6366,MXY,2,0.0,1,0,0.0,0,0,0,-9999.0,0.84375,1,P3_CV0,1,2,0,1,1
4,45.1161817,-122.0584679,ID4_F4_m4f4_P4_Y8_UO4901,ID4_F4_m4f4_P4_Y6_UO2153,ID4_F4_m4f4_P4_Y5_UO5571,MXY,2,0.0,1,0,0.0,0,0,0,-9999.0,0.85546875,1,P3_CV0,1,2,0,1,1
4,45.1161817,-122.0584679,ID4_F4_m4f4_P4_Y8_UO541,ID4_F4_m4f4_P4_Y6_UO4391,ID4_F4_m4f4_P4_Y6_UO6366,MXY,2,0.0,1,0,0.0,0,0,0,-9999.0,0.8828125,1,P3_CV0,1,2,0,0,2
4,45.1161817,-122.0584679,ID4_F4_m4f4_P4_Y8_UO26,ID4_F4_m4f4_P4_Y6_UO258,ID4_F4_m4f4_P4_Y6_UO2154,MXY,2,0.0,1,0,0.0,0,0,0,-9999.0,0.900390625,1,P3_CV0,1,2,0,1,1
4,45.1161817,-122.0584679,ID4_F4_m4f4_P4_Y8_UO4012,ID4_F4_m4f4_P4_Y6_UO6368,ID4_F4_m4f4_P4_Y6_UO1872,MXY,2,0.0,1,0,0.0,0,0,0,-9999.0,0.859375,1,P3_CV0,1,2,0,2,0
4,45.1161817,-122.0584679,ID4_F4_m4f4_P4_Y8_UO7594,ID4_F4_m4f4_P4_Y6_UO3421,ID4_F4_m4f4_P4_Y4_UO4350,MXY,2,0.0,1,0,0.0,0,0,0,-9999.0,0.884765625,1,P3_CV0,1,2,0,0,2
4,45.1161817,-122.0584679,ID4_F4_m4f4_P4_Y8_UO3100,ID4_F4_m4f4_P4_Y5_UO262,ID4_F4_m4f4_P4_Y4_UO6760,FXX,2,0.0,1,0,1.0,0,0,0,-9999.0,0.859375,1,P3_CV0,1,2,0,2,0
4,45.1161817,-122.0584679,ID4_F4_m4f4_P4_Y8_UO2544,ID4_F4_m4f4_P4_Y6_UO5028,ID4_F4_m4f4_P4_Y7_UO1873,FXX,2,0.0,1,0,1.0,0,0,0,-9999.0,0.84765625,1,P3_CV0,1,2,0,2,0
4,45.1161817,-122.0584679,ID4_F4_m4f4_P4_Y8_UO826,ID4_F4_m4f4_P4_Y6_UO1444,ID4_F4_m4f4_P4_Y6_UO1866,FXX,2,0.0,1,0,1.0,0,0,0,-9999.0,0.875,1,P3_CV0,1,2,0,1,1
4,45.1161817,-122.0584679,ID4_F4_m4f4_P4_Y8_UO1974,ID4_F4_m4f4_P4_Y5_UO1271,ID4_F4_m4f4_P4_Y6_UO7188,MXY,2,0.0,1,0,0.0,0,0,0,-9999.0,0.861328125,1,P3_CV0,1,2,0,2,0
4,45.1161817,-122.0584679,ID4_F4_m4f4_P4_Y8_UO5972,ID4_F4_m4f4_P4_Y6_UO2153,ID4_F4_m4f4_P4_Y6_UO2915,FXX,2,0.0,1,0,1.0,0,0,0,-9999.0,0.8359375,1,P3_CV0,1,2,0,2,0
4,45.1161817,-122.0584679,ID4_F4_m4f4_P4_Y8_UO6721,ID4_F4_m4f4_P4_Y6_UO5610,ID4_F4_m4f4_P4_Y7_UO4572,FXX,2,0.0,1,0,1.0,0,0,0,-9999.0,0.876953125,1,P3_CV0,1,2,0,2,0
4,45.1161817,-122.0584679,ID4_F4_m4f4_P4_Y8_UO4817,ID4_F4_m4f4_P4_Y6_UO282,ID4_F4_m4f4_P4_Y5_UO4781,FXX,2,0.0,1,0,1.0,0,0,0,-9999.0,0.8125,1,P3_CV0,1,2,0,2,0
4,45.1161817,-122.0584679,ID4_F4_m4f4_P4_Y8_UO1017,ID4_F4_m4f4_P4_Y6_UO452,ID4_F4_m4f4_P4_Y7_UO1762,FXX,2,0.0,1,0,1.0,0,0,0,-9999.0,0.83984375,1,P3_CV0,1,2,0,1,1
4,45.1161817,-122.0584679,ID4_F4_m4f4_P4_Y8_UO174,ID4_F4_m4f4_P4_Y6_UO5196,ID4_F4_m4f4_P4_Y7_UO4248,FXX,2,0.0,1,0,1.0,0,0,0,-9999.0,0.814453125,1,P3_CV0,1,2,0,1,1
4,45.1161817,-122.0584679,ID4_F4_m4f4_P4_Y8_UO21,ID4_F4_m4f4_P4_Y6_UO258,ID4_F4_m4f4_P4_Y6_UO2154,MXY,2,0.0,1,0,0.0,0,0,0,-9999.0,0.900390625,1,P3_CV0,1,2,0,1,1
4,45.1161817,-122.0584679,ID4_F4_m4f4_P4_Y8_UO2468,ID4_F4_m4f4_P4_Y6_UO6185,ID4_F4_m4f4_P4_Y7_UO3445,FXX,2,0.0,1,0,1.0,0,0,0,-9999.0,0.908203125,1,P3_CV0,1,2,0,2,0
4,45.1161817,-122.0584679,ID4_F4_m4f4_P4_Y8_UO756,ID4_F4_m4f4_P4_Y6_UO7040,ID4_F4_m4f4_P4_Y7_UO4572,MXY,2,0.0,1,0,0.0,0,0,0,-9999.0,0.828125,1,P3_CV0,1,2,0,1,1
4,45.1161817,-122.0584679,ID4_F4_m4f4_P4_Y8_UO4361,ID4_F4_m4f4_P4_Y6_UO2212,ID4_F4_m4f4_P4_Y6_UO6472,FXX,2,0.0,1,0,1.0,0,0,0,-9999.0,0.87109375,1,P3_CV0,1,2,0,2,0
4,45.1161817,-122.0584679,ID4_F4_m4f4_P4_Y8_UO2849,ID4_F4_m4f4_P4_Y6_UO3419,ID4_F4_m4f4_P4_Y4_UO5443,MXY,2,0.0,1,0,0.0,0,0,0,-9999.0,0.822265625,1,P3_CV0,1,2,0,1,1
4,45.1161817,-122.0584679,ID4_F4_m4f4_P4_Y8_UO2548,ID4_F4_m4f4_P4_Y6_UO5028,ID4_F4_m4f4_P4_Y7_UO1873,FXX,2,0.0,1,0,1.0,0,0,0,-9999.0,0.84765625,1,P3_CV0,1,2,0,2,0
4,45.1161817,-122.0584679,ID4_F4_m4f4_P4_Y8_UO3450,ID4_F4_m4f4_P4_Y6_UO6750,ID4_F4_m4f4_P4_Y7_UO4411,FXX,2,0.0,1,0,1.0,0,0,0,-9999.0,0.8642578125,1,P3_CV0,1,2,0,1,1
4,45.1161817,-122.0584679,ID4_F4_m4f4_P4_Y8_UO2417,ID4_F4_m4f4_P4_Y6_UO3421,ID4_F4_m4f4_P4_Y7_UO1774,FXX,2,0.0,1,0,1.0,0,0,0,-9999.0,0.853515625,1,P3_CV0,1,2,0,1,1
4,45.1161817,-122.0584679,ID4_F4_m4f4_P4_Y8_UO3163,ID4_F4_m4f4_P4_Y6_UO6750,ID4_F4_m4f4_P4_Y7_UO4897,MXY,2,0.0,1,0,0.0,0,0,0,-9999.0,0.86328125,1,P3_CV0,1,2,0,0,2
4,45.1161817,-122.0584679,ID4_F4_m4f4_P4_Y8_UO4422,ID4_F4_m4f4_P4_Y6_UO603,ID4_F4_m4f4_P4_Y7_UO5032,FXX,2,0.0,1,0,1.0,0,0,0,-9999.0,0.88671875,1,P3_CV0,1,2,0,1,1
4,45.1161817,-122.0584679,ID4_F4_m4f4_P4_Y8_UO5126,ID4_F4_m4f4_P4_Y4_UO1525,ID4_F4_m4f4_P4_Y6_UO6366,MXY,2,0.0,1,0,0.0,0,0,0,-9999.0,0.84375,1,P3_CV0,1,2,0,1,1
4,45.1161817,-122.0584679,ID4_F4_m4f4_P4_Y7_UO4670,ID4_F4_m4f4_P4_Y5_UO4423,ID4_F4_m4f4_P4_Y6_UO1872,MXY,3,0.0,1,0,0.0,0,0,0,-9999.0,0.8203125,1,P3_CV0,1,2,0,2,0
4,45.1161817,-122.0584679,ID4_F4_m4f4_P4_Y7_UO2046,ID4_F4_m4f4_P4_Y5_UO4653,ID4_F4_m4f4_P4_Y4_UO3108,MXY,3,0.0,1,0,0.0,0,0,0,-9999.0,0.8984375,1,P3_CV0,1,2,0,2,0
4,45.1161817,-122.0584679,ID4_F4_m4f4_P4_Y7_UO622,ID4_F4_m4f4_P4_Y4_UO7024,ID4_F4_m4f4_P4_Y6_UO3416,FXX,3,0.0,1,0,1.0,0,0,0,-9999.0,0.921875,1,P3_CV0,1,2,0,1,1
4,45.1161817,-122.0584679,ID4_F4_m4f4_P4_Y7_UO2048,ID4_F4_m4f4_P4_Y5_UO4653,ID4_F4_m4f4_P4_Y4_UO3108,FXX,3,0.0,1,0,1.0,0,0,0,-9999.0,0.8984375,1,P3_CV0,1,2,0,2,0
4,45.1161817,-122.0584679,ID4_F4_m4f4_P4_Y7_UO443,ID4_F4_m4f4_P4_Y5_UO3857,ID4_F4_m4f4_P4_Y6_UO7459,FXX,3,0.0,1,0,1.0,0,0,0,-9999.0,0.80078125,1,P3_CV0,1,2,0,2,0
4,45.1161817,-122.0584679,ID4_F4_m4f4_P4_Y7_UO4679,ID4_F4_m4f4_P4_Y2_UO4137,ID4_F4_m4f4_P4_Y4_UO6393,MXY,3,0.0,1,0,0.0,0,0,0,-9999.0,0.953125,1,P3_CV0,1,2,0,2,0
4,45.1161817,-122.0584679,ID4_F4_m4f4_P4_Y7_UO409,ID4_F4_m4f4_P4_Y5_UO3857,ID4_F4_m4f4_P4_Y6_UO6787,MXY,3,0.0,1,0,0.0,0,0,0,-9999.0,0.84765625,1,P3_CV0,1,2,0,2,0
4,45.1161817,-122.0584679,ID4_F4_m4f4_P4_Y7_UO1909,ID4_F4_m4f4_P4_Y4_UO6130,ID4_F4_m4f4_P4_Y4_UO3108,FXX,3,0.0,1,0,1.0,0,0,0,-9999.0,0.921875,1,P3_CV0,1,2,0,1,1
4,45.1161817,-122.0584679,ID4_F4_m4f4_P4_Y7_UO3073,ID4_F4_m4f4_P4_Y5_UO181,ID4_F4_m4f4_P4_Y6_UO7082,MXY,3,0.0,1,0,0.0,0,0,0,-9999.0,0.8671875,1,P3_CV0,1,2,0,2,0
4,45.1161817,-122.0584679,ID4_F4_m4f4_P4_Y7_UO1767,ID4_F4_m4f4_P4_Y5_UO1281,ID4_F4_m4f4_P4_Y6_UO1789,MXY,3,0.0,1,0,0.0,0,0,0,-9999.0,0.875,1,P3_CV0,1,2,0,1,1
4,45.1161817,-122.0584679,ID4_F4_m4f4_P4_Y7_UO2778,ID4_F4_m4f4_P4_Y4_UO7044,ID4_F4_m4f4_P4_Y4_UO4331,MXY,3,0.0,1,0,0.0,0,0,0,-9999.0,0.7109375,1,P3_CV0,1,2,0,2,0
4,45.1161817,-122.0584679,ID4_F4_m4f4_P4_Y7_UO1912,ID4_F4_m4f4_P4_Y4_UO6130,ID4_F4_m4f4_P4_Y4_UO3108,MXY,3,0.0,1,0,0.0,0,0,0,-9999.0,0.921875,1,P3_CV0,1,2,0,1,1
4,45.1161817,-122.0584679,ID4_F4_m4f4_P4_Y7_UO166,ID4_F4_m4f4_P4_Y5_UO262,ID4_F4_m4f4_P4_Y6_UO6755,FXX,3,0.0,1,0,1.0,0,0,0,-9999.0,0.890625,1,P3_CV0,1,2,0,1,1
4,45.1161817,-122.0584679,ID4_F4_m4f4_P4_Y7_UO2050,ID4_F4_m4f4_P4_Y5_UO4653,ID4_F4_m4f4_P4_Y4_UO3108,FXX,3,0.0,1,0,1.0,0,0,0,-9999.0,0.8984375,1,P3_CV0,1,2,0,2,0
4,45.1161817,-122.0584679,ID4_F4_m4f4_P4_Y7_UO4666,ID4_F4_m4f4_P4_Y5_UO4423,ID4_F4_m4f4_P4_Y6_UO1872,MXY,3,0.0,1,0,0.0,0,0,0,-9999.0,0.8203125,1,P3_CV0,1,2,0,2,0
4,45.1161817,-122.0584679,ID4_F4_m4f4_P4_Y7_UO4674,ID4_F4_m4f4_P4_Y5_UO4423,ID4_F4_m4f4_P4_Y6_UO1872,MXY,3,0.0,1,0,0.0,0,0,0,-9999.0,0.8203125,1,P3_CV0,1,2,0,2,0
4,45.1161817,-122.0584679,ID4_F4_m4f4_P4_Y7_UO3066,ID4_F4_m4f4_P4_Y5_UO181,ID4_F4_m4f4_P4_Y6_UO7082,MXY,3,0.0,1,0,0.0,0,0,0,-9999.0,0.8671875,1,P3_CV0,1,2,0,1,1
4,45.1161817,-122.0584679,ID4_F4_m4f4_P4_Y7_UO1600,ID4_F4_m4f4_P4_Y4_UO6520,ID4_F4_m4f4_P4_Y3_UO3308,FXX,3,0.0,1,0,1.0,0,0,0,-9999.0,0.90625,1,P3_CV0,1,2,0,1,1
4,45.1161817,-122.0584679,ID4_F4_m4f4_P4_Y7_UO3520,ID4_F4_m4f4_P4_Y5_UO262,ID4_F4_m4f4_P4_Y6_UO7363,MXY,3,0.0,1,0,0.0,0,0,0,-9999.0,0.953125,1,P3_CV0,1,2,0,1,1
4,45.1161817,-122.0584679,ID4_F4_m4f4_P4_Y7_UO3194,ID4_F4_m4f4_P4_Y5_UO5001,ID4_F4_m4f4_P4_Y4_UO3798,MXY,3,0.0,1,0,0.0,0,0,0,-9999.0,0.86328125,1,P3_CV0,1,2,0,2,0
4,45.1161817,-122.0584679,ID4_F4_m4f4_P4_Y7_UO4678,ID4_F4_m4f4_P4_Y2_UO4137,ID4_F4_m4f4_P4_Y4_UO6393,MXY,3,0.0,1,0,0.0,0,0,0,-9999.0,0.953125,1,P3_CV0,1,2,0,2,0
4,45.1161817,-122.0584679,ID4_F4_m4f4_P4_Y7_UO1763,ID4_F4_m4f4_P4_Y4_UO161,ID4_F4_m4f4_P4_Y6_UO3754,FXX,3,0.0,1,0,1.0,0,0,0,-9999.0,0.8359375,1,P3_CV0,1,2,0,0,2
4,45.1161817,-122.0584679,ID4_F4_m4f4_P4_Y7_UO164,ID4_F4_m4f4_P4_Y5_UO262,ID4_F4_m4f4_P4_Y6_UO6755,MXY,3,0.0,1,0,0.0,0,0,0,-9999.0,0.890625,1,P3_CV0,1,2,0,1,1
4,45.1161817,-122.0584679,ID4_F4_m4f4_P4_Y7_UO4956,ID4_F4_m4f4_P4_Y2_UO3559,ID4_F4_m4f4_P4_Y6_UO7081,MXY,3,0.0,1,0,0.0,0,0,0,-9999.0,0.8359375,1,P3_CV0,1,2,0,1,1
4,45.1161817,-122.0584679,ID4_F4_m4f4_P4_Y7_UO1685,ID4_F4_m4f4_P4_Y5_UO3949,ID4_F4_m4f4_P4_Y6_UO7380,MXY,3,0.0,1,0,0.0,0,0,0,-9999.0,0.87109375,1,P3_CV0,1,2,0,1,1
4,45.1161817,-122.0584679,ID4_F4_m4f4_P4_Y7_UO3525,ID4_F4_m4f4_P4_Y5_UO3857,ID4_F4_m4f4_P4_Y6_UO2713,FXX,3,0.0,1,0,1.0,0,0,0,-9999.0,0.8515625,1,P3_CV0,1,2,0,2,0
4,45.1161817,-122.0584679,ID4_F4_m4f4_P4_Y7_UO1908,ID4_F4_m4f4_P4_Y4_UO6130,ID4_F4_m4f4_P4_Y4_UO3108,MXY,3,0.0,1,0,0.0,0,0,0,-9999.0,0.921875,1,P3_CV0,1,2,0,2,0
4,45.1161817,-122.0584679,ID4_F4_m4f4_P4_Y7_UO4251,ID4_F4_m4f4_P4_Y2_UO80,ID4_F4_m4f4_P4_Y6_UO5195,MXY,3,0.0,1,0,0.0,0,0,0,-9999.0,0.79296875,1,P3_CV0,1,2,0,0,2
4,45.1161817,-122.0584679,ID4_F4_m4f4_P4_Y7_UO4569,ID4_F4_m4f4_P4_Y4_UO7364,ID4_F4_m4f4_P4_Y6_UO4119,FXX,3,0.0,1,0,1.0,0,0,0,-9999.0,0.859375,1,P3_CV0,1,2,0,2,0
4,45.1161817,-122.0584679,ID4_F4_m4f4_P4_Y7_UO1875,ID4_F4_m4f4_P4_Y2_UO4137,ID4_F4_m4f4_P4_Y6_UO3754,FXX,3,0.0,1,0,1.0,0,0,0,-9999.0,0.9140625,1,P3_CV0,1,2,0,2,0
4,45.1161817,-122.0584679,ID4_F4_m4f4_P4_Y7_UO412,ID4_F4_m4f4_P4_Y5_UO3857,ID4_F4_m4f4_P4_Y6_UO6787,MXY,3,0.0,1,0,0.0,0,0,0,-9999.0,0.84765625,1,P3_CV0,1,2,0,2,0
4,45.1161817,-122.0584679,ID4_F4_m4f4_P4_Y7_UO4403,ID4_F4_m4f4_P4_Y5_UO4876,ID4_F4_m4f4_P4_Y6_UO426,FXX,3,0.0,1,0,1.0,0,0,0,-9999.0,0.884765625,1,P3_CV0,1,2,0,1,1
4,45.1161817,-122.0584679,ID4_F4_m4f4_P4_Y7_UO1686,ID4_F4_m4f4_P4_Y5_UO3949,ID4_F4_m4f4_P4_Y6_UO7380,FXX,3,0.0,1,0,1.0,0,0,0,-9999.0,0.87109375,1,P3_CV0,1,2,0,1,1
4,45.1161817,-122.0584679,ID4_F4_m4f4_P4_Y7_UO3439,ID4_F4_m4f4_P4_Y5_UO5001,ID4_F4_m4f4_P4_Y6_UO436,FXX,3,0.0,1,0,1.0,0,0,0,-9999.0,0.86328125,1,P3_CV0,1,2,0,1,1
4,45.1161817,-122.0584679,ID4_F4_m4f4_P4_Y6_UO3238,ID4_F4_m4f4_P4_Y4_UO650,ID4_F4_m4f4_P4_Y5_UO2741,MXY,4,0.0,1,0,0.0,0,0,0,-9999.0,0.84375,1,P3_CV0,1,2,0,2,0
4,45.1161817,-122.0584679,ID4_F4_m4f4_P4_Y6_UO3421,ID4_F4_m4f4_P4_Y4_UO62,ID4_F4_m4f4_P4_Y5_UO5576,FXX,4,0.0,1,0,1.0,0,0,0,-9999.0,0.83203125,1,P3_CV0,1,2,0,1,1
4,45.1161817,-122.0584679,ID4_F4_m4f4_P4_Y6_UO7188,ID4_F4_m4f4_P4_Y4_UO957,ID4_F4_m4f4_P4_Y5_UO5576,MXY,4,0.0,1,0,0.0,0,0,0,-9999.0,0.84765625,1,P3_CV0,1,2,0,2,0
4,45.1161817,-122.0584679,ID4_F4_m4f4_P4_Y6_UO1177,ID4_F4_m4f4_P4_Y4_UO7197,ID4_F4_m4f4_P4_Y5_UO4649,MXY,4,0.0,1,0,0.0,0,0,0,-9999.0,0.8984375,1,P3_CV0,1,2,0,2,0
4,45.1161817,-122.0584679,ID4_F4_m4f4_P4_Y6_UO3419,ID4_F4_m4f4_P4_Y4_UO62,ID4_F4_m4f4_P4_Y5_UO5576,FXX,4,0.0,1,0,1.0,0,0,0,-9999.0,0.83203125,1,P3_CV0,1,2,0,1,1
4,45.1161817,-122.0584679,ID4_F4_m4f4_P4_Y6_UO434,ID4_F4_m4f4_P4_Y4_UO3890,ID4_F4_m4f4_P4_Y5_UO2738,MXY,4,0.0,1,0,0.0,0,0,0,-9999.0,0.8125,1,P3_CV0,1,2,0,2,0
4,45.1161817,-122.0584679,ID4_F4_m4f4_P4_Y6_UO7362,ID4_F4_m4f4_P4_Y4_UO3404,ID4_F4_m4f4_P4_Y4_UO2422,FXX,4,0.0,1,0,1.0,0,0,0,-9999.0,0.96875,1,P3_CV0,1,2,0,1,1
4,45.1161817,-122.0584679,ID4_F4_m4f4_P4_Y6_UO1423,ID4_F4_m4f4_P4_Y4_UO3055,ID4_F4_m4f4_P4_Y5_UO2079,FXX,4,0.0,1,0,1.0,0,0,0,-9999.0,0.828125,1,P3_CV0,1,2,0,1,1
4,45.1161817,-122.0584679,ID4_F4_m4f4_P4_Y6_UO6750,ID4_F4_m4f4_P4_Y4_UO6128,ID4_F4_m4f4_P4_Y2_UO452,FXX,4,0.0,1,0,1.0,0,0,0,-9999.0,0.84375,1,P3_CV0,1,2,0,0,2
4,45.1161817,-122.0584679,ID4_F4_m4f4_P4_Y6_UO5610,ID4_F4_m4f4_P4_Y4_UO4778,ID4_F4_m4f4_P4_Y5_UO3946,FXX,4,0.0,1,0,1.0,0,0,0,-9999.0,0.89453125,1,P3_CV0,1,2,0,2,0
4,45.1161817,-122.0584679,ID4_F4_m4f4_P4_Y6_UO2914,ID4_F4_m4f4_P4_Y4_UO6520,ID4_F4_m4f4_P4_Y4_UO3796,MXY,4,0.0,1,0,0.0,0,0,0,-9999.0,0.8125,1,P3_CV0,1,2,0,1,1
4,45.1161817,-122.0584679,ID4_F4_m4f4_P4_Y6_UO604,ID4_F4_m4f4_P4_Y4_UO6441,ID4_F4_m4f4_P4_Y4_UO2230,MXY,4,0.0,1,0,0.0,0,0,0,-9999.0,0.9140625,1,P3_CV0,1,2,0,2,0
4,45.1161817,-122.0584679,ID4_F4_m4f4_P4_Y6_UO7187,ID4_F4_m4f4_P4_Y4_UO957,ID4_F4_m4f4_P4_Y5_UO5576,FXX,4,0.0,1,0,1.0,0,0,0,-9999.0,0.84765625,1,P3_CV0,1,2,0,1,1
4,45.1161817,-122.0584679,ID4_F4_m4f4_P4_Y6_UO6755,ID4_F4_m4f4_P4_Y4_UO6128,ID4_F4_m4f4_P4_Y2_UO452,MXY,4,0.0,1,0,0.0,0,0,0,-9999.0,0.84375,1,P3_CV0,1,2,0,0,2
4,45.1161817,-122.0584679,ID4_F4_m4f4_P4_Y6_UO3132,ID4_F4_m4f4_P4_Y4_UO6518,ID4_F4_m4f4_P4_Y5_UO1441,FXX,4,0.0,1,0,1.0,0,0,0,-9999.0,0.78125,1,P3_CV0,1,2,0,1,1
4,45.1161817,-122.0584679,ID4_F4_m4f4_P4_Y6_UO3241,ID4_F4_m4f4_P4_Y4_UO650,ID4_F4_m4f4_P4_Y5_UO2741,MXY,4,0.0,1,0,0.0,0,0,0,-9999.0,0.84375,1,P3_CV0,1,2,0,2,0
4,45.1161817,-122.0584679,ID4_F4_m4f4_P4_Y5_UO5571,ID4_F4_m4f4_P4_Y3_UO2120,ID4_F4_m4f4_P4_Y4_UO1441,MXY,5,0.0,1,0,0.0,0,0,0,-9999.0,0.8515625,1,P3_CV0,1,2,0,1,1
4,45.1161817,-122.0584679,ID4_F4_m4f4_P4_Y5_UO5568,ID4_F4_m4f4_P4_Y3_UO2120,ID4_F4_m4f4_P4_Y4_UO1441,MXY,5,0.0,1,0,0.0,0,0,0,-9999.0,0.8515625,1,P3_CV0,1,2,0,1,1
5,44.254,-122.236,ID5_F5_m5f5_P5_Y9_UO571,ID5_F5_m5f5_P5_Y7_UO248,ID5_F5_m5f5_P5_Y6_UO5754,MXY,1,0.0,1,0,0.0,0,0,0,-9999.0,0.7822265625,1,P4_CV0,1,2,0,0,2
5,44.254,-122.236,ID5_F5_m5f5_P5_Y9_UO574,ID5_F5_m5f5_P5_Y7_UO248,ID5_F5_m5f5_P5_Y6_UO5754,MXY,1,0.0,1,0,0.0,0,0,0,-9999.0,0.7822265625,1,P4_CV0,1,2,0,0,2
5,44.254,-122.236,ID5_F5_m5f5_P5_Y9_UO598,ID5_F5_m5f5_P5_Y7_UO3702,ID5_F5_m5f5_P5_Y7_UO5544,FXX,1,0.0,1,0,1.0,0,0,0,-9999.0,0.78515625,1,P4_CV0,1,2,0,1,1
5,44.254,-122.236,ID5_F5_m5f5_P5_Y9_UO600,ID5_F5_m5f5_P5_Y7_UO3702,ID5_F5_m5f5_P5_Y7_UO5544,FXX,1,0.0,1,0,1.0,0,0,0,-9999.0,0.78515625,1,P4_CV0,1,2,0,2,0
5,44.254,-122.236,ID5_F5_m5f5_P5_Y9_UO601,ID5_F5_m5f5_P5_Y7_UO3702,ID5_F5_m5f5_P5_Y7_UO5544,MXY,1,0.0,1,0,0.0,0,0,0,-9999.0,0.78515625,1,P4_CV0,1,2,0,1,1
5,44.254,-122.236,ID5_F5_m5f5_P5_Y9_UO603,ID5_F5_m5f5_P5_Y7_UO3702,ID5_F5_m5f5_P5_Y7_UO5544,FXX,1,0.0,1,0,1.0,0,0,0,-9999.0,0.78515625,1,P4_CV0,1,2,0,2,0
5,44.254,-122.236,ID5_F5_m5f5_P5_Y9_UO606,ID5_F5_m5f5_P5_Y7_UO3702,ID5_F5_m5f5_P5_Y7_UO5544,FXX,1,0.0,1,0,1.0,0,0,0,-9999.0,0.78515625,1,P4_CV0,1,2,0,2,0
5,44.254,-122.236,ID5_F5_m5f5_P5_Y9_UO608,ID5_F5_m5f5_P5_Y7_UO3702,ID5_F5_m5f5_P5_Y7_UO5544,FXX,1,0.0,1,0,1.0,0,0,0,-9999.0,0.78515625,1,P4_CV0,1,2,0,2,0
5,44.254,-122.236,ID5_F5_m5f5_P5_Y9_UO609,ID5_F5_m5f5_P5_Y7_UO3702,ID5_F5_m5f5_P5_Y7_UO5544,MXY,1,0.0,1,0,0.0,0,0,0,-9999.0,0.78515625,1,P4_CV0,1,2,0,2,0
5,44.254,-122.236,ID5_F5_m5f5_P5_Y9_UO751,ID5_F5_m5f5_P5_Y6_UO1070,ID5_F5_m5f5_P5_Y8_UO2988,MXY,1,0.0,1,0,0.0,0,0,0,-9999.0,0.7578125,1,P4_CV0,1,2,0,0,2
5,44.254,-122.236,ID5_F5_m5f5_P5_Y9_UO753,ID5_F5_m5f5_P5_Y6_UO1070,ID5_F5_m5f5_P5_Y8_UO2988,MXY,1,0.0,1,0,0.0,0,0,0,-9999.0,0.7578125,1,P4_CV0,1,2,0,1,1
5,44.254,-122.236,ID5_F5_m5f5_P5_Y9_UO754,ID5_F5_m5f5_P5_Y6_UO1070,ID5_F5_m5f5_P5_Y8_UO2988,FXX,1,0.0,1,0,1.0,0,0,0,-9999.0,0.7578125,1,P4_CV0,1,2,0,1,1
5,44.254,-122.236,ID5_F5_m5f5_P5_Y9_UO755,ID5_F5_m5f5_P5_Y6_UO1070,ID5_F5_m5f5_P5_Y8_UO2988,FXX,1,0.0,1,0,1.0,0,0,0,-9999.0,0.7578125,1,P4_CV0,1,2,0,0,2
5,44.254,-122.236,ID5_F5_m5f5_P5_Y9_UO1019,ID5_F5_m5f5_P5_Y6_UO7278,ID5_F5_m5f5_P5_Y4_UO81,FXX,1,0.0,1,0,1.0,0,0,0,-9999.0,0.76171875,1,P4_CV0,1,2,0,2,0
5,44.254,-122.236,ID5_F5_m5f5_P5_Y9_UO1021,ID5_F5_m5f5_P5_Y6_UO7278,ID5_F5_m5f5_P5_Y4_UO81,MXY,1,0.0,1,0,0.0,0,0,0,-9999.0,0.76171875,1,P4_CV0,1,2,0,1,1
5,44.254,-122.236,ID5_F5_m5f5_P5_Y9_UO1057,ID5_F5_m5f5_P5_Y7_UO2160,ID5_F5_m5f5_P5_Y8_UO2561,FXX,1,0.0,1,0,1.0,0,0,0,-9999.0,0.86328125,1,P4_CV0,1,2,0,0,2
5,44.254,-122.236,ID5_F5_m5f5_P5_Y9_UO1058,ID5_F5_m5f5_P5_Y7_UO2160,ID5_F5_m5f5_P5_Y8_UO2561,MXY,1,0.0,1,0,0.0,0,0,0,-9999.0,0.86328125,1,P4_CV0,1,2,0,0,2
5,44.254,-122.236,ID5_F5_m5f5_P5_Y9_UO1060,ID5_F5_m5f5_P5_Y7_UO2160,ID5_F5_m5f5_P5_Y8_UO2561,MXY,1,0.0,1,0,0.0,0,0,0,-9999.0,0.86328125,1,P4_CV0,1,2,0,0,2
5,44.254,-122.236,ID5_F5_m5f5_P5_Y9_UO1063,ID5_F5_m5f5_P5_Y7_UO2160,ID5_F5_m5f5_P5_Y8_UO2561,MXY,1,0.0,1,0,0.0,0,0,0,-9999.0,0.86328125,1,P4_CV0,1,2,0,1,1
5,44.254,-122.236,ID5_F5_m5f5_P5_Y9_UO1064,ID5_F5_m5f5_P5_Y7_UO2160,ID5_F5_m5f5_P5_Y8_UO2561,FXX,1,0.0,1,0,1.0,0,0,0,-9999.0,0.86328125,1,P4_CV0,1,2,0,1,1
5,44.254,-122.236,ID5_F5_m5f5_P5_Y9_UO1309,ID5_F5_m5f5_P5_Y7_UO5559,ID5_F5_m5f5_P5_Y8_UO5897,MXY,1,0.0,1,0,0.0,0,0,0,-9999.0,0.83203125,1,P4_CV0,1,2,0,1,1
5,44.254,-122.236,ID5_F5_m5f5_P5_Y9_UO1310,ID5_F5_m5f5_P5_Y7_UO5559,ID5_F5_m5f5_P5_Y8_UO5897,FXX,1,0.0,1,0,1.0,0,0,0,-9999.0,0.83203125,1,P4_CV0,1,2,0,1,1
5,44.254,-122.236,ID5_F5_m5f5_P5_Y9_UO1311,ID5_F5_m5f5_P5_Y7_UO5559,ID5_F5_m5f5_P5_Y8_UO5897,MXY,1,0.0,1,0,0.0,0,0,0,-9999.0,0.83203125,1,P4_CV0,1,2,0,0,2
5,44.254,-122.236,ID5_F5_m5f5_P5_Y9_UO1388,ID5_F5_m5f5_P5_Y7_UO1287,ID5_F5_m5f5_P5_Y8_UO982,FXX,1,0.0,1,0,1.0,0,0,0,-9999.0,0.7763671875,1,P4_CV0,1,2,0,2,0
5,44.254,-122.236,ID5_F5_m5f5_P5_Y9_UO1389,ID5_F5_m5f5_P5_Y7_UO1287,ID5_F5_m5f5_P5_Y8_UO982,MXY,1,0.0,1,0,0.0,0,0,0,-9999.0,0.7763671875,1,P4_CV0,1,2,0,2,0
5,44.254,-122.236,ID5_F5_m5f5_P5_Y9_UO1390,ID5_F5_m5f5_P5_Y7_UO1287,ID5_F5_m5f5_P5_Y8_UO982,FXX,1,0.0,1,0,1.0,0,0,0,-9999.0,0.7763671875,1,P4_CV0,1,2,0,2,0
5,44.254,-122.236,ID5_F5_m5f5_P5_Y9_UO1391,ID5_F5_m5f5_P5_Y7_UO1287,ID5_F5_m5f5_P5_Y8_UO982,MXY,1,0.0,1,0,0.0,0,0,0,-9999.0,0.7763671875,1,P4_CV0,1,2,0,2,0
5,44.254,-122.236,ID5_F5_m5f5_P5_Y9_UO1420,ID5_F5_m5f5_P5_Y6_UO1070,ID5_F5_m5f5_P5_Y8_UO4239,MXY,1,0.0,1,0,0.0,0,0,0,-9999.0,0.787109375,1,P4_CV0,1,2,0,0,2
5,44.254,-122.236,ID5_F5_m5f5_P5_Y9_UO1520,ID5_F5_m5f5_P5_Y7_UO3849,ID5_F5_m5f5_P5_Y8_UO3773,FXX,1,0.0,1,0,1.0,0,0,0,-9999.0,0.77392578125,1,P4_CV0,1,2,0,1,1
5,44.254,-122.236,ID5_F5_m5f5_P5_Y9_UO1521,ID5_F5_m5f5_P5_Y7_UO3849,ID5_F5_m5f5_P5_Y8_UO3773,MXY,1,0.0,1,0,0.0,0,0,0,-9999.0,0.77392578125,1,P4_CV0,1,2,0,1,1
5,44.254,-122.236,ID5_F5_m5f5_P5_Y9_UO1528,ID5_F5_m5f5_P5_Y7_UO3849,ID5_F5_m5f5_P5_Y8_UO3773,MXY,1,0.0,1,0,0.0,0,0,0,-9999.0,0.77392578125,1,P4_CV0,1,2,0,1,1
5,44.254,-122.236,ID5_F5_m5f5_P5_Y9_UO1728,ID5_F5_m5f5_P5_Y6_UO2630,ID5_F5_m5f5_P5_Y8_UO5067,MXY,1,0.0,1,0,0.0,0,0,0,-9999.0,0.8095703125,1,P4_CV0,1,2,0,2,0
5,44.254,-122.236,ID5_F5_m5f5_P5_Y9_UO1729,ID5_F5_m5f5_P5_Y6_UO2630,ID5_F5_m5f5_P5_Y8_UO5067,MXY,1,0.0,1,0,0.0,0,0,0,-9999.0,0.8095703125,1,P4_CV0,1,2,0,2,0
5,44.254,-122.236,ID5_F5_m5f5_P5_Y9_UO1730,ID5_F5_m5f5_P5_Y6_UO2630,ID5_F5_m5f5_P5_Y8_UO5067,MXY,1,0.0,1,0,0.0,0,0,0,-9999.0,0.8095703125,1,P4_CV0,1,2,0,2,0
5,44.254,-122.236,ID5_F5_m5f5_P5_Y9_UO1732,ID5_F5_m5f5_P5_Y6_UO2630,ID5_F5_m5f5_P5_Y8_UO5067,MXY,1,0.0,1,0,0.0,0,0,0,-9999.0,0.8095703125,1,P4_CV0,1,2,0,2,0
5,44.254,-122.236,ID5_F5_m5f5_P5_Y9_UO1787,ID5_F5_m5f5_P5_Y7_UO1015,ID5_F5_m5f5_P5_Y7_UO414,FXX,1,0.0,1,0,1.0,0,0,0,-9999.0,0.7998046875,1,P4_CV0,1,2,0,0,2
5,44.254,-122.236,ID5_F5_m5f5_P5_Y9_UO1791,ID5_F5_m5f5_P5_Y7_UO1015,ID5_F5_m5f5_P5_Y7_UO414,FXX,1,0.0,1,0,1.0,0,0,0,-9999.0,0.7998046875,1,P4_CV0,1,2,0,0,2
5,44.254,-122.236,ID5_F5_m5f5_P5_Y9_UO1990,ID5_F5_m5f5_P5_Y7_UO5238,ID5_F5_m5f5_P5_Y6_UO1129,MXY,1,0.0,1,0,0.0,0,0,0,-9999.0,0.7734375,1,P4_CV0,1,2,0,1,1
5,44.254,-122.236,ID5_F5_m5f5_P5_Y9_UO1993,ID5_F5_m5f5_P5_Y7_UO5238,ID5_F5_m5f5_P5_Y6_UO1129,FXX,1,0.0,1,0,1.0,0,0,0,-9999.0,0.7734375,1,P4_CV0,1,2,0,1,1
5,44.254,-122.236,ID5_F5_m5f5_P5_Y9_UO1996,ID5_F5_m5f5_P5_Y7_UO5238,ID5_F5_m5f5_P5_Y6_UO1129,MXY,1,0.0,1,0,0.0,0,0,0,-9999.0,0.7734375,1,P4_CV0,1,2,0,1,1
5,44.254,-122.236,ID5_F5_m5f5_P5_Y9_UO2086,ID5_F5_m5f5_P5_Y7_UO5238,ID5_F5_m5f5_P5_Y7_UO5670,FXX,1,0.0,1,0,1.0,0,0,0,-9999.0,0.78515625,1,P4_CV0,1,2,0,1,1
5,44.254,-122.236,ID5_F5_m5f5_P5_Y9_UO2087,ID5_F5_m5f5_P5_Y7_UO5238,ID5_F5_m5f5_P5_Y7_UO5670,MXY,1,0.0,1,0,0.0,0,0,0,-9999.0,0.78515625,1,P4_CV0,1,2,0,2,0
5,44.254,-122.236,ID5_F5_m5f5_P5_Y9_UO2089,ID5_F5_m5f5_P5_Y7_UO5238,ID5_F5_m5f5_P5_Y7_UO5670,FXX,1,0.0,1,0,1.0,0,0,0,-9999.0,0.78515625,1,P4_CV0,1,2,0,1,1
5,44.254,-122.236,ID5_F5_m5f5_P5_Y9_UO2097,ID5_F5_m5f5_P5_Y6_UO6267,ID5_F5_m5f5_P5_Y8_UO5067,FXX,1,0.0,1,0,1.0,0,0,0,-9999.0,0.8720703125,1,P4_CV0,1,2,0,2,0
5,44.254,-122.236,ID5_F5_m5f5_P5_Y9_UO2100,ID5_F5_m5f5_P5_Y6_UO6267,ID5_F5_m5f5_P5_Y8_UO5067,MXY,1,0.0,1,0,0.0,0,0,0,-9999.0,0.8720703125,1,P4_CV0,1,2,0,2,0
5,44.254,-122.236,ID5_F5_m5f5_P5_Y9_UO2101,ID5_F5_m5f5_P5_Y6_UO6267,ID5_F5_m5f5_P5_Y8_UO5067,MXY,1,0.0,1,0,0.0,0,0,0,-9999.0,0.8720703125,1,P4_CV0,1,2,0,2,0
5,44.254,-122.236,ID5_F5_m5f5_P5_Y9_UO2102,ID5_F5_m5f5_P5_Y6_UO7278,ID5_F5_m5f5_P5_Y6_UO5916,MXY,1,0.0,1,0,0.0,0,0,0,-9999.0,0.77734375,1,P4_CV0,1,2,0,1,1
5,44.254,-122.236,ID5_F5_m5f5_P5_Y9_UO2103,ID5_F5_m5f5_P5_Y6_UO7278,ID5_F5_m5f5_P5_Y6_UO5916,MXY,1,0.0,1,0,0.0,0,0,0,-9999.0,0.77734375,1,P4_CV0,1,2,0,2,0
5,44.254,-122.236,ID5_F5_m5f5_P5_Y9_UO2105,ID5_F5_m5f5_P5_Y6_UO7278,ID5_F5_m5f5_P5_Y6_UO5916,FXX,1,0.0,1,0,1.0,0,0,0,-9999.0,0.77734375,1,P4_CV0,1,2,0,2,0
5,44.254,-122.236,ID5_F5_m5f5_P5_Y9_UO2107,ID5_F5_m5f5_P5_Y6_UO7278,ID5_F5_m5f5_P5_Y6_UO5916,FXX,1,0.0,1,0,1.0,0,0,0,-9999.0,0.77734375,1,P4_CV0,1,2,0,1,1
5,44.254,-122.236,ID5_F5_m5f5_P5_Y9_UO2233,ID5_F5_m5f5_P5_Y4_UO1052,ID5_F5_m5f5_P5_Y8_UO6266,MXY,1,0.0,1,0,0.0,0,0,0,-9999.0,0.81640625,1,P4_CV0,1,2,0,0,2
5,44.254,-122.236,ID5_F5_m5f5_P5_Y9_UO2274,ID5_F5_m5f5_P5_Y7_UO248,ID5_F5_m5f5_P5_Y8_UO2806,MXY,1,0.0,1,0,0.0,0,0,0,-9999.0,0.77490234375,1,P4_CV0,1,2,0,0,2
5,44.254,-122.236,ID5_F5_m5f5_P5_Y9_UO2275,ID5_F5_m5f5_P5_Y7_UO248,ID5_F5_m5f5_P5_Y8_UO2806,FXX,1,0.0,1,0,1.0,0,0,0,-9999.0,0.77490234375,1,P4_CV0,1,2,0,0,2
5,44.254,-122.236,ID5_F5_m5f5_P5_Y9_UO2359,ID5_F5_m5f5_P5_Y7_UO5801,ID5_F5_m5f5_P5_Y6_UO6164,FXX,1,0.0,1,0,1.0,0,0,0,-9999.0,0.859375,1,P4_CV0,1,2,0,1,1
5,44.254,-122.236,ID5_F5_m5f5_P5_Y9_UO2360,ID5_F5_m5f5_P5_Y7_UO5801,ID5_F5_m5f5_P5_Y6_UO6164,FXX,1,0.0,1,0,1.0,0,0,0,-9999.0,0.859375,1,P4_CV0,1,2,0,1,1
5,44.254,-122.236,ID5_F5_m5f5_P5_Y9_UO2361,ID5_F5_m5f5_P5_Y7_UO5801,ID5_F5_m5f5_P5_Y6_UO6164,MXY,1,0.0,1,0,0.0,0,0,0,-9999.0,0.859375,1,P4_CV0,1,2,0,1,1
5,44.254,-122.236,ID5_F5_m5f5_P5_Y9_UO2362,ID5_F5_m5f5_P5_Y7_UO5801,ID5_F5_m5f5_P5_Y6_UO6164,FXX,1,0.0,1,0,1.0,0,0,0,-9999.0,0.859375,1,P4_CV0,1,2,0,2,0
5,44.254,-122.236,ID5_F5_m5f5_P5_Y9_UO2365,ID5_F5_m5f5_P5_Y7_UO5801,ID5_F5_m5f5_P5_Y6_UO6164,FXX,1,0.0,1,0,1.0,0,0,0,-9999.0,0.859375,1,P4_CV0,1,2,0,1,1
5,44.254,-122.236,ID5_F5_m5f5_P5_Y9_UO2366,ID5_F5_m5f5_P5_Y7_UO5801,ID5_F5_m5f5_P5_Y6_UO6164,MXY,1,0.0,1,0,0.0,0,0,0,-9999.0,0.859375,1,P4_CV0,1,2,0,2,0
5,44.254,-122.236,ID5_F5_m5f5_P5_Y9_UO2367,ID5_F5_m5f5_P5_Y7_UO5801,ID5_F5_m5f5_P5_Y6_UO6164,FXX,1,0.0,1,0,1.0,0,0,0,-9999.0,0.859375,1,P4_CV0,1,2,0,2,0
5,44.254,-122.236,ID5_F5_m5f5_P5_Y9_UO2368,ID5_F5_m5f5_P5_Y7_UO5801,ID5_F5_m5f5_P5_Y6_UO6164,FXX,1,0.0,1,0,1.0,0,0,0,-9999.0,0.859375,1,P4_CV0,1,2,0,2,0
5,44.254,-122.236,ID5_F5_m5f5_P5_Y9_UO2413,ID5_F5_m5f5_P5_Y7_UO248,ID5_F5_m5f5_P5_Y6_UO5341,FXX,1,0.0,1,0,1.0,0,0,0,-9999.0,0.6982421875,1,P4_CV0,1,2,0,0,2
5,44.254,-122.236,ID5_F5_m5f5_P5_Y9_UO2565,ID5_F5_m5f5_P5_Y7_UO2830,ID5_F5_m5f5_P5_Y6_UO5754,MXY,1,0.0,1,0,0.0,0,0,0,-9999.0,0.7939453125,1,P4_CV0,1,2,0,1,1
5,44.254,-122.236,ID5_F5_m5f5_P5_Y9_UO2568,ID5_F5_m5f5_P5_Y7_UO2830,ID5_F5_m5f5_P5_Y6_UO5754,FXX,1,0.0,1,0,1.0,0,0,0,-9999.0,0.7939453125,1,P4_CV0,1,2,0,1,1
5,44.254,-122.236,ID5_F5_m5f5_P5_Y9_UO2569,ID5_F5_m5f5_P5_Y7_UO2830,ID5_F5_m5f5_P5_Y6_UO5754,FXX,1,0.0,1,0,1.0,0,0,0,-9999.0,0.7939453125,1,P4_CV0,1,2,0,1,1
5,44.254,-122.236,ID5_F5_m5f5_P5_Y9_UO2570,ID5_F5_m5f5_P5_Y7_UO2830,ID5_F5_m5f5_P5_Y6_UO5754,FXX,1,0.0,1,0,1.0,0,0,0,-9999.0,0.7939453125,1,P4_CV0,1,2,0,1,1
5,44.254,-122.236,ID5_F5_m5f5_P5_Y9_UO2571,ID5_F5_m5f5_P5_Y7_UO2830,ID5_F5_m5f5_P5_Y6_UO5754,FXX,1,0.0,1,0,1.0,0,0,0,-9999.0,0.7939453125,1,P4_CV0,1,2,0,1,1
5,44.254,-122.236,ID5_F5_m5f5_P5_Y9_UO2574,ID5_F5_m5f5_P5_Y7_UO2830,ID5_F5_m5f5_P5_Y6_UO5754,MXY,1,0.0,1,0,0.0,0,0,0,-9999.0,0.7939453125,1,P4_CV0,1,2,0,1,1
5,44.254,-122.236,ID5_F5_m5f5_P5_Y9_UO2734,ID5_F5_m5f5_P5_Y7_UO5559,ID5_F5_m5f5_P5_Y8_UO4411,FXX,1,0.0,1,0,1.0,0,0,0,-9999.0,0.81494140625,1,P4_CV0,1,2,0,0,2
5,44.254,-122.236,ID5_F5_m5f5_P5_Y9_UO2737,ID5_F5_m5f5_P5_Y7_UO5559,ID5_F5_m5f5_P5_Y8_UO4411,MXY,1,0.0,1,0,0.0,0,0,0,-9999.0,0.81494140625,1,P4_CV0,1,2,0,0,2
5,44.254,-122.236,ID5_F5_m5f5_P5_Y9_UO2738,ID5_F5_m5f5_P5_Y7_UO5559,ID5_F5_m5f5_P5_Y8_UO4411,FXX,1,0.0,1,0,1.0,0,0,0,-9999.0,0.81494140625,1,P4_CV0,1,2,0,0,2
5,44.254,-122.236,ID5_F5_m5f5_P5_Y9_UO2739,ID5_F5_m5f5_P5_Y7_UO5559,ID5_F5_m5f5_P5_Y8_UO4411,MXY,1,0.0,1,0,0.0,0,0,0,-9999.0,0.81494140625,1,P4_CV0,1,2,0,0,2
5,44.254,-122.236,ID5_F5_m5f5_P5_Y9_UO2838,ID5_F5_m5f5_P5_Y5_UO115,ID5_F5_m5f5_P5_Y5_UO1737,MXY,1,0.0,1,0,0.0,0,0,0,-9999.0,0.78515625,1,P4_CV0,1,2,0,1,1
5,44.254,-122.236,ID5_F5_m5f5_P5_Y9_UO2840,ID5_F5_m5f5_P5_Y5_UO115,ID5_F5_m5f5_P5_Y5_UO1737,MXY,1,0.0,1,0,0.0,0,0,0,-9999.0,0.78515625,1,P4_CV0,1,2,0,0,2
5,44.254,-122.236,ID5_F5_m5f5_P5_Y9_UO2841,ID5_F5_m5f5_P5_Y5_UO115,ID5_F5_m5f5_P5_Y5_UO1737,MXY,1,0.0,1,0,0.0,0,0,0,-9999.0,0.78515625,1,P4_CV0,1,2,0,2,0
5,44.254,-122.236,ID5_F5_m5f5_P5_Y9_UO3062,ID5_F5_m5f5_P5_Y7_UO248,ID5_F5_m5f5_P5_Y8_UO2562,MXY,1,0.0,1,0,0.0,0,0,0,-9999.0,0.7783203125,1,P4_CV0,1,2,0,1,1
5,44.254,-122.236,ID5_F5_m5f5_P5_Y9_UO3085,ID5_F5_m5f5_P5_Y7_UO5802,ID5_F5_m5f5_P5_Y8_UO2856,MXY,1,0.0,1,0,0.0,0,0,0,-9999.0,0.8271484375,1,P4_CV0,1,2,0,0,2
5,44.254,-122.236,ID5_F5_m5f5_P5_Y9_UO3086,ID5_F5_m5f5_P5_Y7_UO5802,ID5_F5_m5f5_P5_Y8_UO2856,MXY,1,0.0,1,0,0.0,0,0,0,-9999.0,0.8271484375,1,P4_CV0,1,2,0,0,2
5,44.254,-122.236,ID5_F5_m5f5_P5_Y9_UO3087,ID5_F5_m5f5_P5_Y7_UO5802,ID5_F5_m5f5_P5_Y8_UO2856,FXX,1,0.0,1,0,1.0,0,0,0,-9999.0,0.8271484375,1,P4_CV0,1,2,0,1,1
5,44.254,-122.236,ID5_F5_m5f5_P5_Y9_UO3091,ID5_F5_m5f5_P5_Y7_UO5802,ID5_F5_m5f5_P5_Y8_UO2856,FXX,1,0.0,1,0,1.0,0,0,0,-9999.0,0.8271484375,1,P4_CV0,1,2,0,2,0
5,44.254,-122.236,ID5_F5_m5f5_P5_Y9_UO3107,ID5_F5_m5f5_P5_Y7_UO2827,ID5_F5_m5f5_P5_Y8_UO2776,FXX,1,0.0,1,0,1.0,0,0,0,-9999.0,0.7705078125,1,P4_CV0,1,2,0,1,1
5,44.254,-122.236,ID5_F5_m5f5_P5_Y9_UO3108,ID5_F5_m5f5_P5_Y7_UO2827,ID5_F5_m5f5_P5_Y8_UO2776,FXX,1,0.0,1,0,1.0,0,0,0,-9999.0,0.7705078125,1,P4_CV0,1,2,0,1,1
5,44.254,-122.236,ID5_F5_m5f5_P5_Y9_UO3109,ID5_F5_m5f5_P5_Y7_UO2827,ID5_F5_m5f5_P5_Y8_UO2776,MXY,1,0.0,1,0,0.0,0,0,0,-9999.0,0.7705078125,1,P4_CV0,1,2,0,1,1
5,44.254,-122.236,ID5_F5_m5f5_P5_Y9_UO3111,ID5_F5_m5f5_P5_Y7_UO2827,ID5_F5_m5f5_P5_Y8_UO2776,FXX,1,0.0,1,0,1.0,0,0,0,-9999.0,0.7705078125,1,P4_CV0,1,2,0,1,1
5,44.254,-122.236,ID5_F5_m5f5_P5_Y9_UO3112,ID5_F5_m5f5_P5_Y7_UO2827,ID5_F5_m5f5_P5_Y8_UO2776,FXX,1,0.0,1,0,1.0,0,0,0,-9999.0,0.7705078125,1,P4_CV0,1,2,0,1,1
5,44.254,-122.236,ID5_F5_m5f5_P5_Y9_UO3113,ID5_F5_m5f5_P5_Y7_UO2827,ID5_F5_m5f5_P5_Y8_UO2776,FXX,1,0.0,1,0,1.0,0,0,0,-9999.0,0.7705078125,1,P4_CV0,1,2,0,1,1
5,44.254,-122.236,ID5_F5_m5f5_P5_Y9_UO3114,ID5_F5_m5f5_P5_Y7_UO2827,ID5_F5_m5f5_P5_Y8_UO2776,FXX,1,0.0,1,0,1.0,0,0,0,-9999.0,0.7705078125,1,P4_CV0,1,2,0,1,1
5,44.254,-122.236,ID5_F5_m5f5_P5_Y9_UO3115,ID5_F5_m5f5_P5_Y7_UO2827,ID5_F5_m5f5_P5_Y8_UO2776,FXX,1,0.0,1,0,1.0,0,0,0,-9999.0,0.7705078125,1,P4_CV0,1,2,0,1,1
5,44.254,-122.236,ID5_F5_m5f5_P5_Y9_UO3117,ID5_F5_m5f5_P5_Y7_UO2827,ID5_F5_m5f5_P5_Y8_UO2776,FXX,1,0.0,1,0,1.0,0,0,0,-9999.0,0.7705078125,1,P4_CV0,1,2,0,1,1
5,44.254,-122.236,ID5_F5_m5f5_P5_Y9_UO3119,ID5_F5_m5f5_P5_Y7_UO2827,ID5_F5_m5f5_P5_Y8_UO2776,FXX,1,0.0,1,0,1.0,0,0,0,-9999.0,0.7705078125,1,P4_CV0,1,2,0,2,0
5,44.254,-122.236,ID5_F5_m5f5_P5_Y9_UO3163,ID5_F5_m5f5_P5_Y7_UO1287,ID5_F5_m5f5_P5_Y8_UO2981,MXY,1,0.0,1,0,0.0,0,0,0,-9999.0,0.7724609375,1,P4_CV0,1,2,0,1,1
5,44.254,-122.236,ID5_F5_m5f5_P5_Y9_UO3164,ID5_F5_m5f5_P5_Y7_UO1287,ID5_F5_m5f5_P5_Y8_UO2981,FXX,1,0.0,1,0,1.0,0,0,0,-9999.0,0.7724609375,1,P4_CV0,1,2,0,2,0
5,44.254,-122.236,ID5_F5_m5f5_P5_Y9_UO3165,ID5_F5_m5f5_P5_Y7_UO1287,ID5_F5_m5f5_P5_Y8_UO2981,MXY,1,0.0,1,0,0.0,0,0,0,-9999.0,0.7724609375,1,P4_CV0,1,2,0,1,1
5,44.254,-122.236,ID5_F5_m5f5_P5_Y9_UO3166,ID5_F5_m5f5_P5_Y7_UO1287,ID5_F5_m5f5_P5_Y8_UO2981,MXY,1,0.0,1,0,0.0,0,0,0,-9999.0,0.7724609375,1,P4_CV0,1,2,0,2,0
5,44.254,-122.236,ID5_F5_m5f5_P5_Y9_UO3175,ID5_F5_m5f5_P5_Y7_UO1015,ID5_F5_m5f5_P5_Y8_UO2859,MXY,1,0.0,1,0,0.0,0,0,0,-9999.0,0.828125,1,P4_CV0,1,2,0,0,2
5,44.254,-122.236,ID5_F5_m5f5_P5_Y9_UO3177,ID5_F5_m5f5_P5_Y7_UO1015,ID5_F5_m5f5_P5_Y8_UO2859,MXY,1,0.0,1,0,0.0,0,0,0,-9999.0,0.828125,1,P4_CV0,1,2,0,0,2
5,44.254,-122.236,ID5_F5_m5f5_P5_Y9_UO3179,ID5_F5_m5f5_P5_Y7_UO1015,ID5_F5_m5f5_P5_Y8_UO2859,MXY,1,0.0,1,0,0.0,0,0,0,-9999.0,0.828125,1,P4_CV0,1,2,0,1,1
5,44.254,-122.236,ID5_F5_m5f5_P5_Y9_UO3180,ID5_F5_m5f5_P5_Y7_UO1015,ID5_F5_m5f5_P5_Y8_UO2859,FXX,1,0.0,1,0,1.0,0,0,0,-9999.0,0.828125,1,P4_CV0,1,2,0,0,2
5,44.254,-122.236,ID5_F5_m5f5_P5_Y9_UO3258,ID5_F5_m5f5_P5_Y7_UO5557,ID5_F5_m5f5_P5_Y8_UO2224,MXY,1,0.0,1,0,0.0,0,0,0,-9999.0,0.814453125,1,P4_CV0,1,2,0,1,1
5,44.254,-122.236,ID5_F5_m5f5_P5_Y9_UO3259,ID5_F5_m5f5_P5_Y7_UO5557,ID5_F5_m5f5_P5_Y8_UO2224,FXX,1,0.0,1,0,1.0,0,0,0,-9999.0,0.814453125,1,P4_CV0,1,2,0,1,1
5,44.254,-122.236,ID5_F5_m5f5_P5_Y9_UO3262,ID5_F5_m5f5_P5_Y7_UO5557,ID5_F5_m5f5_P5_Y8_UO2224,MXY,1,0.0,1,0,0.0,0,0,0,-9999.0,0.814453125,1,P4_CV0,1,2,0,1,1
5,44.254,-122.236,ID5_F5_m5f5_P5_Y9_UO3263,ID5_F5_m5f5_P5_Y7_UO5557,ID5_F5_m5f5_P5_Y8_UO2224,FXX,1,0.0,1,0,1.0,0,0,0,-9999.0,0.814453125,1,P4_CV0,1,2,0,1,1
5,44.254,-122.236,ID5_F5_m5f5_P5_Y9_UO3264,ID5_F5_m5f5_P5_Y7_UO5557,ID5_F5_m5f5_P5_Y8_UO2224,MXY,1,0.0,1,0,0.0,0,0,0,-9999.0,0.814453125,1,P4_CV0,1,2,0,1,1
5,44.254,-122.236,ID5_F5_m5f5_P5_Y9_UO3269,ID5_F5_m5f5_P5_Y7_UO5557,ID5_F5_m5f5_P5_Y8_UO2224,FXX,1,0.0,1,0,1.0,0,0,0,-9999.0,0.814453125,1,P4_CV0,1,2,0,1,1
5,44.254,-122.236,ID5_F5_m5f5_P5_Y9_UO3270,ID5_F5_m5f5_P5_Y7_UO5557,ID5_F5_m5f5_P5_Y8_UO2224,FXX,1,0.0,1,0,1.0,0,0,0,-9999.0,0.814453125,1,P4_CV0,1,2,0,1,1
5,44.254,-122.236,ID5_F5_m5f5_P5_Y9_UO3271,ID5_F5_m5f5_P5_Y7_UO5557,ID5_F5_m5f5_P5_Y8_UO2224,MXY,1,0.0,1,0,0.0,0,0,0,-9999.0,0.814453125,1,P4_CV0,1,2,0,1,1
5,44.254,-122.236,ID5_F5_m5f5_P5_Y9_UO3398,ID5_F5_m5f5_P5_Y6_UO2381,ID5_F5_m5f5_P5_Y8_UO2808,MXY,1,0.0,1,0,0.0,0,0,0,-9999.0,0.84423828125,1,P4_CV0,1,2,0,2,0
5,44.254,-122.236,ID5_F5_m5f5_P5_Y9_UO3401,ID5_F5_m5f5_P5_Y6_UO2381,ID5_F5_m5f5_P5_Y8_UO2808,MXY,1,0.0,1,0,0.0,0,0,0,-9999.0,0.84423828125,1,P4_CV0,1,2,0,1,1
5,44.254,-122.236,ID5_F5_m5f5_P5_Y9_UO3532,ID5_F5_m5f5_P5_Y7_UO2833,ID5_F5_m5f5_P5_Y4_UO81,MXY,1,0.0,1,0,0.0,0,0,0,-9999.0,0.7861328125,1,P4_CV0,1,2,0,1,1
5,44.254,-122.236,ID5_F5_m5f5_P5_Y9_UO3533,ID5_F5_m5f5_P5_Y7_UO2833,ID5_F5_m5f5_P5_Y4_UO81,MXY,1,0.0,1,0,0.0,0,0,0,-9999.0,0.7861328125,1,P4_CV0,1,2,0,2,0
5,44.254,-122.236,ID5_F5_m5f5_P5_Y9_UO3534,ID5_F5_m5f5_P5_Y7_UO2833,ID5_F5_m5f5_P5_Y4_UO81,MXY,1,0.0,1,0,0.0,0,0,0,-9999.0,0.7861328125,1,P4_CV0,1,2,0,1,1
5,44.254,-122.236,ID5_F5_m5f5_P5_Y9_UO3535,ID5_F5_m5f5_P5_Y7_UO2833,ID5_F5_m5f5_P5_Y4_UO81,MXY,1,0.0,1,0,0.0,0,0,0,-9999.0,0.7861328125,1,P4_CV0,1,2,0,1,1
5,44.254,-122.236,ID5_F5_m5f5_P5_Y9_UO3537,ID5_F5_m5f5_P5_Y7_UO2833,ID5_F5_m5f5_P5_Y4_UO81,MXY,1,0.0,1,0,0.0,0,0,0,-9999.0,0.7861328125,1,P4_CV0,1,2,0,1,1
5,44.254,-122.236,ID5_F5_m5f5_P5_Y9_UO3539,ID5_F5_m5f5_P5_Y7_UO2833,ID5_F5_m5f5_P5_Y4_UO81,FXX,1,0.0,1,0,1.0,0,0,0,-9999.0,0.7861328125,1,P4_CV0,1,2,0,2,0
5,44.254,-122.236,ID5_F5_m5f5_P5_Y9_UO3540,ID5_F5_m5f5_P5_Y7_UO2833,ID5_F5_m5f5_P5_Y4_UO81,FXX,1,0.0,1,0,1.0,0,0,0,-9999.0,0.7861328125,1,P4_CV0,1,2,0,1,1
5,44.254,-122.236,ID5_F5_m5f5_P5_Y9_UO3541,ID5_F5_m5f5_P5_Y7_UO2833,ID5_F5_m5f5_P5_Y4_UO81,FXX,1,0.0,1,0,1.0,0,0,0,-9999.0,0.7861328125,1,P4_CV0,1,2,0,1,1
5,44.254,-122.236,ID5_F5_m5f5_P5_Y9_UO3543,ID5_F5_m5f5_P5_Y7_UO2833,ID5_F5_m5f5_P5_Y4_UO81,FXX,1,0.0,1,0,1.0,0,0,0,-9999.0,0.7861328125,1,P4_CV0,1,2,0,1,1
5,44.254,-122.236,ID5_F5_m5f5_P5_Y9_UO3653,ID5_F5_m5f5_P5_Y7_UO4532,ID5_F5_m5f5_P5_Y6_UO6164,FXX,1,0.0,1,0,1.0,0,0,0,-9999.0,0.857421875,1,P4_CV0,1,2,0,2,0
5,44.254,-122.236,ID5_F5_m5f5_P5_Y9_UO3654,ID5_F5_m5f5_P5_Y7_UO4532,ID5_F5_m5f5_P5_Y6_UO6164,FXX,1,0.0,1,0,1.0,0,0,0,-9999.0,0.857421875,1,P4_CV0,1,2,0,2,0
5,44.254,-122.236,ID5_F5_m5f5_P5_Y9_UO3655,ID5_F5_m5f5_P5_Y7_UO4532,ID5_F5_m5f5_P5_Y6_UO6164,FXX,1,0.0,1,0,1.0,0,0,0,-9999.0,0.857421875,1,P4_CV0,1,2,0,2,0
5,44.254,-122.236,ID5_F5_m5f5_P5_Y9_UO3656,ID5_F5_m5f5_P5_Y7_UO4532,ID5_F5_m5f5_P5_Y6_UO6164,MXY,1,0.0,1,0,0.0,0,0,0,-9999.0,0.857421875,1,P4_CV0,1,2,0,2,0
5,44.254,-122.236,ID5_F5_m5f5_P5_Y9_UO3657,ID5_F5_m5f5_P5_Y7_UO4532,ID5_F5_m5f5_P5_Y6_UO6164,MXY,1,0.0,1,0,0.0,0,0,0,-9999.0,0.857421875,1,P4_CV0,1,2,0,2,0
5,44.254,-122.236,ID5_F5_m5f5_P5_Y9_UO3659,ID5_F5_m5f5_P5_Y7_UO4532,ID5_F5_m5f5_P5_Y6_UO6164,FXX,1,0.0,1,0,1.0,0,0,0,-9999.0,0.857421875,1,P4_CV0,1,2,0,2,0
5,44.254,-122.236,ID5_F5_m5f5_P5_Y9_UO3660,ID5_F5_m5f5_P5_Y7_UO4532,ID5_F5_m5f5_P5_Y6_UO6164,FXX,1,0.0,1,0,1.0,0,0,0,-9999.0,0.857421875,1,P4_CV0,1,2,0,2,0
5,44.254,-122.236,ID5_F5_m5f5_P5_Y9_UO3663,ID5_F5_m5f5_P5_Y7_UO4532,ID5_F5_m5f5_P5_Y6_UO6164,MXY,1,0.0,1,0,0.0,0,0,0,-9999.0,0.857421875,1,P4_CV0,1,2,0,2,0
5,44.254,-122.236,ID5_F5_m5f5_P5_Y9_UO3664,ID5_F5_m5f5_P5_Y7_UO4532,ID5_F5_m5f5_P5_Y6_UO6164,FXX,1,0.0,1,0,1.0,0,0,0,-9999.0,0.857421875,1,P4_CV0,1,2,0,2,0
5,44.254,-122.236,ID5_F5_m5f5_P5_Y9_UO3749,ID5_F5_m5f5_P5_Y7_UO4535,ID5_F5_m5f5_P5_Y8_UO2811,MXY,1,0.0,1,0,0.0,0,0,0,-9999.0,0.83447265625,1,P4_CV0,1,2,0,1,1
5,44.254,-122.236,ID5_F5_m5f5_P5_Y9_UO3750,ID5_F5_m5f5_P5_Y7_UO4535,ID5_F5_m5f5_P5_Y8_UO2811,FXX,1,0.0,1,0,1.0,0,0,0,-9999.0,0.83447265625,1,P4_CV0,1,2,0,1,1
5,44.254,-122.236,ID5_F5_m5f5_P5_Y9_UO3751,ID5_F5_m5f5_P5_Y7_UO4535,ID5_F5_m5f5_P5_Y8_UO2811,MXY,1,0.0,1,0,0.0,0,0,0,-9999.0,0.83447265625,1,P4_CV0,1,2,0,2,0
5,44.254,-122.236,ID5_F5_m5f5_P5_Y9_UO3753,ID5_F5_m5f5_P5_Y7_UO4535,ID5_F5_m5f5_P5_Y8_UO2811,MXY,1,0.0,1,0,0.0,0,0,0,-9999.0,0.83447265625,1,P4_CV0,1,2,0,2,0
5,44.254,-122.236,ID5_F5_m5f5_P5_Y9_UO3755,ID5_F5_m5f5_P5_Y7_UO4535,ID5_F5_m5f5_P5_Y8_UO2811,FXX,1,0.0,1,0,1.0,0,0,0,-9999.0,0.83447265625,1,P4_CV0,1,2,0,1,1
5,44.254,-122.236,ID5_F5_m5f5_P5_Y9_UO3756,ID5_F5_m5f5_P5_Y7_UO4535,ID5_F5_m5f5_P5_Y8_UO2811,FXX,1,0.0,1,0,1.0,0,0,0,-9999.0,0.83447265625,1,P4_CV0,1,2,0,1,1
5,44.254,-122.236,ID5_F5_m5f5_P5_Y9_UO3757,ID5_F5_m5f5_P5_Y7_UO4535,ID5_F5_m5f5_P5_Y8_UO2811,FXX,1,0.0,1,0,1.0,0,0,0,-9999.0,0.83447265625,1,P4_CV0,1,2,0,2,0
5,44.254,-122.236,ID5_F5_m5f5_P5_Y9_UO3758,ID5_F5_m5f5_P5_Y7_UO4535,ID5_F5_m5f5_P5_Y8_UO2811,MXY,1,0.0,1,0,0.0,0,0,0,-9999.0,0.83447265625,1,P4_CV0,1,2,0,1,1
5,44.254,-122.236,ID5_F5_m5f5_P5_Y9_UO3759,ID5_F5_m5f5_P5_Y7_UO4535,ID5_F5_m5f5_P5_Y8_UO2811,FXX,1,0.0,1,0,1.0,0,0,0,-9999.0,0.83447265625,1,P4_CV0,1,2,0,2,0
5,44.254,-122.236,ID5_F5_m5f5_P5_Y9_UO3761,ID5_F5_m5f5_P5_Y7_UO4535,ID5_F5_m5f5_P5_Y8_UO2811,FXX,1,0.0,1,0,1.0,0,0,0,-9999.0,0.83447265625,1,P4_CV0,1,2,0,2,0
5,44.254,-122.236,ID5_F5_m5f5_P5_Y9_UO3826,ID5_F5_m5f5_P5_Y7_UO5678,ID5_F5_m5f5_P5_Y8_UO2776,FXX,1,0.0,1,0,1.0,0,0,0,-9999.0,0.80078125,1,P4_CV0,1,2,0,1,1
5,44.254,-122.236,ID5_F5_m5f5_P5_Y9_UO3831,ID5_F5_m5f5_P5_Y7_UO5678,ID5_F5_m5f5_P5_Y8_UO2776,FXX,1,0.0,1,0,1.0,0,0,0,-9999.0,0.80078125,1,P4_CV0,1,2,0,2,0
5,44.254,-122.236,ID5_F5_m5f5_P5_Y9_UO3832,ID5_F5_m5f5_P5_Y7_UO5678,ID5_F5_m5f5_P5_Y8_UO2776,FXX,1,0.0,1,0,1.0,0,0,0,-9999.0,0.80078125,1,P4_CV0,1,2,0,2,0
5,44.254,-122.236,ID5_F5_m5f5_P5_Y9_UO3834,ID5_F5_m5f5_P5_Y7_UO5678,ID5_F5_m5f5_P5_Y8_UO2776,FXX,1,0.0,1,0,1.0,0,0,0,-9999.0,0.80078125,1,P4_CV0,1,2,0,2,0
5,44.254,-122.236,ID5_F5_m5f5_P5_Y9_UO3835,ID5_F5_m5f5_P5_Y7_UO5678,ID5_F5_m5f5_P5_Y8_UO2776,MXY,1,0.0,1,0,0.0,0,0,0,-9999.0,0.80078125,1,P4_CV0,1,2,0,2,0
5,44.254,-122.236,ID5_F5_m5f5_P5_Y9_UO3836,ID5_F5_m5f5_P5_Y7_UO5678,ID5_F5_m5f5_P5_Y8_UO2776,MXY,1,0.0,1,0,0.0,0,0,0,-9999.0,0.80078125,1,P4_CV0,1,2,0,0,2
5,44.254,-122.236,ID5_F5_m5f5_P5_Y9_UO4176,ID5_F5_m5f5_P5_Y4_UO1052,ID5_F5_m5f5_P5_Y8_UO3829,MXY,1,0.0,1,0,0.0,0,0,0,-9999.0,0.8349609375,1,P4_CV0,1,2,0,0,2
5,44.254,-122.236,ID5_F5_m5f5_P5_Y9_UO4178,ID5_F5_m5f5_P5_Y4_UO1052,ID5_F5_m5f5_P5_Y8_UO3829,FXX,1,0.0,1,0,1.0,0,0,0,-9999.0,0.8349609375,1,P4_CV0,1,2,0,1,1
5,44.254,-122.236,ID5_F5_m5f5_P5_Y9_UO4179,ID5_F5_m5f5_P5_Y4_UO1052,ID5_F5_m5f5_P5_Y8_UO3829,MXY,1,0.0,1,0,0.0,0,0,0,-9999.0,0.8349609375,1,P4_CV0,1,2,0,0,2
5,44.254,-122.236,ID5_F5_m5f5_P5_Y9_UO4180,ID5_F5_m5f5_P5_Y4_UO1052,ID5_F5_m5f5_P5_Y8_UO3829,FXX,1,0.0,1,0,1.0,0,0,0,-9999.0,0.8349609375,1,P4_CV0,1,2,0,0,2
5,44.254,-122.236,ID5_F5_m5f5_P5_Y9_UO4181,ID5_F5_m5f5_P5_Y4_UO1052,ID5_F5_m5f5_P5_Y8_UO3829,MXY,1,0.0,1,0,0.0,0,0,0,-9999.0,0.8349609375,1,P4_CV0,1,2,0,1,1
5,44.254,-122.236,ID5_F5_m5f5_P5_Y9_UO4441,ID5_F5_m5f5_P5_Y6_UO5778,ID5_F5_m5f5_P5_Y5_UO4844,MXY,1,0.0,1,0,0.0,0,0,0,-9999.0,0.87109375,1,P4_CV0,1,2,0,0,2
5,44.254,-122.236,ID5_F5_m5f5_P5_Y9_UO4442,ID5_F5_m5f5_P5_Y6_UO5778,ID5_F5_m5f5_P5_Y5_UO4844,FXX,1,0.0,1,0,1.0,0,0,0,-9999.0,0.87109375,1,P4_CV0,1,2,0,1,1
5,44.254,-122.236,ID5_F5_m5f5_P5_Y9_UO4443,ID5_F5_m5f5_P5_Y6_UO5778,ID5_F5_m5f5_P5_Y5_UO4844,FXX,1,0.0,1,0,1.0,0,0,0,-9999.0,0.87109375,1,P4_CV0,1,2,0,1,1
5,44.254,-122.236,ID5_F5_m5f5_P5_Y9_UO4444,ID5_F5_m5f5_P5_Y6_UO5778,ID5_F5_m5f5_P5_Y5_UO4844,FXX,1,0.0,1,0,1.0,0,0,0,-9999.0,0.87109375,1,P4_CV0,1,2,0,0,2
5,44.254,-122.236,ID5_F5_m5f5_P5_Y9_UO4446,ID5_F5_m5f5_P5_Y6_UO5778,ID5_F5_m5f5_P5_Y5_UO4844,FXX,1,0.0,1,0,1.0,0,0,0,-9999.0,0.87109375,1,P4_CV0,1,2,0,0,2
5,44.254,-122.236,ID5_F5_m5f5_P5_Y9_UO4448,ID5_F5_m5f5_P5_Y6_UO5778,ID5_F5_m5f5_P5_Y5_UO4844,FXX,1,0.0,1,0,1.0,0,0,0,-9999.0,0.87109375,1,P4_CV0,1,2,0,2,0
5,44.254,-122.236,ID5_F5_m5f5_P5_Y9_UO4449,ID5_F5_m5f5_P5_Y6_UO5778,ID5_F5_m5f5_P5_Y5_UO4844,MXY,1,0.0,1,0,0.0,0,0,0,-9999.0,0.87109375,1,P4_CV0,1,2,0,2,0
5,44.254,-122.236,ID5_F5_m5f5_P5_Y9_UO4664,ID5_F5_m5f5_P5_Y7_UO1287,ID5_F5_m5f5_P5_Y7_UO5681,FXX,1,0.0,1,0,1.0,0,0,0,-9999.0,0.7685546875,1,P4_CV0,1,2,0,2,0
5,44.254,-122.236,ID5_F5_m5f5_P5_Y9_UO4687,ID5_F5_m5f5_P5_Y6_UO2337,ID5_F5_m5f5_P5_Y8_UO2561,FXX,1,0.0,1,0,1.0,0,0,0,-9999.0,0.771484375,1,P4_CV0,1,2,0,2,0
5,44.254,-122.236,ID5_F5_m5f5_P5_Y9_UO4688,ID5_F5_m5f5_P5_Y6_UO2337,ID5_F5_m5f5_P5_Y8_UO2561,MXY,1,0.0,1,0,0.0,0,0,0,-9999.0,0.771484375,1,P4_CV0,1,2,0,2,0
5,44.254,-122.236,ID5_F5_m5f5_P5_Y9_UO4689,ID5_F5_m5f5_P5_Y6_UO2337,ID5_F5_m5f5_P5_Y8_UO2561,MXY,1,0.0,1,0,0.0,0,0,0,-9999.0,0.771484375,1,P4_CV0,1,2,0,2,0
5,44.254,-122.236,ID5_F5_m5f5_P5_Y9_UO4690,ID5_F5_m5f5_P5_Y6_UO2337,ID5_F5_m5f5_P5_Y8_UO2561,FXX,1,0.0,1,0,1.0,0,0,0,-9999.0,0.771484375,1,P4_CV0,1,2,0,2,0
5,44.254,-122.236,ID5_F5_m5f5_P5_Y9_UO4692,ID5_F5_m5f5_P5_Y6_UO2337,ID5_F5_m5f5_P5_Y8_UO2561,FXX,1,0.0,1,0,1.0,0,0,0,-9999.0,0.771484375,1,P4_CV0,1,2,0,2,0
5,44.254,-122.236,ID5_F5_m5f5_P5_Y9_UO4693,ID5_F5_m5f5_P5_Y6_UO2337,ID5_F5_m5f5_P5_Y8_UO2561,MXY,1,0.0,1,0,0.0,0,0,0,-9999.0,0.771484375,1,P4_CV0,1,2,0,1,1
5,44.254,-122.236,ID5_F5_m5f5_P5_Y9_UO4694,ID5_F5_m5f5_P5_Y6_UO2337,ID5_F5_m5f5_P5_Y8_UO2561,MXY,1,0.0,1,0,0.0,0,0,0,-9999.0,0.771484375,1,P4_CV0,1,2,0,2,0
5,44.254,-122.236,ID5_F5_m5f5_P5_Y9_UO4708,ID5_F5_m5f5_P5_Y7_UO2160,ID5_F5_m5f5_P5_Y7_UO1289,FXX,1,0.0,1,0,1.0,0,0,0,-9999.0,0.8115234375,1,P4_CV0,1,2,0,1,1
5,44.254,-122.236,ID5_F5_m5f5_P5_Y9_UO4709,ID5_F5_m5f5_P5_Y7_UO2160,ID5_F5_m5f5_P5_Y7_UO1289,FXX,1,0.0,1,0,1.0,0,0,0,-9999.0,0.8115234375,1,P4_CV0,1,2,0,1,1
5,44.254,-122.236,ID5_F5_m5f5_P5_Y9_UO4712,ID5_F5_m5f5_P5_Y7_UO2160,ID5_F5_m5f5_P5_Y7_UO1289,FXX,1,0.0,1,0,1.0,0,0,0,-9999.0,0.8115234375,1,P4_CV0,1,2,0,1,1
5,44.254,-122.236,ID5_F5_m5f5_P5_Y9_UO5181,ID5_F5_m5f5_P5_Y7_UO4886,ID5_F5_m5f5_P5_Y8_UO340,MXY,1,0.0,1,0,0.0,0,0,0,-9999.0,0.7509765625,1,P4_CV0,1,2,0,1,1
5,44.254,-122.236,ID5_F5_m5f5_P5_Y9_UO5182,ID5_F5_m5f5_P5_Y7_UO4886,ID5_F5_m5f5_P5_Y8_UO340,FXX,1,0.0,1,0,1.0,0,0,0,-9999.0,0.7509765625,1,P4_CV0,1,2,0,2,0
5,44.254,-122.236,ID5_F5_m5f5_P5_Y9_UO5185,ID5_F5_m5f5_P5_Y7_UO4886,ID5_F5_m5f5_P5_Y8_UO340,MXY,1,0.0,1,0,0.0,0,0,0,-9999.0,0.7509765625,1,P4_CV0,1,2,0,2,0
5,44.254,-122.236,ID5_F5_m5f5_P5_Y9_UO5186,ID5_F5_m5f5_P5_Y7_UO4886,ID5_F5_m5f5_P5_Y8_UO340,FXX,1,0.0,1,0,1.0,0,0,0,-9999.0,0.7509765625,1,P4_CV0,1,2,0,1,1
5,44.254,-122.236,ID5_F5_m5f5_P5_Y9_UO5191,ID5_F5_m5f5_P5_Y7_UO4886,ID5_F5_m5f5_P5_Y8_UO340,FXX,1,0.0,1,0,1.0,0,0,0,-9999.0,0.7509765625,1,P4_CV0,1,2,0,1,1
5,44.254,-122.236,ID5_F5_m5f5_P5_Y9_UO5193,ID5_F5_m5f5_P5_Y7_UO4886,ID5_F5_m5f5_P5_Y8_UO340,FXX,1,0.0,1,0,1.0,0,0,0,-9999.0,0.7509765625,1,P4_CV0,1,2,0,2,0
5,44.254,-122.236,ID5_F5_m5f5_P5_Y9_UO5194,ID5_F5_m5f5_P5_Y7_UO4886,ID5_F5_m5f5_P5_Y8_UO340,MXY,1,0.0,1,0,0.0,0,0,0,-9999.0,0.7509765625,1,P4_CV0,1,2,0,2,0
5,44.254,-122.236,ID5_F5_m5f5_P5_Y9_UO5195,ID5_F5_m5f5_P5_Y7_UO4886,ID5_F5_m5f5_P5_Y8_UO340,MXY,1,0.0,1,0,0.0,0,0,0,-9999.0,0.7509765625,1,P4_CV0,1,2,0,2,0
5,44.254,-122.236,ID5_F5_m5f5_P5_Y9_UO5215,ID5_F5_m5f5_P5_Y6_UO5000,ID5_F5_m5f5_P5_Y8_UO64,FXX,1,0.0,1,0,1.0,0,0,0,-9999.0,0.81103515625,1,P4_CV0,1,2,0,2,0
5,44.254,-122.236,ID5_F5_m5f5_P5_Y9_UO5217,ID5_F5_m5f5_P5_Y6_UO5000,ID5_F5_m5f5_P5_Y8_UO64,MXY,1,0.0,1,0,0.0,0,0,0,-9999.0,0.81103515625,1,P4_CV0,1,2,0,2,0
5,44.254,-122.236,ID5_F5_m5f5_P5_Y9_UO5220,ID5_F5_m5f5_P5_Y6_UO5000,ID5_F5_m5f5_P5_Y8_UO64,MXY,1,0.0,1,0,0.0,0,0,0,-9999.0,0.81103515625,1,P4_CV0,1,2,0,1,1
5,44.254,-122.236,ID5_F5_m5f5_P5_Y9_UO5221,ID5_F5_m5f5_P5_Y6_UO5000,ID5_F5_m5f5_P5_Y8_UO64,MXY,1,0.0,1,0,0.0,0,0,0,-9999.0,0.81103515625,1,P4_CV0,1,2,0,1,1
5,44.254,-122.236,ID5_F5_m5f5_P5_Y9_UO5222,ID5_F5_m5f5_P5_Y6_UO5000,ID5_F5_m5f5_P5_Y8_UO64,FXX,1,0.0,1,0,1.0,0,0,0,-9999.0,0.81103515625,1,P4_CV0,1,2,0,1,1
5,44.254,-122.236,ID5_F5_m5f5_P5_Y9_UO5499,ID5_F5_m5f5_P5_Y7_UO5235,ID5_F5_m5f5_P5_Y6_UO6250,MXY,1,0.0,1,0,0.0,0,0,0,-9999.0,0.830078125,1,P4_CV0,1,2,0,2,0
5,44.254,-122.236,ID5_F5_m5f5_P5_Y9_UO5500,ID5_F5_m5f5_P5_Y7_UO5235,ID5_F5_m5f5_P5_Y6_UO6250,FXX,1,0.0,1,0,1.0,0,0,0,-9999.0,0.830078125,1,P4_CV0,1,2,0,2,0
5,44.254,-122.236,ID5_F5_m5f5_P5_Y9_UO5501,ID5_F5_m5f5_P5_Y7_UO5235,ID5_F5_m5f5_P5_Y6_UO6250,FXX,1,0.0,1,0,1.0,0,0,0,-9999.0,0.830078125,1,P4_CV0,1,2,0,2,0
5,44.254,-122.236,ID5_F5_m5f5_P5_Y9_UO5502,ID5_F5_m5f5_P5_Y7_UO5235,ID5_F5_m5f5_P5_Y6_UO6250,MXY,1,0.0,1,0,0.0,0,0,0,-9999.0,0.830078125,1,P4_CV0,1,2,0,2,0
5,44.254,-122.236,ID5_F5_m5f5_P5_Y9_UO5504,ID5_F5_m5f5_P5_Y7_UO5235,ID5_F5_m5f5_P5_Y6_UO6250,FXX,1,0.0,1,0,1.0,0,0,0,-9999.0,0.830078125,1,P4_CV0,1,2,0,2,0
5,44.254,-122.236,ID5_F5_m5f5_P5_Y9_UO5505,ID5_F5_m5f5_P5_Y7_UO5235,ID5_F5_m5f5_P5_Y6_UO6250,MXY,1,0.0,1,0,0.0,0,0,0,-9999.0,0.830078125,1,P4_CV0,1,2,0,2,0
5,44.254,-122.236,ID5_F5_m5f5_P5_Y9_UO5506,ID5_F5_m5f5_P5_Y7_UO5235,ID5_F5_m5f5_P5_Y6_UO6250,MXY,1,0.0,1,0,0.0,0,0,0,-9999.0,0.830078125,1,P4_CV0,1,2,0,2,0
5,44.254,-122.236,ID5_F5_m5f5_P5_Y9_UO5508,ID5_F5_m5f5_P5_Y7_UO5235,ID5_F5_m5f5_P5_Y6_UO6250,FXX,1,0.0,1,0,1.0,0,0,0,-9999.0,0.830078125,1,P4_CV0,1,2,0,2,0
5,44.254,-122.236,ID5_F5_m5f5_P5_Y9_UO5788,ID5_F5_m5f5_P5_Y6_UO6267,ID5_F5_m5f5_P5_Y4_UO81,MXY,1,0.0,1,0,0.0,0,0,0,-9999.0,0.8828125,1,P4_CV0,1,2,0,2,0
5,44.254,-122.236,ID5_F5_m5f5_P5_Y9_UO5790,ID5_F5_m5f5_P5_Y6_UO6267,ID5_F5_m5f5_P5_Y4_UO81,FXX,1,0.0,1,0,1.0,0,0,0,-9999.0,0.8828125,1,P4_CV0,1,2,0,2,0
5,44.254,-122.236,ID5_F5_m5f5_P5_Y9_UO5791,ID5_F5_m5f5_P5_Y6_UO6267,ID5_F5_m5f5_P5_Y4_UO81,MXY,1,0.0,1,0,0.0,0,0,0,-9999.0,0.8828125,1,P4_CV0,1,2,0,1,1
5,44.254,-122.236,ID5_F5_m5f5_P5_Y9_UO5817,ID5_F5_m5f5_P5_Y6_UO2630,ID5_F5_m5f5_P5_Y8_UO2856,MXY,1,0.0,1,0,0.0,0,0,0,-9999.0,0.8115234375,1,P4_CV0,1,2,0,2,0
5,44.254,-122.236,ID5_F5_m5f5_P5_Y9_UO5929,ID5_F5_m5f5_P5_Y7_UO5802,ID5_F5_m5f5_P5_Y8_UO2859,MXY,1,0.0,1,0,0.0,0,0,0,-9999.0,0.8271484375,1,P4_CV0,1,2,0,1,1
5,44.254,-122.236,ID5_F5_m5f5_P5_Y9_UO5932,ID5_F5_m5f5_P5_Y7_UO5802,ID5_F5_m5f5_P5_Y8_UO2859,MXY,1,0.0,1,0,0.0,0,0,0,-9999.0,0.8271484375,1,P4_CV0,1,2,0,0,2
5,44.254,-122.236,ID5_F5_m5f5_P5_Y9_UO5933,ID5_F5_m5f5_P5_Y7_UO5802,ID5_F5_m5f5_P5_Y8_UO2859,MXY,1,0.0,1,0,0.0,0,0,0,-9999.0,0.8271484375,1,P4_CV0,1,2,0,2,0
5,44.254,-122.236,ID5_F5_m5f5_P5_Y9_UO5934,ID5_F5_m5f5_P5_Y7_UO5802,ID5_F5_m5f5_P5_Y8_UO2859,FXX,1,0.0,1,0,1.0,0,0,0,-9999.0,0.8271484375,1,P4_CV0,1,2,0,2,0
5,44.254,-122.236,ID5_F5_m5f5_P5_Y9_UO6095,ID5_F5_m5f5_P5_Y5_UO115,ID5_F5_m5f5_P5_Y6_UO2902,FXX,1,0.0,1,0,1.0,0,0,0,-9999.0,0.794921875,1,P4_CV0,1,2,0,2,0
5,44.254,-122.236,ID5_F5_m5f5_P5_Y8_UO2988,ID5_F5_m5f5_P5_Y6_UO1070,ID5_F5_m5f5_P5_Y7_UO1330,MXY,2,0.0,1,0,0.0,0,0,0,-9999.0,0.796875,1,P4_CV0,1,2,0,1,1
5,44.254,-122.236,ID5_F5_m5f5_P5_Y8_UO865,ID5_F5_m5f5_P5_Y6_UO7317,ID5_F5_m5f5_P5_Y7_UO1293,FXX,2,0.0,1,0,1.0,0,0,0,-9999.0,0.8564453125,1,P4_CV0,1,2,0,2,0
5,44.254,-122.236,ID5_F5_m5f5_P5_Y8_UO6736,ID5_F5_m5f5_P5_Y6_UO2634,ID5_F5_m5f5_P5_Y7_UO5452,FXX,2,0.0,1,0,1.0,0,0,0,-9999.0,0.84765625,1,P4_CV0,1,2,0,1,1
5,44.254,-122.236,ID5_F5_m5f5_P5_Y8_UO4477,ID5_F5_m5f5_P5_Y5_UO4840,ID5_F5_m5f5_P5_Y7_UO3834,FXX,2,0.0,1,0,1.0,0,0,0,-9999.0,0.8515625,1,P4_CV0,1,2,0,0,2
5,44.254,-122.236,ID5_F5_m5f5_P5_Y8_UO6262,ID5_F5_m5f5_P5_Y6_UO5482,ID5_F5_m5f5_P5_Y6_UO3774,FXX,2,0.0,1,0,1.0,0,0,0,-9999.0,0.7890625,1,P4_CV0,1,2,0,0,2
5,44.254,-122.236,ID5_F5_m5f5_P5_Y8_UO2563,ID5_F5_m5f5_P5_Y6_UO2903,ID5_F5_m5f5_P5_Y7_UO2977,FXX,2,0.0,1,0,1.0,0,0,0,-9999.0,0.8515625,1,P4_CV0,1,2,0,2,0
5,44.254,-122.236,ID5_F5_m5f5_P5_Y8_UO6256,ID5_F5_m5f5_P5_Y6_UO5482,ID5_F5_m5f5_P5_Y6_UO3774,FXX,2,0.0,1,0,1.0,0,0,0,-9999.0,0.7890625,1,P4_CV0,1,2,0,0,2
5,44.254,-122.236,ID5_F5_m5f5_P5_Y8_UO6420,ID5_F5_m5f5_P5_Y6_UO5960,ID5_F5_m5f5_P5_Y7_UO4467,FXX,2,0.0,1,0,1.0,0,0,0,-9999.0,0.767578125,1,P4_CV0,1,2,0,1,1
5,44.254,-122.236,ID5_F5_m5f5_P5_Y8_UO3606,ID5_F5_m5f5_P5_Y6_UO1073,ID5_F5_m5f5_P5_Y7_UO5819,MXY,2,0.0,1,0,0.0,0,0,0,-9999.0,0.796875,1,P4_CV0,1,2,0,1,1
5,44.254,-122.236,ID5_F5_m5f5_P5_Y8_UO5898,ID5_F5_m5f5_P5_Y5_UO943,ID5_F5_m5f5_P5_Y6_UO7531,FXX,2,0.0,1,0,1.0,0,0,0,-9999.0,0.8671875,1,P4_CV0,1,2,0,1,1
5,44.254,-122.236,ID5_F5_m5f5_P5_Y8_UO5837,ID5_F5_m5f5_P5_Y5_UO642,ID5_F5_m5f5_P5_Y7_UO246,FXX,2,0.0,1,0,1.0,0,0,0,-9999.0,0.6650390625,1,P4_CV0,1,2,0,0,2
5,44.254,-122.236,ID5_F5_m5f5_P5_Y8_UO4272,ID5_F5_m5f5_P5_Y6_UO273,ID5_F5_m5f5_P5_Y7_UO1327,MXY,2,0.0,1,0,0.0,0,0,0,-9999.0,0.8671875,1,P4_CV0,1,2,0,0,2
5,44.254,-122.236,ID5_F5_m5f5_P5_Y8_UO1003,ID5_F5_m5f5_P5_Y6_UO2383,ID5_F5_m5f5_P5_Y7_UO5149,MXY,2,0.0,1,0,0.0,0,0,0,-9999.0,0.8046875,1,P4_CV0,1,2,0,1,1
5,44.254,-122.236,ID5_F5_m5f5_P5_Y8_UO5354,ID5_F5_m5f5_P5_Y6_UO2337,ID5_F5_m5f5_P5_Y7_UO4375,MXY,2,0.0,1,0,0.0,0,0,0,-9999.0,0.71484375,1,P4_CV0,1,2,0,2,0
5,44.254,-122.236,ID5_F5_m5f5_P5_Y8_UO2015,ID5_F5_m5f5_P5_Y6_UO7567,ID5_F5_m5f5_P5_Y7_UO4857,FXX,2,0.0,1,0,1.0,0,0,0,-9999.0,0.85546875,1,P4_CV0,1,2,0,1,1
5,44.254,-122.236,ID5_F5_m5f5_P5_Y8_UO5841,ID5_F5_m5f5_P5_Y5_UO642,ID5_F5_m5f5_P5_Y7_UO246,MXY,2,0.0,1,0,0.0,0,0,0,-9999.0,0.6650390625,1,P4_CV0,1,2,0,2,0
5,44.254,-122.236,ID5_F5_m5f5_P5_Y8_UO2857,ID5_F5_m5f5_P5_Y6_UO851,ID5_F5_m5f5_P5_Y7_UO5675,FXX,2,0.0,1,0,1.0,0,0,0,-9999.0,0.826171875,1,P4_CV0,1,2,0,0,2
5,44.254,-122.236,ID5_F5_m5f5_P5_Y8_UO3769,ID5_F5_m5f5_P5_Y6_UO2630,ID5_F5_m5f5_P5_Y7_UO249,MXY,2,0.0,1,0,0.0,0,0,0,-9999.0,0.7509765625,1,P4_CV0,1,2,0,1,1
5,44.254,-122.236,ID5_F5_m5f5_P5_Y8_UO64,ID5_F5_m5f5_P5_Y5_UO1387,ID5_F5_m5f5_P5_Y7_UO2831,MXY,2,0.0,1,0,0.0,0,0,0,-9999.0,0.7626953125,1,P4_CV0,1,2,0,2,0
5,44.254,-122.236,ID5_F5_m5f5_P5_Y8_UO3072,ID5_F5_m5f5_P5_Y5_UO4144,ID5_F5_m5f5_P5_Y6_UO1129,FXX,2,0.0,1,0,1.0,0,0,0,-9999.0,0.75,1,P4_CV0,1,2,0,2,0
5,44.254,-122.236,ID5_F5_m5f5_P5_Y8_UO5183,ID5_F5_m5f5_P5_Y4_UO2114,ID5_F5_m5f5_P5_Y7_UO2164,MXY,2,0.0,1,0,0.0,0,0,0,-9999.0,0.8359375,1,P4_CV0,1,2,0,1,1
5,44.254,-122.236,ID5_F5_m5f5_P5_Y8_UO3035,ID5_F5_m5f5_P5_Y6_UO851,ID5_F5_m5f5_P5_Y6_UO5341,FXX,2,0.0,1,0,1.0,0,0,0,-9999.0,0.77734375,1,P4_CV0,1,2,0,0,2
5,44.254,-122.236,ID5_F5_m5f5_P5_Y8_UO6092,ID5_F5_m5f5_P5_Y6_UO6007,ID5_F5_m5f5_P5_Y7_UO5277,MXY,2,0.0,1,0,0.0,0,0,0,-9999.0,0.8134765625,1,P4_CV0,1,2,0,1,1
5,44.254,-122.236,ID5_F5_m5f5_P5_Y8_UO4328,ID5_F5_m5f5_P5_Y6_UO7278,ID5_F5_m5f5_P5_Y7_UO5554,MXY,2,0.0,1,0,0.0,0,0,0,-9999.0,0.73828125,1,P4_CV0,1,2,0,2,0
5,44.254,-122.236,ID5_F5_m5f5_P5_Y8_UO4484,ID5_F5_m5f5_P5_Y6_UO1131,ID5_F5_m5f5_P5_Y7_UO5814,FXX,2,0.0,1,0,1.0,0,0,0,-9999.0,0.8203125,1,P4_CV0,1,2,0,1,1
5,44.254,-122.236,ID5_F5_m5f5_P5_Y8_UO506,ID5_F5_m5f5_P5_Y6_UO3047,ID5_F5_m5f5_P5_Y7_UO1335,MXY,2,0.0,1,0,0.0,0,0,0,-9999.0,0.80859375,1,P4_CV0,1,2,0,1,1
5,44.254,-122.236,ID5_F5_m5f5_P5_Y8_UO3826,ID5_F5_m5f5_P5_Y6_UO6237,ID5_F5_m5f5_P5_Y7_UO3361,FXX,2,0.0,1,0,1.0,0,0,0,-9999.0,0.826171875,1,P4_CV0,1,2,0,1,1
5,44.254,-122.236,ID5_F5_m5f5_P5_Y8_UO1812,ID5_F5_m5f5_P5_Y6_UO3924,ID5_F5_m5f5_P5_Y7_UO1715,FXX,2,0.0,1,0,1.0,0,0,0,-9999.0,0.8828125,1,P4_CV0,1,2,0,0,2
5,44.254,-122.236,ID5_F5_m5f5_P5_Y8_UO5064,ID5_F5_m5f5_P5_Y6_UO1132,ID5_F5_m5f5_P5_Y6_UO6250,FXX,2,0.0,1,0,1.0,0,0,0,-9999.0,0.822265625,1,P4_CV0,1,2,0,1,1
5,44.254,-122.236,ID5_F5_m5f5_P5_Y8_UO4479,ID5_F5_m5f5_P5_Y5_UO4840,ID5_F5_m5f5_P5_Y7_UO3834,MXY,2,0.0,1,0,0.0,0,0,0,-9999.0,0.8515625,1,P4_CV0,1,2,0,0,2
5,44.254,-122.236,ID5_F5_m5f5_P5_Y8_UO503,ID5_F5_m5f5_P5_Y6_UO3047,ID5_F5_m5f5_P5_Y7_UO1335,MXY,2,0.0,1,0,0.0,0,0,0,-9999.0,0.80859375,1,P4_CV0,1,2,0,2,0
5,44.254,-122.236,ID5_F5_m5f5_P5_Y8_UO65,ID5_F5_m5f5_P5_Y5_UO1387,ID5_F5_m5f5_P5_Y7_UO2831,MXY,2,0.0,1,0,0.0,0,0,0,-9999.0,0.7626953125,1,P4_CV0,1,2,0,2,0
5,44.254,-122.236,ID5_F5_m5f5_P5_Y8_UO2018,ID5_F5_m5f5_P5_Y6_UO7567,ID5_F5_m5f5_P5_Y7_UO4857,FXX,2,0.0,1,0,1.0,0,0,0,-9999.0,0.85546875,1,P4_CV0,1,2,0,1,1
5,44.254,-122.236,ID5_F5_m5f5_P5_Y8_UO3814,ID5_F5_m5f5_P5_Y6_UO3921,ID5_F5_m5f5_P5_Y6_UO5752,MXY,2,0.0,1,0,0.0,0,0,0,-9999.0,0.8828125,1,P4_CV0,1,2,0,0,2
5,44.254,-122.236,ID5_F5_m5f5_P5_Y8_UO4478,ID5_F5_m5f5_P5_Y5_UO4840,ID5_F5_m5f5_P5_Y7_UO3834,FXX,2,0.0,1,0,1.0,0,0,0,-9999.0,0.8515625,1,P4_CV0,1,2,0,1,1
5,44.254,-122.236,ID5_F5_m5f5_P5_Y8_UO4331,ID5_F5_m5f5_P5_Y6_UO7278,ID5_F5_m5f5_P5_Y7_UO5554,FXX,2,0.0,1,0,1.0,0,0,0,-9999.0,0.73828125,1,P4_CV0,1,2,0,2,0
5,44.254,-122.236,ID5_F5_m5f5_P5_Y8_UO3724,ID5_F5_m5f5_P5_Y5_UO4840,ID5_F5_m5f5_P5_Y5_UO4391,FXX,2,0.0,1,0,1.0,0,0,0,-9999.0,0.83203125,1,P4_CV0,1,2,0,1,1
5,44.254,-122.236,ID5_F5_m5f5_P5_Y8_UO6091,ID5_F5_m5f5_P5_Y6_UO6007,ID5_F5_m5f5_P5_Y7_UO5277,MXY,2,0.0,1,0,0.0,0,0,0,-9999.0,0.8134765625,1,P4_CV0,1,2,0,0,2
5,44.254,-122.236,ID5_F5_m5f5_P5_Y8_UO5840,ID5_F5_m5f5_P5_Y5_UO642,ID5_F5_m5f5_P5_Y7_UO246,MXY,2,0.0,1,0,0.0,0,0,0,-9999.0,0.6650390625,1,P4_CV0,1,2,0,1,1
5,44.254,-122.236,ID5_F5_m5f5_P5_Y8_UO3039,ID5_F5_m5f5_P5_Y6_UO851,ID5_F5_m5f5_P5_Y6_UO5341,FXX,2,0.0,1,0,1.0,0,0,0,-9999.0,0.77734375,1,P4_CV0,1,2,0,0,2
5,44.254,-122.236,ID5_F5_m5f5_P5_Y8_UO2859,ID5_F5_m5f5_P5_Y6_UO851,ID5_F5_m5f5_P5_Y7_UO5675,MXY,2,0.0,1,0,0.0,0,0,0,-9999.0,0.826171875,1,P4_CV0,1,2,0,1,1
5,44.254,-122.236,ID5_F5_m5f5_P5_Y8_UO7422,ID5_F5_m5f5_P5_Y6_UO450,ID5_F5_m5f5_P5_Y7_UO420,FXX,2,0.0,1,0,1.0,0,0,0,-9999.0,0.791015625,1,P4_CV0,1,2,0,0,2
5,44.254,-122.236,ID5_F5_m5f5_P5_Y8_UO2226,ID5_F5_m5f5_P5_Y6_UO2063,ID5_F5_m5f5_P5_Y7_UO4853,FXX,2,0.0,1,0,1.0,0,0,0,-9999.0,0.83203125,1,P4_CV0,1,2,0,2,0
5,44.254,-122.236,ID5_F5_m5f5_P5_Y8_UO4238,ID5_F5_m5f5_P5_Y6_UO3923,ID5_F5_m5f5_P5_Y6_UO5104,MXY,2,0.0,1,0,0.0,0,0,0,-9999.0,0.85546875,1,P4_CV0,1,2,0,0,2
5,44.254,-122.236,ID5_F5_m5f5_P5_Y8_UO6560,ID5_F5_m5f5_P5_Y6_UO2383,ID5_F5_m5f5_P5_Y7_UO5554,MXY,2,0.0,1,0,0.0,0,0,0,-9999.0,0.8203125,1,P4_CV0,1,2,0,1,1
5,44.254,-122.236,ID5_F5_m5f5_P5_Y8_UO4330,ID5_F5_m5f5_P5_Y6_UO7278,ID5_F5_m5f5_P5_Y7_UO5554,FXX,2,0.0,1,0,1.0,0,0,0,-9999.0,0.73828125,1,P4_CV0,1,2,0,1,1
5,44.254,-122.236,ID5_F5_m5f5_P5_Y8_UO5410,ID5_F5_m5f5_P5_Y6_UO7565,ID5_F5_m5f5_P5_Y7_UO5154,FXX,2,0.0,1,0,1.0,0,0,0,-9999.0,0.8203125,1,P4_CV0,1,2,0,1,1
5,44.254,-122.236,ID5_F5_m5f5_P5_Y8_UO342,ID5_F5_m5f5_P5_Y6_UO2337,ID5_F5_m5f5_P5_Y7_UO5681,FXX,2,0.0,1,0,1.0,0,0,0,-9999.0,0.740234375,1,P4_CV0,1,2,0,2,0
5,44.254,-122.236,ID5_F5_m5f5_P5_Y8_UO4329,ID5_F5_m5f5_P5_Y6_UO7278,ID5_F5_m5f5_P5_Y7_UO5554,MXY,2,0.0,1,0,0.0,0,0,0,-9999.0,0.73828125,1,P4_CV0,1,2,0,1,1
5,44.254,-122.236,ID5_F5_m5f5_P5_Y8_UO4490,ID5_F5_m5f5_P5_Y6_UO1131,ID5_F5_m5f5_P5_Y7_UO5814,MXY,2,0.0,1,0,0.0,0,0,0,-9999.0,0.8203125,1,P4_CV0,1,2,0,2,0
5,44.254,-122.236,ID5_F5_m5f5_P5_Y8_UO2782,ID5_F5_m5f5_P5_Y4_UO1052,ID5_F5_m5f5_P5_Y7_UO5234,FXX,2,0.0,1,0,1.0,0,0,0,-9999.0,0.8125,1,P4_CV0,1,2,0,2,0
5,44.254,-122.236,ID5_F5_m5f5_P5_Y8_UO2806,ID5_F5_m5f5_P5_Y6_UO5778,ID5_F5_m5f5_P5_Y7_UO5282,MXY,2,0.0,1,0,0.0,0,0,0,-9999.0,0.8447265625,1,P4_CV0,1,2,0,0,2
5,44.254,-122.236,ID5_F5_m5f5_P5_Y8_UO1814,ID5_F5_m5f5_P5_Y6_UO3924,ID5_F5_m5f5_P5_Y7_UO1715,FXX,2,0.0,1,0,1.0,0,0,0,-9999.0,0.8828125,1,P4_CV0,1,2,0,1,1
5,44.254,-122.236,ID5_F5_m5f5_P5_Y8_UO2355,ID5_F5_m5f5_P5_Y6_UO2383,ID5_F5_m5f5_P5_Y5_UO1737,FXX,2,0.0,1,0,1.0,0,0,0,-9999.0,0.81640625,1,P4_CV0,1,2,0,0,2
5,44.254,-122.236,ID5_F5_m5f5_P5_Y8_UO3831,ID5_F5_m5f5_P5_Y6_UO6237,ID5_F5_m5f5_P5_Y7_UO3361,FXX,2,0.0,1,0,1.0,0,0,0,-9999.0,0.826171875,1,P4_CV0,1,2,0,1,1
5,44.254,-122.236,ID5_F5_m5f5_P5_Y8_UO4233,ID5_F5_m5f5_P5_Y6_UO3923,ID5_F5_m5f5_P5_Y6_UO5104,FXX,2,0.0,1,0,1.0,0,0,0,-9999.0,0.85546875,1,P4_CV0,1,2,0,0,2
5,44.254,-122.236,ID5_F5_m5f5_P5_Y8_UO6419,ID5_F5_m5f5_P5_Y6_UO5960,ID5_F5_m5f5_P5_Y7_UO4467,FXX,2,0.0,1,0,1.0,0,0,0,-9999.0,0.767578125,1,P4_CV0,1,2,0,2,0
5,44.254,-122.236,ID5_F5_m5f5_P5_Y8_UO4271,ID5_F5_m5f5_P5_Y6_UO273,ID5_F5_m5f5_P5_Y7_UO1327,FXX,2,0.0,1,0,1.0,0,0,0,-9999.0,0.8671875,1,P4_CV0,1,2,0,2,0
5,44.254,-122.236,ID5_F5_m5f5_P5_Y8_UO3810,ID5_F5_m5f5_P5_Y6_UO3921,ID5_F5_m5f5_P5_Y6_UO5752,FXX,2,0.0,1,0,1.0,0,0,0,-9999.0,0.8828125,1,P4_CV0,1,2,0,0,2
5,44.254,-122.236,ID5_F5_m5f5_P5_Y8_UO2856,ID5_F5_m5f5_P5_Y6_UO851,ID5_F5_m5f5_P5_Y7_UO5675,MXY,2,0.0,1,0,0.0,0,0,0,-9999.0,0.826171875,1,P4_CV0,1,2,0,1,1
5,44.254,-122.236,ID5_F5_m5f5_P5_Y8_UO4485,ID5_F5_m5f5_P5_Y6_UO1131,ID5_F5_m5f5_P5_Y7_UO5814,MXY,2,0.0,1,0,0.0,0,0,0,-9999.0,0.8203125,1,P4_CV0,1,2,0,1,1
5,44.254,-122.236,ID5_F5_m5f5_P5_Y8_UO3176,ID5_F5_m5f5_P5_Y5_UO1387,ID5_F5_m5f5_P5_Y6_UO4497,FXX,2,0.0,1,0,1.0,0,0,0,-9999.0,0.7734375,1,P4_CV0,1,2,0,2,0
5,44.254,-122.236,ID5_F5_m5f5_P5_Y8_UO3597,ID5_F5_m5f5_P5_Y6_UO1073,ID5_F5_m5f5_P5_Y7_UO5819,FXX,2,0.0,1,0,1.0,0,0,0,-9999.0,0.796875,1,P4_CV0,1,2,0,1,1
5,44.254,-122.236,ID5_F5_m5f5_P5_Y8_UO3807,ID5_F5_m5f5_P5_Y6_UO3921,ID5_F5_m5f5_P5_Y6_UO5752,FXX,2,0.0,1,0,1.0,0,0,0,-9999.0,0.8828125,1,P4_CV0,1,2,0,0,2
5,44.254,-122.236,ID5_F5_m5f5_P5_Y8_UO2567,ID5_F5_m5f5_P5_Y6_UO2903,ID5_F5_m5f5_P5_Y7_UO2977,FXX,2,0.0,1,0,1.0,0,0,0,-9999.0,0.8515625,1,P4_CV0,1,2,0,2,0
5,44.254,-122.236,ID5_F5_m5f5_P5_Y8_UO982,ID5_F5_m5f5_P5_Y6_UO5661,ID5_F5_m5f5_P5_Y7_UO4528,MXY,2,0.0,1,0,0.0,0,0,0,-9999.0,0.8046875,1,P4_CV0,1,2,0,2,0
5,44.254,-122.236,ID5_F5_m5f5_P5_Y8_UO5876,ID5_F5_m5f5_P5_Y6_UO2337,ID5_F5_m5f5_P5_Y5_UO4116,MXY,2,0.0,1,0,0.0,0,0,0,-9999.0,0.705078125,1,P4_CV0,1,2,0,2,0
5,44.254,-122.236,ID5_F5_m5f5_P5_Y8_UO4334,ID5_F5_m5f5_P5_Y6_UO7278,ID5_F5_m5f5_P5_Y7_UO5554,MXY,2,0.0,1,0,0.0,0,0,0,-9999.0,0.73828125,1,P4_CV0,1,2,0,1,1
5,44.254,-122.236,ID5_F5_m5f5_P5_Y8_UO4482,ID5_F5_m5f5_P5_Y6_UO1131,ID5_F5_m5f5_P5_Y7_UO5814,FXX,2,0.0,1,0,1.0,0,0,0,-9999.0,0.8203125,1,P4_CV0,1,2,0,2,0
5,44.254,-122.236,ID5_F5_m5f5_P5_Y8_UO5353,ID5_F5_m5f5_P5_Y6_UO2337,ID5_F5_m5f5_P5_Y7_UO4375,FXX,2,0.0,1,0,1.0,0,0,0,-9999.0,0.71484375,1,P4_CV0,1,2,0,2,0
5,44.254,-122.236,ID5_F5_m5f5_P5_Y8_UO3822,ID5_F5_m5f5_P5_Y6_UO6237,ID5_F5_m5f5_P5_Y7_UO3361,MXY,2,0.0,1,0,0.0,0,0,0,-9999.0,0.826171875,1,P4_CV0,1,2,0,0,2
5,44.254,-122.236,ID5_F5_m5f5_P5_Y8_UO6098,ID5_F5_m5f5_P5_Y6_UO6007,ID5_F5_m5f5_P5_Y7_UO5277,MXY,2,0.0,1,0,0.0,0,0,0,-9999.0,0.8134765625,1,P4_CV0,1,2,0,1,1
5,44.254,-122.236,ID5_F5_m5f5_P5_Y8_UO5014,ID5_F5_m5f5_P5_Y4_UO7039,ID5_F5_m5f5_P5_Y7_UO5234,MXY,2,0.0,1,0,0.0,0,0,0,-9999.0,0.8203125,1,P4_CV0,1,2,0,2,0
5,44.254,-122.236,ID5_F5_m5f5_P5_Y8_UO2019,ID5_F5_m5f5_P5_Y6_UO7567,ID5_F5_m5f5_P5_Y7_UO4857,MXY,2,0.0,1,0,0.0,0,0,0,-9999.0,0.85546875,1,P4_CV0,1,2,0,2,0
5,44.254,-122.236,ID5_F5_m5f5_P5_Y8_UO5184,ID5_F5_m5f5_P5_Y4_UO2114,ID5_F5_m5f5_P5_Y7_UO2164,FXX,2,0.0,1,0,1.0,0,0,0,-9999.0,0.8359375,1,P4_CV0,1,2,0,1,1
5,44.254,-122.236,ID5_F5_m5f5_P5_Y8_UO2568,ID5_F5_m5f5_P5_Y6_UO2903,ID5_F5_m5f5_P5_Y7_UO2977,MXY,2,0.0,1,0,0.0,0,0,0,-9999.0,0.8515625,1,P4_CV0,1,2,0,1,1
5,44.254,-122.236,ID5_F5_m5f5_P5_Y8_UO2017,ID5_F5_m5f5_P5_Y6_UO7567,ID5_F5_m5f5_P5_Y7_UO4857,FXX,2,0.0,1,0,1.0,0,0,0,-9999.0,0.85546875,1,P4_CV0,1,2,0,2,0
5,44.254,-122.236,ID5_F5_m5f5_P5_Y8_UO5714,ID5_F5_m5f5_P5_Y3_UO67,ID5_F5_m5f5_P5_Y6_UO458,MXY,2,0.0,1,0,0.0,0,0,0,-9999.0,0.71484375,1,P4_CV0,1,2,0,1,1
5,44.254,-122.236,ID5_F5_m5f5_P5_Y8_UO5842,ID5_F5_m5f5_P5_Y5_UO642,ID5_F5_m5f5_P5_Y7_UO246,MXY,2,0.0,1,0,0.0,0,0,0,-9999.0,0.6650390625,1,P4_CV0,1,2,0,1,1
5,44.254,-122.236,ID5_F5_m5f5_P5_Y8_UO4410,ID5_F5_m5f5_P5_Y6_UO450,ID5_F5_m5f5_P5_Y7_UO1293,MXY,2,0.0,1,0,0.0,0,0,0,-9999.0,0.8330078125,1,P4_CV0,1,2,0,0,2
5,44.254,-122.236,ID5_F5_m5f5_P5_Y8_UO2987,ID5_F5_m5f5_P5_Y6_UO1070,ID5_F5_m5f5_P5_Y7_UO1330,MXY,2,0.0,1,0,0.0,0,0,0,-9999.0,0.796875,1,P4_CV0,1,2,0,1,1
5,44.254,-122.236,ID5_F5_m5f5_P5_Y7_UO5670,ID5_F5_m5f5_P5_Y5_UO5415,ID5_F5_m5f5_P5_Y6_UO2378,MXY,3,0.0,1,0,0.0,0,0,0,-9999.0,0.7890625,1,P4_CV0,1,2,0,2,0
5,44.254,-122.236,ID5_F5_m5f5_P5_Y7_UO5557,ID5_F5_m5f5_P5_Y5_UO1387,ID5_F5_m5f5_P5_Y6_UO3796,FXX,3,0.0,1,0,1.0,0,0,0,-9999.0,0.796875,1,P4_CV0,1,2,0,0,2
5,44.254,-122.236,ID5_F5_m5f5_P5_Y7_UO1330,ID5_F5_m5f5_P5_Y5_UO4840,ID5_F5_m5f5_P5_Y6_UO354,MXY,3,0.0,1,0,0.0,0,0,0,-9999.0,0.875,1,P4_CV0,1,2,0,2,0
5,44.254,-122.236,ID5_F5_m5f5_P5_Y7_UO248,ID5_F5_m5f5_P5_Y5_UO4114,ID5_F5_m5f5_P5_Y6_UO5345,FXX,3,0.0,1,0,1.0,0,0,0,-9999.0,0.705078125,1,P4_CV0,1,2,0,0,2
5,44.254,-122.236,ID5_F5_m5f5_P5_Y7_UO5559,ID5_F5_m5f5_P5_Y5_UO1387,ID5_F5_m5f5_P5_Y6_UO3796,FXX,3,0.0,1,0,1.0,0,0,0,-9999.0,0.796875,1,P4_CV0,1,2,0,1,1
5,44.254,-122.236,ID5_F5_m5f5_P5_Y7_UO249,ID5_F5_m5f5_P5_Y5_UO4114,ID5_F5_m5f5_P5_Y6_UO5345,MXY,3,0.0,1,0,0.0,0,0,0,-9999.0,0.705078125,1,P4_CV0,1,2,0,0,2
5,44.254,-122.236,ID5_F5_m5f5_P5_Y7_UO3849,ID5_F5_m5f5_P5_Y5_UO482,ID5_F5_m5f5_P5_Y6_UO353,FXX,3,0.0,1,0,1.0,0,0,0,-9999.0,0.796875,1,P4_CV0,1,2,0,0,2
5,44.254,-122.236,ID5_F5_m5f5_P5_Y7_UO5238,ID5_F5_m5f5_P5_Y5_UO1369,ID5_F5_m5f5_P5_Y4_UO3126,FXX,3,0.0,1,0,1.0,0,0,0,-9999.0,0.78125,1,P4_CV0,1,2,0,1,1
5,44.254,-122.236,ID5_F5_m5f5_P5_Y7_UO243,ID5_F5_m5f5_P5_Y5_UO4114,ID5_F5_m5f5_P5_Y6_UO5345,MXY,3,0.0,1,0,0.0,0,0,0,-9999.0,0.705078125,1,P4_CV0,1,2,0,1,1
5,44.254,-122.236,ID5_F5_m5f5_P5_Y7_UO5801,ID5_F5_m5f5_P5_Y4_UO7039,ID5_F5_m5f5_P5_Y5_UO5190,FXX,3,0.0,1,0,1.0,0,0,0,-9999.0,0.828125,1,P4_CV0,1,2,0,1,1
5,44.254,-122.236,ID5_F5_m5f5_P5_Y7_UO5681,ID5_F5_m5f5_P5_Y5_UO5415,ID5_F5_m5f5_P5_Y6_UO2378,MXY,3,0.0,1,0,0.0,0,0,0,-9999.0,0.7890625,1,P4_CV0,1,2,0,2,0
5,44.254,-122.236,ID5_F5_m5f5_P5_Y7_UO3839,ID5_F5_m5f5_P5_Y5_UO482,ID5_F5_m5f5_P5_Y6_UO353,MXY,3,0.0,1,0,0.0,0,0,0,-9999.0,0.796875,1,P4_CV0,1,2,0,0,2
5,44.254,-122.236,ID5_F5_m5f5_P5_Y7_UO2967,ID5_F5_m5f5_P5_Y5_UO2021,ID5_F5_m5f5_P5_Y6_UO6164,MXY,3,0.0,1,0,0.0,0,0,0,-9999.0,0.89453125,1,P4_CV0,1,2,0,2,0
5,44.254,-122.236,ID5_F5_m5f5_P5_Y7_UO246,ID5_F5_m5f5_P5_Y5_UO4114,ID5_F5_m5f5_P5_Y6_UO5345,MXY,3,0.0,1,0,0.0,0,0,0,-9999.0,0.705078125,1,P4_CV0,1,2,0,1,1
5,44.254,-122.236,ID5_F5_m5f5_P5_Y7_UO5810,ID5_F5_m5f5_P5_Y4_UO2734,ID5_F5_m5f5_P5_Y4_UO81,MXY,3,0.0,1,0,0.0,0,0,0,-9999.0,0.875,1,P4_CV0,1,2,0,1,1
5,44.254,-122.236,ID5_F5_m5f5_P5_Y7_UO2343,ID5_F5_m5f5_P5_Y5_UO943,ID5_F5_m5f5_P5_Y6_UO1129,MXY,3,0.0,1,0,0.0,0,0,0,-9999.0,0.8046875,1,P4_CV0,1,2,0,0,2
5,44.254,-122.236,ID5_F5_m5f5_P5_Y7_UO414,ID5_F5_m5f5_P5_Y4_UO6380,ID5_F5_m5f5_P5_Y6_UO3774,MXY,3,0.0,1,0,0.0,0,0,0,-9999.0,0.76953125,1,P4_CV0,1,2,0,0,2
5,44.254,-122.236,ID5_F5_m5f5_P5_Y7_UO5678,ID5_F5_m5f5_P5_Y5_UO5415,ID5_F5_m5f5_P5_Y6_UO2378,FXX,3,0.0,1,0,1.0,0,0,0,-9999.0,0.7890625,1,P4_CV0,1,2,0,1,1
5,44.254,-122.236,ID5_F5_m5f5_P5_Y7_UO1287,ID5_F5_m5f5_P5_Y5_UO4150,ID5_F5_m5f5_P5_Y6_UO4076,FXX,3,0.0,1,0,1.0,0,0,0,-9999.0,0.748046875,1,P4_CV0,1,2,0,2,0
5,44.254,-122.236,ID5_F5_m5f5_P5_Y7_UO3707,ID5_F5_m5f5_P5_Y5_UO5616,ID5_F5_m5f5_P5_Y6_UO2958,MXY,3,0.0,1,0,0.0,0,0,0,-9999.0,0.7734375,1,P4_CV0,1,2,0,1,1
5,44.254,-122.236,ID5_F5_m5f5_P5_Y7_UO5804,ID5_F5_m5f5_P5_Y4_UO7039,ID5_F5_m5f5_P5_Y5_UO5190,MXY,3,0.0,1,0,0.0,0,0,0,-9999.0,0.828125,1,P4_CV0,1,2,0,1,1
5,44.254,-122.236,ID5_F5_m5f5_P5_Y7_UO421,ID5_F5_m5f5_P5_Y4_UO6380,ID5_F5_m5f5_P5_Y6_UO3774,MXY,3,0.0,1,0,0.0,0,0,0,-9999.0,0.76953125,1,P4_CV0,1,2,0,0,2
5,44.254,-122.236,ID5_F5_m5f5_P5_Y7_UO241,ID5_F5_m5f5_P5_Y5_UO4114,ID5_F5_m5f5_P5_Y6_UO5345,MXY,3,0.0,1,0,0.0,0,0,0,-9999.0,0.705078125,1,P4_CV0,1,2,0,1,1
5,44.254,-122.236,ID5_F5_m5f5_P5_Y7_UO5150,ID5_F5_m5f5_P5_Y5_UO2576,ID5_F5_m5f5_P5_Y6_UO5754,FXX,3,0.0,1,0,1.0,0,0,0,-9999.0,0.765625,1,P4_CV0,1,2,0,1,1
5,44.254,-122.236,ID5_F5_m5f5_P5_Y7_UO3706,ID5_F5_m5f5_P5_Y5_UO5616,ID5_F5_m5f5_P5_Y6_UO2958,MXY,3,0.0,1,0,0.0,0,0,0,-9999.0,0.7734375,1,P4_CV0,1,2,0,1,1
5,44.254,-122.236,ID5_F5_m5f5_P5_Y7_UO3705,ID5_F5_m5f5_P5_Y5_UO5616,ID5_F5_m5f5_P5_Y6_UO2958,MXY,3,0.0,1,0,0.0,0,0,0,-9999.0,0.7734375,1,P4_CV0,1,2,0,0,2
5,44.254,-122.236,ID5_F5_m5f5_P5_Y6_UO5960,ID5_F5_m5f5_P5_Y4_UO84,ID5_F5_m5f5_P5_Y5_UO3235,FXX,4,0.0,1,0,1.0,0,0,0,-9999.0,0.8203125,1,P4_CV0,1,2,0,1,1
5,44.254,-122.236,ID5_F5_m5f5_P5_Y6_UO3940,ID5_F5_m5f5_P5_Y4_UO1656,ID5_F5_m5f5_P5_Y5_UO4393,FXX,4,0.0,1,0,1.0,0,0,0,-9999.0,0.78515625,1,P4_CV0,1,2,0,0,2
5,44.254,-122.236,ID5_F5_m5f5_P5_Y6_UO3044,ID5_F5_m5f5_P5_Y3_UO2387,ID5_F5_m5f5_P5_Y5_UO4148,MXY,4,0.0,1,0,0.0,0,0,0,-9999.0,0.7421875,1,P4_CV0,1,2,0,1,1
5,44.254,-122.236,ID5_F5_m5f5_P5_Y6_UO6054,ID5_F5_m5f5_P5_Y2_UO6104,ID5_F5_m5f5_P5_Y5_UO4116,MXY,4,0.0,1,0,0.0,0,0,0,-9999.0,0.796875,1,P4_CV0,1,2,0,1,1
5,44.254,-122.236,ID5_F5_m5f5_P5_Y6_UO2337,ID5_F5_m5f5_P5_Y4_UO1651,ID5_F5_m5f5_P5_Y5_UO1734,FXX,4,0.0,1,0,1.0,0,0,0,-9999.0,0.69140625,1,P4_CV0,1,2,0,2,0
5,44.254,-122.236,ID5_F5_m5f5_P5_Y6_UO1129,ID5_F5_m5f5_P5_Y4_UO3861,ID5_F5_m5f5_P5_Y5_UO4142,MXY,4,0.0,1,0,0.0,0,0,0,-9999.0,0.765625,1,P4_CV0,1,2,0,1,1
5,44.254,-122.236,ID5_F5_m5f5_P5_Y6_UO5344,ID5_F5_m5f5_P5_Y4_UO3827,ID5_F5_m5f5_P5_Y5_UO2434,MXY,4,0.0,1,0,0.0,0,0,0,-9999.0,0.69140625,1,P4_CV0,1,2,0,0,2
5,44.254,-122.236,ID5_F5_m5f5_P5_Y6_UO2902,ID5_F5_m5f5_P5_Y2_UO4716,ID5_F5_m5f5_P5_Y5_UO3923,MXY,4,0.0,1,0,0.0,0,0,0,-9999.0,0.80859375,1,P4_CV0,1,2,0,1,1
5,44.254,-122.236,ID5_F5_m5f5_P5_Y6_UO5752,ID5_F5_m5f5_P5_Y4_UO5743,ID5_F5_m5f5_P5_Y4_UO3129,MXY,4,0.0,1,0,0.0,0,0,0,-9999.0,0.859375,1,P4_CV0,1,2,0,0,2
5,44.254,-122.236,ID5_F5_m5f5_P5_Y6_UO5102,ID5_F5_m5f5_P5_Y4_UO1326,ID5_F5_m5f5_P5_Y5_UO659,FXX,4,0.0,1,0,1.0,0,0,0,-9999.0,0.8046875,1,P4_CV0,1,2,0,0,2
5,44.254,-122.236,ID5_F5_m5f5_P5_Y6_UO7278,ID5_F5_m5f5_P5_Y3_UO67,ID5_F5_m5f5_P5_Y5_UO5414,FXX,4,0.0,1,0,1.0,0,0,0,-9999.0,0.6796875,1,P4_CV0,1,2,0,1,1
5,44.254,-122.236,ID5_F5_m5f5_P5_Y6_UO2958,ID5_F5_m5f5_P5_Y2_UO4842,ID5_F5_m5f5_P5_Y4_UO5920,MXY,4,0.0,1,0,0.0,0,0,0,-9999.0,0.625,1,P4_CV0,1,2,0,0,2
5,44.254,-122.236,ID5_F5_m5f5_P5_Y6_UO3796,ID5_F5_m5f5_P5_Y4_UO1613,ID5_F5_m5f5_P5_Y5_UO3098,MXY,4,0.0,1,0,0.0,0,0,0,-9999.0,0.796875,1,P4_CV0,1,2,0,1,1
5,44.254,-122.236,ID5_F5_m5f5_P5_Y6_UO4276,ID5_F5_m5f5_P5_Y4_UO6210,ID5_F5_m5f5_P5_Y4_UO3806,MXY,4,0.0,1,0,0.0,0,0,0,-9999.0,0.875,1,P4_CV0,1,2,0,0,2
5,44.254,-122.236,ID5_F5_m5f5_P5_Y6_UO853,ID5_F5_m5f5_P5_Y4_UO1099,ID5_F5_m5f5_P5_Y5_UO1733,MXY,4,0.0,1,0,0.0,0,0,0,-9999.0,0.86328125,1,P4_CV0,1,2,0,2,0
5,44.254,-122.236,ID5_F5_m5f5_P5_Y6_UO1070,ID5_F5_m5f5_P5_Y4_UO1602,ID5_F5_m5f5_P5_Y2_UO4787,FXX,4,0.0,1,0,1.0,0,0,0,-9999.0,0.71875,1,P4_CV0,1,2,0,0,2
5,44.254,-122.236,ID5_F5_m5f5_P5_Y6_UO5000,ID5_F5_m5f5_P5_Y4_UO1613,ID5_F5_m5f5_P5_Y4_UO6666,FXX,4,0.0,1,0,1.0,0,0,0,-9999.0,0.859375,1,P4_CV0,1,2,0,1,1
5,44.254,-122.236,ID5_F5_m5f5_P5_Y6_UO6250,ID5_F5_m5f5_P5_Y4_UO7039,ID5_F5_m5f5_P5_Y5_UO2024,MXY,4,0.0,1,0,0.0,0,0,0,-9999.0,0.87890625,1,P4_CV0,1,2,0,2,0
5,44.254,-122.236,ID5_F5_m5f5_P5_Y5_UO115,ID5_F5_m5f5_P5_Y3_UO3267,ID5_F5_m5f5_P5_Y4_UO85,FXX,5,0.0,1,0,1.0,0,0,0,-9999.0,0.78125,1,P4_CV0,1,2,0,1,1
5,44.254,-122.236,ID5_F5_m5f5_P5_Y5_UO5190,ID5_F5_m5f5_P5_Y2_UO1366,ID5_F5_m5f5_P5_Y4_UO1127,MXY,5,0.0,1,0,0.0,0,0,0,-9999.0,0.796875,1,P4_CV0,1,2,0,0,2
5,44.254,-122.236,ID5_F5_m5f5_P5_Y5_UO4391,ID5_F5_m5f5_P5_Y3_UO3268,ID5_F5_m5f5_P5_Y4_UO2748,MXY,5,0.0,1,0,0.0,0,0,0,-9999.0,0.7578125,1,P4_CV0,1,2,0,1,1
6,43.987,-122.244,ID6_F6_m6f6_P6_Y9_UO27,ID6_F6_m6f6_P6_Y7_UO4638,ID6_F6_m6f6_P6_Y6_UO1428,MXY,1,0.0,1,0,0.0,0,0,0,-9999.0,0.796875,1,P5_CV0,1,2,0,2,0
6,43.987,-122.244,ID6_F6_m6f6_P6_Y9_UO28,ID6_F6_m6f6_P6_Y7_UO4638,ID6_F6_m6f6_P6_Y6_UO1428,FXX,1,0.0,1,0,1.0,0,0,0,-9999.0,0.796875,1,P5_CV0,1,2,0,2,0
6,43.987,-122.244,ID6_F6_m6f6_P6_Y9_UO29,ID6_F6_m6f6_P6_Y7_UO4638,ID6_F6_m6f6_P6_Y6_UO1428,MXY,1,0.0,1,0,0.0,0,0,0,-9999.0,0.796875,1,P5_CV0,1,2,0,2,0
6,43.987,-122.244,ID6_F6_m6f6_P6_Y9_UO30,ID6_F6_m6f6_P6_Y7_UO4638,ID6_F6_m6f6_P6_Y6_UO1428,FXX,1,0.0,1,0,1.0,0,0,0,-9999.0,0.796875,1,P5_CV0,1,2,0,2,0
6,43.987,-122.244,ID6_F6_m6f6_P6_Y9_UO31,ID6_F6_m6f6_P6_Y7_UO4638,ID6_F6_m6f6_P6_Y6_UO1428,MXY,1,0.0,1,0,0.0,0,0,0,-9999.0,0.796875,1,P5_CV0,1,2,0,2,0
6,43.987,-122.244,ID6_F6_m6f6_P6_Y9_UO33,ID6_F6_m6f6_P6_Y7_UO4638,ID6_F6_m6f6_P6_Y6_UO1428,MXY,1,0.0,1,0,0.0,0,0,0,-9999.0,0.796875,1,P5_CV0,1,2,0,2,0
6,43.987,-122.244,ID6_F6_m6f6_P6_Y9_UO34,ID6_F6_m6f6_P6_Y7_UO4638,ID6_F6_m6f6_P6_Y6_UO1428,FXX,1,0.0,1,0,1.0,0,0,0,-9999.0,0.796875,1,P5_CV0,1,2,0,2,0
6,43.987,-122.244,ID6_F6_m6f6_P6_Y9_UO35,ID6_F6_m6f6_P6_Y7_UO4638,ID6_F6_m6f6_P6_Y6_UO1428,MXY,1,0.0,1,0,0.0,0,0,0,-9999.0,0.796875,1,P5_CV0,1,2,0,2,0
6,43.987,-122.244,ID6_F6_m6f6_P6_Y9_UO37,ID6_F6_m6f6_P6_Y7_UO4638,ID6_F6_m6f6_P6_Y6_UO1428,MXY,1,0.0,1,0,0.0,0,0,0,-9999.0,0.796875,1,P5_CV0,1,2,0,2,0
6,43.987,-122.244,ID6_F6_m6f6_P6_Y9_UO38,ID6_F6_m6f6_P6_Y7_UO4638,ID6_F6_m6f6_P6_Y6_UO1428,FXX,1,0.0,1,0,1.0,0,0,0,-9999.0,0.796875,1,P5_CV0,1,2,0,2,0
6,43.987,-122.244,ID6_F6_m6f6_P6_Y9_UO40,ID6_F6_m6f6_P6_Y7_UO4638,ID6_F6_m6f6_P6_Y6_UO1428,FXX,1,0.0,1,0,1.0,0,0,0,-9999.0,0.796875,1,P5_CV0,1,2,0,2,0
6,43.987,-122.244,ID6_F6_m6f6_P6_Y9_UO88,ID6_F6_m6f6_P6_Y7_UO5662,ID6_F6_m6f6_P6_Y6_UO1360,FXX,1,0.0,1,0,1.0,0,0,0,-9999.0,0.87109375,1,P5_CV0,1,2,0,2,0
6,43.987,-122.244,ID6_F6_m6f6_P6_Y9_UO93,ID6_F6_m6f6_P6_Y7_UO5662,ID6_F6_m6f6_P6_Y6_UO1360,MXY,1,0.0,1,0,0.0,0,0,0,-9999.0,0.87109375,1,P5_CV0,1,2,0,2,0
6,43.987,-122.244,ID6_F6_m6f6_P6_Y9_UO94,ID6_F6_m6f6_P6_Y7_UO5662,ID6_F6_m6f6_P6_Y6_UO1360,MXY,1,0.0,1,0,0.0,0,0,0,-9999.0,0.87109375,1,P5_CV0,1,2,0,2,0
6,43.987,-122.244,ID6_F6_m6f6_P6_Y9_UO96,ID6_F6_m6f6_P6_Y7_UO5662,ID6_F6_m6f6_P6_Y6_UO1360,MXY,1,0.0,1,0,0.0,0,0,0,-9999.0,0.87109375,1,P5_CV0,1,2,0,2,0
6,43.987,-122.244,ID6_F6_m6f6_P6_Y9_UO97,ID6_F6_m6f6_P6_Y7_UO5662,ID6_F6_m6f6_P6_Y6_UO1360,MXY,1,0.0,1,0,0.0,0,0,0,-9999.0,0.87109375,1,P5_CV0,1,2,0,2,0
6,43.987,-122.244,ID6_F6_m6f6_P6_Y9_UO100,ID6_F6_m6f6_P6_Y7_UO5662,ID6_F6_m6f6_P6_Y6_UO1360,MXY,1,0.0,1,0,0.0,0,0,0,-9999.0,0.87109375,1,P5_CV0,1,2,0,2,0
6,43.987,-122.244,ID6_F6_m6f6_P6_Y9_UO102,ID6_F6_m6f6_P6_Y7_UO5662,ID6_F6_m6f6_P6_Y6_UO1360,MXY,1,0.0,1,0,0.0,0,0,0,-9999.0,0.87109375,1,P5_CV0,1,2,0,2,0
6,43.987,-122.244,ID6_F6_m6f6_P6_Y9_UO185,ID6_F6_m6f6_P6_Y7_UO1180,ID6_F6_m6f6_P6_Y8_UO567,MXY,1,0.0,1,0,0.0,0,0,0,-9999.0,0.80078125,1,P5_CV0,1,2,0,0,2
6,43.987,-122.244,ID6_F6_m6f6_P6_Y9_UO187,ID6_F6_m6f6_P6_Y7_UO1180,ID6_F6_m6f6_P6_Y8_UO567,FXX,1,0.0,1,0,1.0,0,0,0,-9999.0,0.80078125,1,P5_CV0,1,2,0,1,1
6,43.987,-122.244,ID6_F6_m6f6_P6_Y9_UO188,ID6_F6_m6f6_P6_Y7_UO1180,ID6_F6_m6f6_P6_Y8_UO567,MXY,1,0.0,1,0,0.0,0,0,0,-9999.0,0.80078125,1,P5_CV0,1,2,0,0,2
6,43.987,-122.244,ID6_F6_m6f6_P6_Y9_UO190,ID6_F6_m6f6_P6_Y7_UO1180,ID6_F6_m6f6_P6_Y8_UO567,FXX,1,0.0,1,0,1.0,0,0,0,-9999.0,0.80078125,1,P5_CV0,1,2,0,1,1
6,43.987,-122.244,ID6_F6_m6f6_P6_Y9_UO192,ID6_F6_m6f6_P6_Y7_UO1180,ID6_F6_m6f6_P6_Y8_UO567,MXY,1,0.0,1,0,0.0,0,0,0,-9999.0,0.80078125,1,P5_CV0,1,2,0,0,2
6,43.987,-122.244,ID6_F6_m6f6_P6_Y9_UO193,ID6_F6_m6f6_P6_Y7_UO1180,ID6_F6_m6f6_P6_Y8_UO567,MXY,1,0.0,1,0,0.0,0,0,0,-9999.0,0.80078125,1,P5_CV0,1,2,0,0,2
6,43.987,-122.244,ID6_F6_m6f6_P6_Y9_UO194,ID6_F6_m6f6_P6_Y7_UO1180,ID6_F6_m6f6_P6_Y8_UO567,FXX,1,0.0,1,0,1.0,0,0,0,-9999.0,0.80078125,1,P5_CV0,1,2,0,0,2
6,43.987,-122.244,ID6_F6_m6f6_P6_Y9_UO196,ID6_F6_m6f6_P6_Y7_UO1180,ID6_F6_m6f6_P6_Y8_UO567,MXY,1,0.0,1,0,0.0,0,0,0,-9999.0,0.80078125,1,P5_CV0,1,2,0,0,2
6,43.987,-122.244,ID6_F6_m6f6_P6_Y9_UO197,ID6_F6_m6f6_P6_Y7_UO1180,ID6_F6_m6f6_P6_Y8_UO567,FXX,1,0.0,1,0,1.0,0,0,0,-9999.0,0.80078125,1,P5_CV0,1,2,0,0,2
6,43.987,-122.244,ID6_F6_m6f6_P6_Y9_UO198,ID6_F6_m6f6_P6_Y7_UO1180,ID6_F6_m6f6_P6_Y8_UO567,FXX,1,0.0,1,0,1.0,0,0,0,-9999.0,0.80078125,1,P5_CV0,1,2,0,1,1
6,43.987,-122.244,ID6_F6_m6f6_P6_Y9_UO345,ID6_F6_m6f6_P6_Y7_UO4201,ID6_F6_m6f6_P6_Y8_UO2723,FXX,1,0.0,1,0,1.0,0,0,0,-9999.0,0.828125,1,P5_CV0,1,2,0,0,2
6,43.987,-122.244,ID6_F6_m6f6_P6_Y9_UO347,ID6_F6_m6f6_P6_Y7_UO4201,ID6_F6_m6f6_P6_Y8_UO2723,MXY,1,0.0,1,0,0.0,0,0,0,-9999.0,0.828125,1,P5_CV0,1,2,0,0,2
6,43.987,-122.244,ID6_F6_m6f6_P6_Y9_UO348,ID6_F6_m6f6_P6_Y7_UO4201,ID6_F6_m6f6_P6_Y8_UO2723,MXY,1,0.0,1,0,0.0,0,0,0,-9999.0,0.828125,1,P5_CV0,1,2,0,0,2
6,43.987,-122.244,ID6_F6_m6f6_P6_Y9_UO350,ID6_F6_m6f6_P6_Y6_UO6124,ID6_F6_m6f6_P6_Y8_UO6395,FXX,1,0.0,1,0,1.0,0,0,0,-9999.0,0.919921875,1,P5_CV0,1,2,0,1,1
6,43.987,-122.244,ID6_F6_m6f6_P6_Y9_UO351,ID6_F6_m6f6_P6_Y6_UO6124,ID6_F6_m6f6_P6_Y8_UO6395,FXX,1,0.0,1,0,1.0,0,0,0,-9999.0,0.919921875,1,P5_CV0,1,2,0,0,2
6,43.987,-122.244,ID6_F6_m6f6_P6_Y9_UO353,ID6_F6_m6f6_P6_Y6_UO6124,ID6_F6_m6f6_P6_Y8_UO6395,FXX,1,0.0,1,0,1.0,0,0,0,-9999.0,0.919921875,1,P5_CV0,1,2,0,1,1
6,43.987,-122.244,ID6_F6_m6f6_P6_Y9_UO354,ID6_F6_m6f6_P6_Y6_UO6124,ID6_F6_m6f6_P6_Y8_UO6395,MXY,1,0.0,1,0,0.0,0,0,0,-9999.0,0.919921875,1,P5_CV0,1,2,0,0,2
6,43.987,-122.244,ID6_F6_m6f6_P6_Y9_UO355,ID6_F6_m6f6_P6_Y6_UO6124,ID6_F6_m6f6_P6_Y8_UO6395,MXY,1,0.0,1,0,0.0,0,0,0,-9999.0,0.919921875,1,P5_CV0,1,2,0,1,1
6,43.987,-122.244,ID6_F6_m6f6_P6_Y9_UO356,ID6_F6_m6f6_P6_Y6_UO6124,ID6_F6_m6f6_P6_Y8_UO6395,FXX,1,0.0,1,0,1.0,0,0,0,-9999.0,0.919921875,1,P5_CV0,1,2,0,0,2
6,43.987,-122.244,ID6_F6_m6f6_P6_Y9_UO591,ID6_F6_m6f6_P6_Y6_UO271,ID6_F6_m6f6_P6_Y6_UO2614,MXY,1,0.0,1,0,0.0,0,0,0,-9999.0,0.796875,1,P5_CV0,1,2,0,1,1
6,43.987,-122.244,ID6_F6_m6f6_P6_Y9_UO592,ID6_F6_m6f6_P6_Y6_UO271,ID6_F6_m6f6_P6_Y6_UO2614,MXY,1,0.0,1,0,0.0,0,0,0,-9999.0,0.796875,1,P5_CV0,1,2,0,1,1
6,43.987,-122.244,ID6_F6_m6f6_P6_Y9_UO593,ID6_F6_m6f6_P6_Y6_UO271,ID6_F6_m6f6_P6_Y6_UO2614,MXY,1,0.0,1,0,0.0,0,0,0,-9999.0,0.796875,1,P5_CV0,1,2,0,1,1
6,43.987,-122.244,ID6_F6_m6f6_P6_Y9_UO594,ID6_F6_m6f6_P6_Y6_UO6124,ID6_F6_m6f6_P6_Y7_UO539,FXX,1,0.0,1,0,1.0,0,0,0,-9999.0,0.90234375,1,P5_CV0,1,2,0,0,2
6,43.987,-122.244,ID6_F6_m6f6_P6_Y9_UO595,ID6_F6_m6f6_P6_Y6_UO6124,ID6_F6_m6f6_P6_Y7_UO539,FXX,1,0.0,1,0,1.0,0,0,0,-9999.0,0.90234375,1,P5_CV0,1,2,0,0,2
6,43.987,-122.244,ID6_F6_m6f6_P6_Y9_UO596,ID6_F6_m6f6_P6_Y6_UO6124,ID6_F6_m6f6_P6_Y7_UO539,FXX,1,0.0,1,0,1.0,0,0,0,-9999.0,0.90234375,1,P5_CV0,1,2,0,0,2
6,43.987,-122.244,ID6_F6_m6f6_P6_Y9_UO967,ID6_F6_m6f6_P6_Y6_UO5666,ID6_F6_m6f6_P6_Y8_UO3852,MXY,1,0.0,1,0,0.0,0,0,0,-9999.0,0.82421875,1,P5_CV0,1,2,0,2,0
6,43.987,-122.244,ID6_F6_m6f6_P6_Y9_UO1252,ID6_F6_m6f6_P6_Y6_UO14,ID6_F6_m6f6_P6_Y8_UO7247,FXX,1,0.0,1,0,1.0,0,0,0,-9999.0,0.6328125,1,P5_CV0,1,2,0,2,0
6,43.987,-122.244,ID6_F6_m6f6_P6_Y9_UO1253,ID6_F6_m6f6_P6_Y6_UO14,ID6_F6_m6f6_P6_Y8_UO7247,FXX,1,0.0,1,0,1.0,0,0,0,-9999.0,0.6328125,1,P5_CV0,1,2,0,2,0
6,43.987,-122.244,ID6_F6_m6f6_P6_Y9_UO1255,ID6_F6_m6f6_P6_Y6_UO14,ID6_F6_m6f6_P6_Y8_UO7247,FXX,1,0.0,1,0,1.0,0,0,0,-9999.0,0.6328125,1,P5_CV0,1,2,0,2,0
6,43.987,-122.244,ID6_F6_m6f6_P6_Y9_UO1256,ID6_F6_m6f6_P6_Y6_UO14,ID6_F6_m6f6_P6_Y8_UO7247,FXX,1,0.0,1,0,1.0,0,0,0,-9999.0,0.6328125,1,P5_CV0,1,2,0,2,0
6,43.987,-122.244,ID6_F6_m6f6_P6_Y9_UO1257,ID6_F6_m6f6_P6_Y6_UO14,ID6_F6_m6f6_P6_Y8_UO7247,FXX,1,0.0,1,0,1.0,0,0,0,-9999.0,0.6328125,1,P5_CV0,1,2,0,2,0
6,43.987,-122.244,ID6_F6_m6f6_P6_Y9_UO1258,ID6_F6_m6f6_P6_Y6_UO14,ID6_F6_m6f6_P6_Y8_UO7247,MXY,1,0.0,1,0,0.0,0,0,0,-9999.0,0.6328125,1,P5_CV0,1,2,0,2,0
6,43.987,-122.244,ID6_F6_m6f6_P6_Y9_UO1367,ID6_F6_m6f6_P6_Y6_UO2593,ID6_F6_m6f6_P6_Y6_UO4950,FXX,1,0.0,1,0,1.0,0,0,0,-9999.0,0.890625,1,P5_CV0,1,2,0,1,1
6,43.987,-122.244,ID6_F6_m6f6_P6_Y9_UO1368,ID6_F6_m6f6_P6_Y6_UO2593,ID6_F6_m6f6_P6_Y6_UO4950,FXX,1,0.0,1,0,1.0,0,0,0,-9999.0,0.890625,1,P5_CV0,1,2,0,1,1
6,43.987,-122.244,ID6_F6_m6f6_P6_Y9_UO1371,ID6_F6_m6f6_P6_Y6_UO2593,ID6_F6_m6f6_P6_Y6_UO4950,FXX,1,0.0,1,0,1.0,0,0,0,-9999.0,0.890625,1,P5_CV0,1,2,0,1,1
6,43.987,-122.244,ID6_F6_m6f6_P6_Y9_UO1374,ID6_F6_m6f6_P6_Y6_UO2593,ID6_F6_m6f6_P6_Y6_UO4950,MXY,1,0.0,1,0,0.0,0,0,0,-9999.0,0.890625,1,P5_CV0,1,2,0,1,1
6,43.987,-122.244,ID6_F6_m6f6_P6_Y9_UO1466,ID6_F6_m6f6_P6_Y7_UO449,ID6_F6_m6f6_P6_Y8_UO4133,MXY,1,0.0,1,0,0.0,0,0,0,-9999.0,0.85546875,1,P5_CV0,1,2,0,0,2
6,43.987,-122.244,ID6_F6_m6f6_P6_Y9_UO1467,ID6_F6_m6f6_P6_Y7_UO449,ID6_F6_m6f6_P6_Y8_UO4133,FXX,1,0.0,1,0,1.0,0,0,0,-9999.0,0.85546875,1,P5_CV0,1,2,0,1,1
6,43.987,-122.244,ID6_F6_m6f6_P6_Y9_UO1468,ID6_F6_m6f6_P6_Y7_UO449,ID6_F6_m6f6_P6_Y8_UO4133,MXY,1,0.0,1,0,0.0,0,0,0,-9999.0,0.85546875,1,P5_CV0,1,2,0,1,1
6,43.987,-122.244,ID6_F6_m6f6_P6_Y9_UO1632,ID6_F6_m6f6_P6_Y6_UO5666,ID6_F6_m6f6_P6_Y6_UO59,MXY,1,0.0,1,0,0.0,0,0,0,-9999.0,0.7890625,1,P5_CV0,1,2,0,1,1
6,43.987,-122.244,ID6_F6_m6f6_P6_Y9_UO1807,ID6_F6_m6f6_P6_Y6_UO2593,ID6_F6_m6f6_P6_Y7_UO3681,MXY,1,0.0,1,0,0.0,0,0,0,-9999.0,0.86328125,1,P5_CV0,1,2,0,2,0
6,43.987,-122.244,ID6_F6_m6f6_P6_Y9_UO1808,ID6_F6_m6f6_P6_Y6_UO2593,ID6_F6_m6f6_P6_Y7_UO3681,FXX,1,0.0,1,0,1.0,0,0,0,-9999.0,0.86328125,1,P5_CV0,1,2,0,1,1
6,43.987,-122.244,ID6_F6_m6f6_P6_Y9_UO2058,ID6_F6_m6f6_P6_Y6_UO271,ID6_F6_m6f6_P6_Y7_UO4491,FXX,1,0.0,1,0,1.0,0,0,0,-9999.0,0.90625,1,P5_CV0,1,2,0,1,1
6,43.987,-122.244,ID6_F6_m6f6_P6_Y9_UO2196,ID6_F6_m6f6_P6_Y7_UO449,ID6_F6_m6f6_P6_Y8_UO4830,FXX,1,0.0,1,0,1.0,0,0,0,-9999.0,0.8671875,1,P5_CV0,1,2,0,1,1
6,43.987,-122.244,ID6_F6_m6f6_P6_Y9_UO2197,ID6_F6_m6f6_P6_Y7_UO449,ID6_F6_m6f6_P6_Y8_UO4830,MXY,1,0.0,1,0,0.0,0,0,0,-9999.0,0.8671875,1,P5_CV0,1,2,0,1,1
6,43.987,-122.244,ID6_F6_m6f6_P6_Y9_UO2599,ID6_F6_m6f6_P6_Y5_UO3709,ID6_F6_m6f6_P6_Y8_UO3699,MXY,1,0.0,1,0,0.0,0,0,0,-9999.0,0.828125,1,P5_CV0,1,2,0,0,2
6,43.987,-122.244,ID6_F6_m6f6_P6_Y9_UO2600,ID6_F6_m6f6_P6_Y5_UO3709,ID6_F6_m6f6_P6_Y8_UO3699,MXY,1,0.0,1,0,0.0,0,0,0,-9999.0,0.828125,1,P5_CV0,1,2,0,0,2
6,43.987,-122.244,ID6_F6_m6f6_P6_Y9_UO2601,ID6_F6_m6f6_P6_Y5_UO3709,ID6_F6_m6f6_P6_Y8_UO3699,MXY,1,0.0,1,0,0.0,0,0,0,-9999.0,0.828125,1,P5_CV0,1,2,0,0,2
6,43.987,-122.244,ID6_F6_m6f6_P6_Y9_UO2648,ID6_F6_m6f6_P6_Y7_UO548,ID6_F6_m6f6_P6_Y8_UO5020,MXY,1,0.0,1,0,0.0,0,0,0,-9999.0,0.884765625,1,P5_CV0,1,2,0,1,1
6,43.987,-122.244,ID6_F6_m6f6_P6_Y9_UO2652,ID6_F6_m6f6_P6_Y7_UO548,ID6_F6_m6f6_P6_Y8_UO5020,FXX,1,0.0,1,0,1.0,0,0,0,-9999.0,0.884765625,1,P5_CV0,1,2,0,1,1
6,43.987,-122.244,ID6_F6_m6f6_P6_Y9_UO2653,ID6_F6_m6f6_P6_Y7_UO4445,ID6_F6_m6f6_P6_Y6_UO4950,MXY,1,0.0,1,0,0.0,0,0,0,-9999.0,0.79296875,1,P5_CV0,1,2,0,1,1
6,43.987,-122.244,ID6_F6_m6f6_P6_Y9_UO2655,ID6_F6_m6f6_P6_Y7_UO4445,ID6_F6_m6f6_P6_Y6_UO4950,FXX,1,0.0,1,0,1.0,0,0,0,-9999.0,0.79296875,1,P5_CV0,1,2,0,0,2
6,43.987,-122.244,ID6_F6_m6f6_P6_Y9_UO2660,ID6_F6_m6f6_P6_Y5_UO3709,ID6_F6_m6f6_P6_Y8_UO70,MXY,1,0.0,1,0,0.0,0,0,0,-9999.0,0.859375,1,P5_CV0,1,2,0,1,1
6,43.987,-122.244,ID6_F6_m6f6_P6_Y9_UO2661,ID6_F6_m6f6_P6_Y5_UO3709,ID6_F6_m6f6_P6_Y8_UO70,FXX,1,0.0,1,0,1.0,0,0,0,-9999.0,0.859375,1,P5_CV0,1,2,0,0,2
6,43.987,-122.244,ID6_F6_m6f6_P6_Y9_UO2662,ID6_F6_m6f6_P6_Y5_UO3709,ID6_F6_m6f6_P6_Y8_UO70,FXX,1,0.0,1,0,1.0,0,0,0,-9999.0,0.859375,1,P5_CV0,1,2,0,1,1
6,43.987,-122.244,ID6_F6_m6f6_P6_Y9_UO2724,ID6_F6_m6f6_P6_Y6_UO3191,ID6_F6_m6f6_P6_Y7_UO1061,MXY,1,0.0,1,0,0.0,0,0,0,-9999.0,0.82421875,1,P5_CV0,1,2,0,1,1
6,43.987,-122.244,ID6_F6_m6f6_P6_Y9_UO2727,ID6_F6_m6f6_P6_Y6_UO3191,ID6_F6_m6f6_P6_Y7_UO1061,FXX,1,0.0,1,0,1.0,0,0,0,-9999.0,0.82421875,1,P5_CV0,1,2,0,0,2
6,43.987,-122.244,ID6_F6_m6f6_P6_Y9_UO2729,ID6_F6_m6f6_P6_Y6_UO3191,ID6_F6_m6f6_P6_Y7_UO1061,MXY,1,0.0,1,0,0.0,0,0,0,-9999.0,0.82421875,1,P5_CV0,1,2,0,0,2
6,43.987,-122.244,ID6_F6_m6f6_P6_Y9_UO2978,ID6_F6_m6f6_P6_Y5_UO866,ID6_F6_m6f6_P6_Y7_UO4962,MXY,1,0.0,1,0,0.0,0,0,0,-9999.0,0.890625,1,P5_CV0,1,2,0,0,2
6,43.987,-122.244,ID6_F6_m6f6_P6_Y9_UO2979,ID6_F6_m6f6_P6_Y5_UO866,ID6_F6_m6f6_P6_Y7_UO4962,MXY,1,0.0,1,0,0.0,0,0,0,-9999.0,0.890625,1,P5_CV0,1,2,0,0,2
6,43.987,-122.244,ID6_F6_m6f6_P6_Y9_UO2981,ID6_F6_m6f6_P6_Y5_UO866,ID6_F6_m6f6_P6_Y7_UO4962,MXY,1,0.0,1,0,0.0,0,0,0,-9999.0,0.890625,1,P5_CV0,1,2,0,0,2
6,43.987,-122.244,ID6_F6_m6f6_P6_Y9_UO2983,ID6_F6_m6f6_P6_Y5_UO866,ID6_F6_m6f6_P6_Y7_UO4962,FXX,1,0.0,1,0,1.0,0,0,0,-9999.0,0.890625,1,P5_CV0,1,2,0,0,2
6,43.987,-122.244,ID6_F6_m6f6_P6_Y9_UO2985,ID6_F6_m6f6_P6_Y5_UO866,ID6_F6_m6f6_P6_Y7_UO4962,FXX,1,0.0,1,0,1.0,0,0,0,-9999.0,0.890625,1,P5_CV0,1,2,0,0,2
6,43.987,-122.244,ID6_F6_m6f6_P6_Y9_UO2986,ID6_F6_m6f6_P6_Y5_UO866,ID6_F6_m6f6_P6_Y7_UO4962,MXY,1,0.0,1,0,0.0,0,0,0,-9999.0,0.890625,1,P5_CV0,1,2,0,0,2
6,43.987,-122.244,ID6_F6_m6f6_P6_Y9_UO2987,ID6_F6_m6f6_P6_Y5_UO866,ID6_F6_m6f6_P6_Y7_UO4962,FXX,1,0.0,1,0,1.0,0,0,0,-9999.0,0.890625,1,P5_CV0,1,2,0,0,2
6,43.987,-122.244,ID6_F6_m6f6_P6_Y9_UO2988,ID6_F6_m6f6_P6_Y7_UO5624,ID6_F6_m6f6_P6_Y7_UO542,MXY,1,0.0,1,0,0.0,0,0,0,-9999.0,0.87109375,1,P5_CV0,1,2,0,1,1
6,43.987,-122.244,ID6_F6_m6f6_P6_Y9_UO2996,ID6_F6_m6f6_P6_Y7_UO5624,ID6_F6_m6f6_P6_Y7_UO542,FXX,1,0.0,1,0,1.0,0,0,0,-9999.0,0.87109375,1,P5_CV0,1,2,0,0,2
6,43.987,-122.244,ID6_F6_m6f6_P6_Y9_UO2998,ID6_F6_m6f6_P6_Y7_UO5624,ID6_F6_m6f6_P6_Y7_UO542,MXY,1,0.0,1,0,0.0,0,0,0,-9999.0,0.87109375,1,P5_CV0,1,2,0,0,2
6,43.987,-122.244,ID6_F6_m6f6_P6_Y9_UO3000,ID6_F6_m6f6_P6_Y7_UO5624,ID6_F6_m6f6_P6_Y7_UO542,MXY,1,0.0,1,0,0.0,0,0,0,-9999.0,0.87109375,1,P5_CV0,1,2,0,1,1
6,43.987,-122.244,ID6_F6_m6f6_P6_Y9_UO3244,ID6_F6_m6f6_P6_Y7_UO449,ID6_F6_m6f6_P6_Y8_UO4133,MXY,1,0.0,1,0,0.0,0,0,0,-9999.0,0.85546875,1,P5_CV0,1,2,0,1,1
6,43.987,-122.244,ID6_F6_m6f6_P6_Y9_UO3254,ID6_F6_m6f6_P6_Y6_UO271,ID6_F6_m6f6_P6_Y8_UO1365,FXX,1,0.0,1,0,1.0,0,0,0,-9999.0,0.853515625,1,P5_CV0,1,2,0,1,1
6,43.987,-122.244,ID6_F6_m6f6_P6_Y9_UO3255,ID6_F6_m6f6_P6_Y6_UO271,ID6_F6_m6f6_P6_Y8_UO1365,MXY,1,0.0,1,0,0.0,0,0,0,-9999.0,0.853515625,1,P5_CV0,1,2,0,0,2
6,43.987,-122.244,ID6_F6_m6f6_P6_Y9_UO3256,ID6_F6_m6f6_P6_Y6_UO271,ID6_F6_m6f6_P6_Y8_UO1365,MXY,1,0.0,1,0,0.0,0,0,0,-9999.0,0.853515625,1,P5_CV0,1,2,0,0,2
6,43.987,-122.244,ID6_F6_m6f6_P6_Y9_UO3507,ID6_F6_m6f6_P6_Y6_UO4452,ID6_F6_m6f6_P6_Y8_UO4461,FXX,1,0.0,1,0,1.0,0,0,0,-9999.0,0.732421875,1,P5_CV0,1,2,0,1,1
6,43.987,-122.244,ID6_F6_m6f6_P6_Y9_UO3510,ID6_F6_m6f6_P6_Y6_UO4452,ID6_F6_m6f6_P6_Y8_UO4461,MXY,1,0.0,1,0,0.0,0,0,0,-9999.0,0.732421875,1,P5_CV0,1,2,0,1,1
6,43.987,-122.244,ID6_F6_m6f6_P6_Y9_UO3511,ID6_F6_m6f6_P6_Y6_UO4452,ID6_F6_m6f6_P6_Y8_UO4461,FXX,1,0.0,1,0,1.0,0,0,0,-9999.0,0.732421875,1,P5_CV0,1,2,0,1,1
6,43.987,-122.244,ID6_F6_m6f6_P6_Y9_UO3513,ID6_F6_m6f6_P6_Y6_UO4452,ID6_F6_m6f6_P6_Y8_UO4461,MXY,1,0.0,1,0,0.0,0,0,0,-9999.0,0.732421875,1,P5_CV0,1,2,0,1,1
6,43.987,-122.244,ID6_F6_m6f6_P6_Y9_UO3687,ID6_F6_m6f6_P6_Y6_UO72,ID6_F6_m6f6_P6_Y8_UO902,MXY,1,0.0,1,0,0.0,0,0,0,-9999.0,0.84765625,1,P5_CV0,1,2,0,1,1
6,43.987,-122.244,ID6_F6_m6f6_P6_Y9_UO3690,ID6_F6_m6f6_P6_Y6_UO72,ID6_F6_m6f6_P6_Y8_UO902,FXX,1,0.0,1,0,1.0,0,0,0,-9999.0,0.84765625,1,P5_CV0,1,2,0,1,1
6,43.987,-122.244,ID6_F6_m6f6_P6_Y9_UO3691,ID6_F6_m6f6_P6_Y6_UO72,ID6_F6_m6f6_P6_Y8_UO902,FXX,1,0.0,1,0,1.0,0,0,0,-9999.0,0.84765625,1,P5_CV0,1,2,0,1,1
6,43.987,-122.244,ID6_F6_m6f6_P6_Y9_UO3692,ID6_F6_m6f6_P6_Y6_UO72,ID6_F6_m6f6_P6_Y8_UO902,MXY,1,0.0,1,0,0.0,0,0,0,-9999.0,0.84765625,1,P5_CV0,1,2,0,1,1
6,43.987,-122.244,ID6_F6_m6f6_P6_Y9_UO3694,ID6_F6_m6f6_P6_Y6_UO72,ID6_F6_m6f6_P6_Y8_UO902,FXX,1,0.0,1,0,1.0,0,0,0,-9999.0,0.84765625,1,P5_CV0,1,2,0,1,1
6,43.987,-122.244,ID6_F6_m6f6_P6_Y9_UO3695,ID6_F6_m6f6_P6_Y6_UO72,ID6_F6_m6f6_P6_Y8_UO902,FXX,1,0.0,1,0,1.0,0,0,0,-9999.0,0.84765625,1,P5_CV0,1,2,0,1,1
6,43.987,-122.244,ID6_F6_m6f6_P6_Y9_UO3780,ID6_F6_m6f6_P6_Y7_UO1968,ID6_F6_m6f6_P6_Y8_UO2722,MXY,1,0.0,1,0,0.0,0,0,0,-9999.0,0.81640625,1,P5_CV0,1,2,0,1,1
6,43.987,-122.244,ID6_F6_m6f6_P6_Y9_UO3781,ID6_F6_m6f6_P6_Y7_UO1968,ID6_F6_m6f6_P6_Y8_UO2722,FXX,1,0.0,1,0,1.0,0,0,0,-9999.0,0.81640625,1,P5_CV0,1,2,0,1,1
6,43.987,-122.244,ID6_F6_m6f6_P6_Y9_UO3983,ID6_F6_m6f6_P6_Y7_UO537,ID6_F6_m6f6_P6_Y8_UO73,FXX,1,0.0,1,0,1.0,0,0,0,-9999.0,0.89453125,1,P5_CV0,1,2,0,0,2
6,43.987,-122.244,ID6_F6_m6f6_P6_Y9_UO3986,ID6_F6_m6f6_P6_Y7_UO537,ID6_F6_m6f6_P6_Y8_UO73,FXX,1,0.0,1,0,1.0,0,0,0,-9999.0,0.89453125,1,P5_CV0,1,2,0,2,0
6,43.987,-122.244,ID6_F6_m6f6_P6_Y9_UO3989,ID6_F6_m6f6_P6_Y7_UO537,ID6_F6_m6f6_P6_Y8_UO73,MXY,1,0.0,1,0,0.0,0,0,0,-9999.0,0.89453125,1,P5_CV0,1,2,0,2,0
6,43.987,-122.244,ID6_F6_m6f6_P6_Y9_UO4352,ID6_F6_m6f6_P6_Y7_UO1968,ID6_F6_m6f6_P6_Y8_UO4578,FXX,1,0.0,1,0,1.0,0,0,0,-9999.0,0.80078125,1,P5_CV0,1,2,0,2,0
6,43.987,-122.244,ID6_F6_m6f6_P6_Y9_UO4353,ID6_F6_m6f6_P6_Y7_UO1968,ID6_F6_m6f6_P6_Y8_UO4578,MXY,1,0.0,1,0,0.0,0,0,0,-9999.0,0.80078125,1,P5_CV0,1,2,0,2,0
6,43.987,-122.244,ID6_F6_m6f6_P6_Y9_UO4354,ID6_F6_m6f6_P6_Y7_UO1968,ID6_F6_m6f6_P6_Y8_UO4578,FXX,1,0.0,1,0,1.0,0,0,0,-9999.0,0.80078125,1,P5_CV0,1,2,0,2,0
6,43.987,-122.244,ID6_F6_m6f6_P6_Y9_UO4355,ID6_F6_m6f6_P6_Y7_UO1968,ID6_F6_m6f6_P6_Y8_UO4578,FXX,1,0.0,1,0,1.0,0,0,0,-9999.0,0.80078125,1,P5_CV0,1,2,0,2,0
6,43.987,-122.244,ID6_F6_m6f6_P6_Y9_UO4645,ID6_F6_m6f6_P6_Y7_UO4922,ID6_F6_m6f6_P6_Y8_UO322,MXY,1,0.0,1,0,0.0,0,0,0,-9999.0,0.919921875,1,P5_CV0,1,2,0,1,1
6,43.987,-122.244,ID6_F6_m6f6_P6_Y9_UO4647,ID6_F6_m6f6_P6_Y7_UO4922,ID6_F6_m6f6_P6_Y8_UO322,FXX,1,0.0,1,0,1.0,0,0,0,-9999.0,0.919921875,1,P5_CV0,1,2,0,2,0
6,43.987,-122.244,ID6_F6_m6f6_P6_Y9_UO4648,ID6_F6_m6f6_P6_Y7_UO4922,ID6_F6_m6f6_P6_Y8_UO322,MXY,1,0.0,1,0,0.0,0,0,0,-9999.0,0.919921875,1,P5_CV0,1,2,0,2,0
6,43.987,-122.244,ID6_F6_m6f6_P6_Y9_UO4650,ID6_F6_m6f6_P6_Y7_UO4922,ID6_F6_m6f6_P6_Y8_UO322,MXY,1,0.0,1,0,0.0,0,0,0,-9999.0,0.919921875,1,P5_CV0,1,2,0,2,0
6,43.987,-122.244,ID6_F6_m6f6_P6_Y9_UO4799,ID6_F6_m6f6_P6_Y7_UO4201,ID6_F6_m6f6_P6_Y8_UO7112,FXX,1,0.0,1,0,1.0,0,0,0,-9999.0,0.791015625,1,P5_CV0,1,2,0,1,1
6,43.987,-122.244,ID6_F6_m6f6_P6_Y9_UO4800,ID6_F6_m6f6_P6_Y7_UO4201,ID6_F6_m6f6_P6_Y8_UO7112,FXX,1,0.0,1,0,1.0,0,0,0,-9999.0,0.791015625,1,P5_CV0,1,2,0,1,1
6,43.987,-122.244,ID6_F6_m6f6_P6_Y9_UO4801,ID6_F6_m6f6_P6_Y7_UO4201,ID6_F6_m6f6_P6_Y8_UO7112,MXY,1,0.0,1,0,0.0,0,0,0,-9999.0,0.791015625,1,P5_CV0,1,2,0,1,1
6,43.987,-122.244,ID6_F6_m6f6_P6_Y9_UO4802,ID6_F6_m6f6_P6_Y7_UO4201,ID6_F6_m6f6_P6_Y8_UO7112,FXX,1,0.0,1,0,1.0,0,0,0,-9999.0,0.791015625,1,P5_CV0,1,2,0,1,1
6,43.987,-122.244,ID6_F6_m6f6_P6_Y9_UO4958,ID6_F6_m6f6_P6_Y7_UO449,ID6_F6_m6f6_P6_Y7_UO299,MXY,1,0.0,1,0,0.0,0,0,0,-9999.0,0.84375,1,P5_CV0,1,2,0,1,1
6,43.987,-122.244,ID6_F6_m6f6_P6_Y9_UO4960,ID6_F6_m6f6_P6_Y7_UO449,ID6_F6_m6f6_P6_Y7_UO299,FXX,1,0.0,1,0,1.0,0,0,0,-9999.0,0.84375,1,P5_CV0,1,2,0,1,1
6,43.987,-122.244,ID6_F6_m6f6_P6_Y9_UO5048,ID6_F6_m6f6_P6_Y6_UO764,ID6_F6_m6f6_P6_Y8_UO6518,FXX,1,0.0,1,0,1.0,0,0,0,-9999.0,0.771484375,1,P5_CV0,1,2,0,1,1
6,43.987,-122.244,ID6_F6_m6f6_P6_Y9_UO5049,ID6_F6_m6f6_P6_Y6_UO764,ID6_F6_m6f6_P6_Y8_UO6518,MXY,1,0.0,1,0,0.0,0,0,0,-9999.0,0.771484375,1,P5_CV0,1,2,0,1,1
6,43.987,-122.244,ID6_F6_m6f6_P6_Y9_UO5050,ID6_F6_m6f6_P6_Y6_UO764,ID6_F6_m6f6_P6_Y8_UO6518,FXX,1,0.0,1,0,1.0,0,0,0,-9999.0,0.771484375,1,P5_CV0,1,2,0,1,1
6,43.987,-122.244,ID6_F6_m6f6_P6_Y9_UO5054,ID6_F6_m6f6_P6_Y6_UO764,ID6_F6_m6f6_P6_Y8_UO6518,FXX,1,0.0,1,0,1.0,0,0,0,-9999.0,0.771484375,1,P5_CV0,1,2,0,1,1
6,43.987,-122.244,ID6_F6_m6f6_P6_Y9_UO5056,ID6_F6_m6f6_P6_Y6_UO764,ID6_F6_m6f6_P6_Y8_UO6518,MXY,1,0.0,1,0,0.0,0,0,0,-9999.0,0.771484375,1,P5_CV0,1,2,0,1,1
6,43.987,-122.244,ID6_F6_m6f6_P6_Y9_UO5098,ID6_F6_m6f6_P6_Y6_UO4542,ID6_F6_m6f6_P6_Y8_UO7109,MXY,1,0.0,1,0,0.0,0,0,0,-9999.0,0.775390625,1,P5_CV0,1,2,0,2,0
6,43.987,-122.244,ID6_F6_m6f6_P6_Y9_UO5099,ID6_F6_m6f6_P6_Y6_UO4542,ID6_F6_m6f6_P6_Y8_UO7109,MXY,1,0.0,1,0,0.0,0,0,0,-9999.0,0.775390625,1,P5_CV0,1,2,0,2,0
6,43.987,-122.244,ID6_F6_m6f6_P6_Y9_UO5101,ID6_F6_m6f6_P6_Y6_UO4542,ID6_F6_m6f6_P6_Y8_UO7109,FXX,1,0.0,1,0,1.0,0,0,0,-9999.0,0.775390625,1,P5_CV0,1,2,0,2,0
6,43.987,-122.244,ID6_F6_m6f6_P6_Y9_UO5132,ID6_F6_m6f6_P6_Y7_UO4201,ID6_F6_m6f6_P6_Y7_UO2590,MXY,1,0.0,1,0,0.0,0,0,0,-9999.0,0.859375,1,P5_CV0,1,2,0,1,1
6,43.987,-122.244,ID6_F6_m6f6_P6_Y9_UO5134,ID6_F6_m6f6_P6_Y7_UO4201,ID6_F6_m6f6_P6_Y7_UO2590,FXX,1,0.0,1,0,1.0,0,0,0,-9999.0,0.859375,1,P5_CV0,1,2,0,1,1
6,43.987,-122.244,ID6_F6_m6f6_P6_Y9_UO5135,ID6_F6_m6f6_P6_Y7_UO4201,ID6_F6_m6f6_P6_Y7_UO2590,FXX,1,0.0,1,0,1.0,0,0,0,-9999.0,0.859375,1,P5_CV0,1,2,0,1,1
6,43.987,-122.244,ID6_F6_m6f6_P6_Y9_UO5136,ID6_F6_m6f6_P6_Y7_UO4201,ID6_F6_m6f6_P6_Y7_UO2590,MXY,1,0.0,1,0,0.0,0,0,0,-9999.0,0.859375,1,P5_CV0,1,2,0,1,1
6,43.987,-122.244,ID6_F6_m6f6_P6_Y9_UO5262,ID6_F6_m6f6_P6_Y6_UO1361,ID6_F6_m6f6_P6_Y6_UO6136,MXY,1,0.0,1,0,0.0,0,0,0,-9999.0,0.84375,1,P5_CV0,1,2,0,2,0
6,43.987,-122.244,ID6_F6_m6f6_P6_Y9_UO5263,ID6_F6_m6f6_P6_Y6_UO1361,ID6_F6_m6f6_P6_Y6_UO6136,FXX,1,0.0,1,0,1.0,0,0,0,-9999.0,0.84375,1,P5_CV0,1,2,0,1,1
6,43.987,-122.244,ID6_F6_m6f6_P6_Y9_UO5265,ID6_F6_m6f6_P6_Y6_UO1361,ID6_F6_m6f6_P6_Y6_UO6136,FXX,1,0.0,1,0,1.0,0,0,0,-9999.0,0.84375,1,P5_CV0,1,2,0,2,0
6,43.987,-122.244,ID6_F6_m6f6_P6_Y9_UO5266,ID6_F6_m6f6_P6_Y6_UO1361,ID6_F6_m6f6_P6_Y6_UO6136,FXX,1,0.0,1,0,1.0,0,0,0,-9999.0,0.84375,1,P5_CV0,1,2,0,1,1
6,43.987,-122.244,ID6_F6_m6f6_P6_Y9_UO5268,ID6_F6_m6f6_P6_Y6_UO1361,ID6_F6_m6f6_P6_Y6_UO6136,FXX,1,0.0,1,0,1.0,0,0,0,-9999.0,0.84375,1,P5_CV0,1,2,0,2,0
6,43.987,-122.244,ID6_F6_m6f6_P6_Y9_UO5294,ID6_F6_m6f6_P6_Y7_UO548,ID6_F6_m6f6_P6_Y8_UO5146,MXY,1,0.0,1,0,0.0,0,0,0,-9999.0,0.826171875,1,P5_CV0,1,2,0,1,1
6,43.987,-122.244,ID6_F6_m6f6_P6_Y9_UO5296,ID6_F6_m6f6_P6_Y7_UO548,ID6_F6_m6f6_P6_Y8_UO5146,MXY,1,0.0,1,0,0.0,0,0,0,-9999.0,0.826171875,1,P5_CV0,1,2,0,1,1
6,43.987,-122.244,ID6_F6_m6f6_P6_Y9_UO5298,ID6_F6_m6f6_P6_Y7_UO548,ID6_F6_m6f6_P6_Y8_UO5146,MXY,1,0.0,1,0,0.0,0,0,0,-9999.0,0.826171875,1,P5_CV0,1,2,0,1,1
6,43.987,-122.244,ID6_F6_m6f6_P6_Y9_UO5299,ID6_F6_m6f6_P6_Y7_UO548,ID6_F6_m6f6_P6_Y8_UO5146,MXY,1,0.0,1,0,0.0,0,0,0,-9999.0,0.826171875,1,P5_CV0,1,2,0,1,1
6,43.987,-122.244,ID6_F6_m6f6_P6_Y9_UO5493,ID6_F6_m6f6_P6_Y7_UO1968,ID6_F6_m6f6_P6_Y8_UO2723,FXX,1,0.0,1,0,1.0,0,0,0,-9999.0,0.81640625,1,P5_CV0,1,2,0,1,1
6,43.987,-122.244,ID6_F6_m6f6_P6_Y9_UO5496,ID6_F6_m6f6_P6_Y7_UO1968,ID6_F6_m6f6_P6_Y8_UO2723,MXY,1,0.0,1,0,0.0,0,0,0,-9999.0,0.81640625,1,P5_CV0,1,2,0,1,1
6,43.987,-122.244,ID6_F6_m6f6_P6_Y9_UO5497,ID6_F6_m6f6_P6_Y7_UO1968,ID6_F6_m6f6_P6_Y8_UO2723,MXY,1,0.0,1,0,0.0,0,0,0,-9999.0,0.81640625,1,P5_CV0,1,2,0,1,1
6,43.987,-122.244,ID6_F6_m6f6_P6_Y9_UO5513,ID6_F6_m6f6_P6_Y6_UO5666,ID6_F6_m6f6_P6_Y8_UO73,MXY,1,0.0,1,0,0.0,0,0,0,-9999.0,0.8515625,1,P5_CV0,1,2,0,2,0
6,43.987,-122.244,ID6_F6_m6f6_P6_Y9_UO5514,ID6_F6_m6f6_P6_Y6_UO5666,ID6_F6_m6f6_P6_Y8_UO73,MXY,1,0.0,1,0,0.0,0,0,0,-9999.0,0.8515625,1,P5_CV0,1,2,0,1,1
6,43.987,-122.244,ID6_F6_m6f6_P6_Y9_UO5565,ID6_F6_m6f6_P6_Y5_UO868,ID6_F6_m6f6_P6_Y8_UO3127,MXY,1,0.0,1,0,0.0,0,0,0,-9999.0,0.865234375,1,P5_CV0,1,2,0,0,2
6,43.987,-122.244,ID6_F6_m6f6_P6_Y9_UO5566,ID6_F6_m6f6_P6_Y5_UO868,ID6_F6_m6f6_P6_Y8_UO3127,MXY,1,0.0,1,0,0.0,0,0,0,-9999.0,0.865234375,1,P5_CV0,1,2,0,0,2
6,43.987,-122.244,ID6_F6_m6f6_P6_Y9_UO5568,ID6_F6_m6f6_P6_Y5_UO868,ID6_F6_m6f6_P6_Y8_UO3127,FXX,1,0.0,1,0,1.0,0,0,0,-9999.0,0.865234375,1,P5_CV0,1,2,0,0,2
6,43.987,-122.244,ID6_F6_m6f6_P6_Y9_UO5569,ID6_F6_m6f6_P6_Y5_UO868,ID6_F6_m6f6_P6_Y8_UO3127,MXY,1,0.0,1,0,0.0,0,0,0,-9999.0,0.865234375,1,P5_CV0,1,2,0,0,2
6,43.987,-122.244,ID6_F6_m6f6_P6_Y9_UO5570,ID6_F6_m6f6_P6_Y5_UO868,ID6_F6_m6f6_P6_Y8_UO3127,MXY,1,0.0,1,0,0.0,0,0,0,-9999.0,0.865234375,1,P5_CV0,1,2,0,0,2
6,43.987,-122.244,ID6_F6_m6f6_P6_Y9_UO5572,ID6_F6_m6f6_P6_Y5_UO868,ID6_F6_m6f6_P6_Y8_UO3127,FXX,1,0.0,1,0,1.0,0,0,0,-9999.0,0.865234375,1,P5_CV0,1,2,0,0,2
6,43.987,-122.244,ID6_F6_m6f6_P6_Y9_UO5573,ID6_F6_m6f6_P6_Y5_UO868,ID6_F6_m6f6_P6_Y8_UO3127,FXX,1,0.0,1,0,1.0,0,0,0,-9999.0,0.865234375,1,P5_CV0,1,2,0,0,2
6,43.987,-122.244,ID6_F6_m6f6_P6_Y9_UO5574,ID6_F6_m6f6_P6_Y5_UO868,ID6_F6_m6f6_P6_Y8_UO3127,FXX,1,0.0,1,0,1.0,0,0,0,-9999.0,0.865234375,1,P5_CV0,1,2,0,0,2
6,43.987,-122.244,ID6_F6_m6f6_P6_Y9_UO5601,ID6_F6_m6f6_P6_Y6_UO7291,ID6_F6_m6f6_P6_Y8_UO1426,MXY,1,0.0,1,0,0.0,0,0,0,-9999.0,0.873046875,1,P5_CV0,1,2,0,2,0
6,43.987,-122.244,ID6_F6_m6f6_P6_Y9_UO5602,ID6_F6_m6f6_P6_Y6_UO7291,ID6_F6_m6f6_P6_Y8_UO1426,FXX,1,0.0,1,0,1.0,0,0,0,-9999.0,0.873046875,1,P5_CV0,1,2,0,1,1
6,43.987,-122.244,ID6_F6_m6f6_P6_Y9_UO5604,ID6_F6_m6f6_P6_Y6_UO7291,ID6_F6_m6f6_P6_Y8_UO1426,FXX,1,0.0,1,0,1.0,0,0,0,-9999.0,0.873046875,1,P5_CV0,1,2,0,2,0
6,43.987,-122.244,ID6_F6_m6f6_P6_Y9_UO5608,ID6_F6_m6f6_P6_Y6_UO7291,ID6_F6_m6f6_P6_Y8_UO1426,MXY,1,0.0,1,0,0.0,0,0,0,-9999.0,0.873046875,1,P5_CV0,1,2,0,2,0
6,43.987,-122.244,ID6_F6_m6f6_P6_Y9_UO5609,ID6_F6_m6f6_P6_Y6_UO7291,ID6_F6_m6f6_P6_Y8_UO1426,FXX,1,0.0,1,0,1.0,0,0,0,-9999.0,0.873046875,1,P5_CV0,1,2,0,2,0
6,43.987,-122.244,ID6_F6_m6f6_P6_Y9_UO5619,ID6_F6_m6f6_P6_Y6_UO5857,ID6_F6_m6f6_P6_Y8_UO1824,FXX,1,0.0,1,0,1.0,0,0,0,-9999.0,0.72265625,1,P5_CV0,1,2,0,0,2
6,43.987,-122.244,ID6_F6_m6f6_P6_Y9_UO5620,ID6_F6_m6f6_P6_Y6_UO5857,ID6_F6_m6f6_P6_Y8_UO1824,FXX,1,0.0,1,0,1.0,0,0,0,-9999.0,0.72265625,1,P5_CV0,1,2,0,1,1
6,43.987,-122.244,ID6_F6_m6f6_P6_Y9_UO5623,ID6_F6_m6f6_P6_Y6_UO5857,ID6_F6_m6f6_P6_Y8_UO1824,FXX,1,0.0,1,0,1.0,0,0,0,-9999.0,0.72265625,1,P5_CV0,1,2,0,1,1
6,43.987,-122.244,ID6_F6_m6f6_P6_Y9_UO5626,ID6_F6_m6f6_P6_Y6_UO5857,ID6_F6_m6f6_P6_Y8_UO1824,FXX,1,0.0,1,0,1.0,0,0,0,-9999.0,0.72265625,1,P5_CV0,1,2,0,1,1
6,43.987,-122.244,ID6_F6_m6f6_P6_Y9_UO5627,ID6_F6_m6f6_P6_Y6_UO5857,ID6_F6_m6f6_P6_Y8_UO1824,FXX,1,0.0,1,0,1.0,0,0,0,-9999.0,0.72265625,1,P5_CV0,1,2,0,1,1
6,43.987,-122.244,ID6_F6_m6f6_P6_Y9_UO5919,ID6_F6_m6f6_P6_Y5_UO3426,ID6_F6_m6f6_P6_Y8_UO900,FXX,1,0.0,1,0,1.0,0,0,0,-9999.0,0.89453125,1,P5_CV0,1,2,0,2,0
6,43.987,-122.244,ID6_F6_m6f6_P6_Y9_UO5920,ID6_F6_m6f6_P6_Y5_UO3426,ID6_F6_m6f6_P6_Y8_UO900,MXY,1,0.0,1,0,0.0,0,0,0,-9999.0,0.89453125,1,P5_CV0,1,2,0,2,0
6,43.987,-122.244,ID6_F6_m6f6_P6_Y9_UO5922,ID6_F6_m6f6_P6_Y5_UO3426,ID6_F6_m6f6_P6_Y8_UO900,FXX,1,0.0,1,0,1.0,0,0,0,-9999.0,0.89453125,1,P5_CV0,1,2,0,2,0
6,43.987,-122.244,ID6_F6_m6f6_P6_Y9_UO5923,ID6_F6_m6f6_P6_Y5_UO3426,ID6_F6_m6f6_P6_Y8_UO900,FXX,1,0.0,1,0,1.0,0,0,0,-9999.0,0.89453125,1,P5_CV0,1,2,0,2,0
6,43.987,-122.244,ID6_F6_m6f6_P6_Y9_UO5924,ID6_F6_m6f6_P6_Y5_UO3426,ID6_F6_m6f6_P6_Y8_UO900,MXY,1,0.0,1,0,0.0,0,0,0,-9999.0,0.89453125,1,P5_CV0,1,2,0,2,0
6,43.987,-122.244,ID6_F6_m6f6_P6_Y9_UO5925,ID6_F6_m6f6_P6_Y5_UO3426,ID6_F6_m6f6_P6_Y8_UO900,FXX,1,0.0,1,0,1.0,0,0,0,-9999.0,0.89453125,1,P5_CV0,1,2,0,2,0
6,43.987,-122.244,ID6_F6_m6f6_P6_Y9_UO5926,ID6_F6_m6f6_P6_Y5_UO3426,ID6_F6_m6f6_P6_Y8_UO900,FXX,1,0.0,1,0,1.0,0,0,0,-9999.0,0.89453125,1,P5_CV0,1,2,0,2,0
6,43.987,-122.244,ID6_F6_m6f6_P6_Y9_UO5927,ID6_F6_m6f6_P6_Y5_UO3426,ID6_F6_m6f6_P6_Y8_UO900,MXY,1,0.0,1,0,0.0,0,0,0,-9999.0,0.89453125,1,P5_CV0,1,2,0,2,0
6,43.987,-122.244,ID6_F6_m6f6_P6_Y9_UO5956,ID6_F6_m6f6_P6_Y7_UO4445,ID6_F6_m6f6_P6_Y8_UO72,FXX,1,0.0,1,0,1.0,0,0,0,-9999.0,0.84765625,1,P5_CV0,1,2,0,1,1
6,43.987,-122.244,ID6_F6_m6f6_P6_Y9_UO5957,ID6_F6_m6f6_P6_Y7_UO4445,ID6_F6_m6f6_P6_Y8_UO72,FXX,1,0.0,1,0,1.0,0,0,0,-9999.0,0.84765625,1,P5_CV0,1,2,0,1,1
6,43.987,-122.244,ID6_F6_m6f6_P6_Y9_UO5958,ID6_F6_m6f6_P6_Y7_UO4445,ID6_F6_m6f6_P6_Y8_UO72,MXY,1,0.0,1,0,0.0,0,0,0,-9999.0,0.84765625,1,P5_CV0,1,2,0,0,2
6,43.987,-122.244,ID6_F6_m6f6_P6_Y9_UO5961,ID6_F6_m6f6_P6_Y7_UO4445,ID6_F6_m6f6_P6_Y8_UO72,FXX,1,0.0,1,0,1.0,0,0,0,-9999.0,0.84765625,1,P5_CV0,1,2,0,2,0
6,43.987,-122.244,ID6_F6_m6f6_P6_Y9_UO6080,ID6_F6_m6f6_P6_Y6_UO271,ID6_F6_m6f6_P6_Y7_UO5431,FXX,1,0.0,1,0,1.0,0,0,0,-9999.0,0.8125,1,P5_CV0,1,2,0,0,2
6,43.987,-122.244,ID6_F6_m6f6_P6_Y8_UO3862,ID6_F6_m6f6_P6_Y6_UO7461,ID6_F6_m6f6_P6_Y7_UO3341,FXX,2,0.0,1,0,1.0,0,0,0,-9999.0,0.8671875,1,P5_CV0,1,2,0,1,1
6,43.987,-122.244,ID6_F6_m6f6_P6_Y8_UO1960,ID6_F6_m6f6_P6_Y5_UO2162,ID6_F6_m6f6_P6_Y4_UO2947,MXY,2,0.0,1,0,0.0,0,0,0,-9999.0,0.90625,1,P5_CV0,1,2,0,2,0
6,43.987,-122.244,ID6_F6_m6f6_P6_Y8_UO5022,ID6_F6_m6f6_P6_Y5_UO868,ID6_F6_m6f6_P6_Y7_UO4030,FXX,2,0.0,1,0,1.0,0,0,0,-9999.0,0.90234375,1,P5_CV0,1,2,0,1,1
6,43.987,-122.244,ID6_F6_m6f6_P6_Y8_UO900,ID6_F6_m6f6_P6_Y5_UO4075,ID6_F6_m6f6_P6_Y7_UO1992,MXY,2,0.0,1,0,0.0,0,0,0,-9999.0,0.8203125,1,P5_CV0,1,2,0,2,0
6,43.987,-122.244,ID6_F6_m6f6_P6_Y8_UO3643,ID6_F6_m6f6_P6_Y5_UO627,ID6_F6_m6f6_P6_Y6_UO59,MXY,2,0.0,1,0,0.0,0,0,0,-9999.0,0.7890625,1,P5_CV0,1,2,0,0,2
6,43.987,-122.244,ID6_F6_m6f6_P6_Y8_UO4133,ID6_F6_m6f6_P6_Y6_UO1357,ID6_F6_m6f6_P6_Y7_UO4121,MXY,2,0.0,1,0,0.0,0,0,0,-9999.0,0.8828125,1,P5_CV0,1,2,0,1,1
6,43.987,-122.244,ID6_F6_m6f6_P6_Y8_UO1828,ID6_F6_m6f6_P6_Y6_UO1009,ID6_F6_m6f6_P6_Y6_UO5854,FXX,2,0.0,1,0,1.0,0,0,0,-9999.0,0.7890625,1,P5_CV0,1,2,0,1,1
6,43.987,-122.244,ID6_F6_m6f6_P6_Y8_UO2394,ID6_F6_m6f6_P6_Y5_UO3383,ID6_F6_m6f6_P6_Y7_UO2306,FXX,2,0.0,1,0,1.0,0,0,0,-9999.0,0.8515625,1,P5_CV0,1,2,0,1,1
6,43.987,-122.244,ID6_F6_m6f6_P6_Y8_UO7352,ID6_F6_m6f6_P6_Y6_UO2592,ID6_F6_m6f6_P6_Y6_UO7289,MXY,2,0.0,1,0,0.0,0,0,0,-9999.0,0.9609375,1,P5_CV0,1,2,0,1,1
6,43.987,-122.244,ID6_F6_m6f6_P6_Y8_UO4134,ID6_F6_m6f6_P6_Y6_UO1357,ID6_F6_m6f6_P6_Y7_UO4121,FXX,2,0.0,1,0,1.0,0,0,0,-9999.0,0.8828125,1,P5_CV0,1,2,0,1,1
6,43.987,-122.244,ID6_F6_m6f6_P6_Y8_UO1161,ID6_F6_m6f6_P6_Y5_UO5332,ID6_F6_m6f6_P6_Y6_UO4950,FXX,2,0.0,1,0,1.0,0,0,0,-9999.0,0.859375,1,P5_CV0,1,2,0,1,1
6,43.987,-122.244,ID6_F6_m6f6_P6_Y8_UO2837,ID6_F6_m6f6_P6_Y5_UO1257,ID6_F6_m6f6_P6_Y6_UO1360,FXX,2,0.0,1,0,1.0,0,0,0,-9999.0,0.890625,1,P5_CV0,1,2,0,2,0
6,43.987,-122.244,ID6_F6_m6f6_P6_Y8_UO7277,ID6_F6_m6f6_P6_Y6_UO4920,ID6_F6_m6f6_P6_Y7_UO4491,MXY,2,0.0,1,0,0.0,0,0,0,-9999.0,0.8359375,1,P5_CV0,1,2,0,1,1
6,43.987,-122.244,ID6_F6_m6f6_P6_Y8_UO70,ID6_F6_m6f6_P6_Y6_UO4901,ID6_F6_m6f6_P6_Y5_UO4227,MXY,2,0.0,1,0,0.0,0,0,0,-9999.0,0.921875,1,P5_CV0,1,2,0,1,1
6,43.987,-122.244,ID6_F6_m6f6_P6_Y8_UO2391,ID6_F6_m6f6_P6_Y5_UO3383,ID6_F6_m6f6_P6_Y7_UO2306,MXY,2,0.0,1,0,0.0,0,0,0,-9999.0,0.8515625,1,P5_CV0,1,2,0,1,1
6,43.987,-122.244,ID6_F6_m6f6_P6_Y8_UO5212,ID6_F6_m6f6_P6_Y6_UO3191,ID6_F6_m6f6_P6_Y5_UO872,MXY,2,0.0,1,0,0.0,0,0,0,-9999.0,0.80859375,1,P5_CV0,1,2,0,0,2
6,43.987,-122.244,ID6_F6_m6f6_P6_Y8_UO6519,ID6_F6_m6f6_P6_Y6_UO3191,ID6_F6_m6f6_P6_Y7_UO1996,FXX,2,0.0,1,0,1.0,0,0,0,-9999.0,0.79296875,1,P5_CV0,1,2,0,2,0
6,43.987,-122.244,ID6_F6_m6f6_P6_Y8_UO5526,ID6_F6_m6f6_P6_Y5_UO5332,ID6_F6_m6f6_P6_Y7_UO2598,FXX,2,0.0,1,0,1.0,0,0,0,-9999.0,0.90625,1,P5_CV0,1,2,0,2,0
6,43.987,-122.244,ID6_F6_m6f6_P6_Y8_UO7272,ID6_F6_m6f6_P6_Y6_UO4920,ID6_F6_m6f6_P6_Y7_UO4491,FXX,2,0.0,1,0,1.0,0,0,0,-9999.0,0.8359375,1,P5_CV0,1,2,0,0,2
6,43.987,-122.244,ID6_F6_m6f6_P6_Y8_UO7247,ID6_F6_m6f6_P6_Y6_UO5857,ID6_F6_m6f6_P6_Y3_UO1008,MXY,2,0.0,1,0,0.0,0,0,0,-9999.0,0.671875,1,P5_CV0,1,2,0,2,0
6,43.987,-122.244,ID6_F6_m6f6_P6_Y8_UO1986,ID6_F6_m6f6_P6_Y6_UO4451,ID6_F6_m6f6_P6_Y7_UO5433,FXX,2,0.0,1,0,1.0,0,0,0,-9999.0,0.78125,1,P5_CV0,1,2,0,1,1
6,43.987,-122.244,ID6_F6_m6f6_P6_Y8_UO4462,ID6_F6_m6f6_P6_Y6_UO14,ID6_F6_m6f6_P6_Y7_UO1042,FXX,2,0.0,1,0,1.0,0,0,0,-9999.0,0.65234375,1,P5_CV0,1,2,0,1,1
6,43.987,-122.244,ID6_F6_m6f6_P6_Y8_UO7108,ID6_F6_m6f6_P6_Y6_UO4542,ID6_F6_m6f6_P6_Y7_UO3681,MXY,2,0.0,1,0,0.0,0,0,0,-9999.0,0.76953125,1,P5_CV0,1,2,0,2,0
6,43.987,-122.244,ID6_F6_m6f6_P6_Y8_UO1832,ID6_F6_m6f6_P6_Y6_UO1009,ID6_F6_m6f6_P6_Y6_UO5854,FXX,2,0.0,1,0,1.0,0,0,0,-9999.0,0.7890625,1,P5_CV0,1,2,0,1,1
6,43.987,-122.244,ID6_F6_m6f6_P6_Y8_UO1634,ID6_F6_m6f6_P6_Y6_UO271,ID6_F6_m6f6_P6_Y7_UO1609,MXY,2,0.0,1,0,0.0,0,0,0,-9999.0,0.80859375,1,P5_CV0,1,2,0,0,2
6,43.987,-122.244,ID6_F6_m6f6_P6_Y8_UO4831,ID6_F6_m6f6_P6_Y5_UO1257,ID6_F6_m6f6_P6_Y7_UO5425,FXX,2,0.0,1,0,1.0,0,0,0,-9999.0,0.90625,1,P5_CV0,1,2,0,2,0
6,43.987,-122.244,ID6_F6_m6f6_P6_Y8_UO7252,ID6_F6_m6f6_P6_Y6_UO5857,ID6_F6_m6f6_P6_Y3_UO1008,MXY,2,0.0,1,0,0.0,0,0,0,-9999.0,0.671875,1,P5_CV0,1,2,0,2,0
6,43.987,-122.244,ID6_F6_m6f6_P6_Y8_UO6334,ID6_F6_m6f6_P6_Y6_UO4713,ID6_F6_m6f6_P6_Y7_UO2641,MXY,2,0.0,1,0,0.0,0,0,0,-9999.0,0.796875,1,P5_CV0,1,2,0,1,1
6,43.987,-122.244,ID6_F6_m6f6_P6_Y8_UO7297,ID6_F6_m6f6_P6_Y6_UO1978,ID6_F6_m6f6_P6_Y7_UO5431,FXX,2,0.0,1,0,1.0,0,0,0,-9999.0,0.8203125,1,P5_CV0,1,2,0,0,2
6,43.987,-122.244,ID6_F6_m6f6_P6_Y8_UO3852,ID6_F6_m6f6_P6_Y6_UO7461,ID6_F6_m6f6_P6_Y7_UO3341,MXY,2,0.0,1,0,0.0,0,0,0,-9999.0,0.8671875,1,P5_CV0,1,2,0,1,1
6,43.987,-122.244,ID6_F6_m6f6_P6_Y8_UO7351,ID6_F6_m6f6_P6_Y6_UO2592,ID6_F6_m6f6_P6_Y6_UO7289,FXX,2,0.0,1,0,1.0,0,0,0,-9999.0,0.9609375,1,P5_CV0,1,2,0,0,2
6,43.987,-122.244,ID6_F6_m6f6_P6_Y8_UO6392,ID6_F6_m6f6_P6_Y6_UO7291,ID6_F6_m6f6_P6_Y7_UO1879,MXY,2,0.0,1,0,0.0,0,0,0,-9999.0,0.90234375,1,P5_CV0,1,2,0,2,0
6,43.987,-122.244,ID6_F6_m6f6_P6_Y8_UO3127,ID6_F6_m6f6_P6_Y6_UO30,ID6_F6_m6f6_P6_Y7_UO4023,MXY,2,0.0,1,0,0.0,0,0,0,-9999.0,0.88671875,1,P5_CV0,1,2,0,0,2
6,43.987,-122.244,ID6_F6_m6f6_P6_Y8_UO7301,ID6_F6_m6f6_P6_Y6_UO1978,ID6_F6_m6f6_P6_Y7_UO5431,MXY,2,0.0,1,0,0.0,0,0,0,-9999.0,0.8203125,1,P5_CV0,1,2,0,1,1
6,43.987,-122.244,ID6_F6_m6f6_P6_Y8_UO71,ID6_F6_m6f6_P6_Y6_UO4901,ID6_F6_m6f6_P6_Y5_UO4227,MXY,2,0.0,1,0,0.0,0,0,0,-9999.0,0.921875,1,P5_CV0,1,2,0,1,1
6,43.987,-122.244,ID6_F6_m6f6_P6_Y8_UO4578,ID6_F6_m6f6_P6_Y6_UO4578,ID6_F6_m6f6_P6_Y7_UO4121,MXY,2,0.0,1,0,0.0,0,0,0,-9999.0,0.8125,1,P5_CV0,1,2,0,2,0
6,43.987,-122.244,ID6_F6_m6f6_P6_Y8_UO7246,ID6_F6_m6f6_P6_Y6_UO5857,ID6_F6_m6f6_P6_Y3_UO1008,FXX,2,0.0,1,0,1.0,0,0,0,-9999.0,0.671875,1,P5_CV0,1,2,0,1,1
6,43.987,-122.244,ID6_F6_m6f6_P6_Y8_UO1402,ID6_F6_m6f6_P6_Y5_UO864,ID6_F6_m6f6_P6_Y7_UO1046,MXY,2,0.0,1,0,0.0,0,0,0,-9999.0,0.77734375,1,P5_CV0,1,2,0,1,1
6,43.987,-122.244,ID6_F6_m6f6_P6_Y8_UO5205,ID6_F6_m6f6_P6_Y6_UO4948,ID6_F6_m6f6_P6_Y7_UO3686,FXX,2,0.0,1,0,1.0,0,0,0,-9999.0,0.78515625,1,P5_CV0,1,2,0,1,1
6,43.987,-122.244,ID6_F6_m6f6_P6_Y8_UO6407,ID6_F6_m6f6_P6_Y6_UO3191,ID6_F6_m6f6_P6_Y7_UO1042,FXX,2,0.0,1,0,1.0,0,0,0,-9999.0,0.7421875,1,P5_CV0,1,2,0,2,0
6,43.987,-122.244,ID6_F6_m6f6_P6_Y8_UO4466,ID6_F6_m6f6_P6_Y6_UO14,ID6_F6_m6f6_P6_Y7_UO1042,MXY,2,0.0,1,0,0.0,0,0,0,-9999.0,0.65234375,1,P5_CV0,1,2,0,2,0
6,43.987,-122.244,ID6_F6_m6f6_P6_Y8_UO1829,ID6_F6_m6f6_P6_Y6_UO1009,ID6_F6_m6f6_P6_Y6_UO5854,FXX,2,0.0,1,0,1.0,0,0,0,-9999.0,0.7890625,1,P5_CV0,1,2,0,0,2
6,43.987,-122.244,ID6_F6_m6f6_P6_Y8_UO3644,ID6_F6_m6f6_P6_Y5_UO627,ID6_F6_m6f6_P6_Y6_UO59,FXX,2,0.0,1,0,1.0,0,0,0,-9999.0,0.7890625,1,P5_CV0,1,2,0,1,1
6,43.987,-122.244,ID6_F6_m6f6_P6_Y8_UO4223,ID6_F6_m6f6_P6_Y6_UO3898,ID6_F6_m6f6_P6_Y7_UO4920,MXY,2,0.0,1,0,0.0,0,0,0,-9999.0,0.875,1,P5_CV0,1,2,0,0,2
6,43.987,-122.244,ID6_F6_m6f6_P6_Y8_UO3700,ID6_F6_m6f6_P6_Y6_UO271,ID6_F6_m6f6_P6_Y5_UO872,FXX,2,0.0,1,0,1.0,0,0,0,-9999.0,0.859375,1,P5_CV0,1,2,0,0,2
6,43.987,-122.244,ID6_F6_m6f6_P6_Y8_UO1981,ID6_F6_m6f6_P6_Y6_UO4451,ID6_F6_m6f6_P6_Y7_UO5433,MXY,2,0.0,1,0,0.0,0,0,0,-9999.0,0.78125,1,P5_CV0,1,2,0,0,2
6,43.987,-122.244,ID6_F6_m6f6_P6_Y8_UO6387,ID6_F6_m6f6_P6_Y6_UO7291,ID6_F6_m6f6_P6_Y7_UO1879,FXX,2,0.0,1,0,1.0,0,0,0,-9999.0,0.90234375,1,P5_CV0,1,2,0,2,0
6,43.987,-122.244,ID6_F6_m6f6_P6_Y8_UO1400,ID6_F6_m6f6_P6_Y5_UO3709,ID6_F6_m6f6_P6_Y7_UO4204,FXX,2,0.0,1,0,1.0,0,0,0,-9999.0,0.8046875,1,P5_CV0,1,2,0,0,2
6,43.987,-122.244,ID6_F6_m6f6_P6_Y8_UO3694,ID6_F6_m6f6_P6_Y6_UO30,ID6_F6_m6f6_P6_Y6_UO1428,FXX,2,0.0,1,0,1.0,0,0,0,-9999.0,0.796875,1,P5_CV0,1,2,0,1,1
6,43.987,-122.244,ID6_F6_m6f6_P6_Y8_UO2721,ID6_F6_m6f6_P6_Y5_UO864,ID6_F6_m6f6_P6_Y6_UO2193,FXX,2,0.0,1,0,1.0,0,0,0,-9999.0,0.84375,1,P5_CV0,1,2,0,0,2
6,43.987,-122.244,ID6_F6_m6f6_P6_Y8_UO7356,ID6_F6_m6f6_P6_Y6_UO2592,ID6_F6_m6f6_P6_Y6_UO7289,MXY,2,0.0,1,0,0.0,0,0,0,-9999.0,0.9609375,1,P5_CV0,1,2,0,0,2
6,43.987,-122.244,ID6_F6_m6f6_P6_Y8_UO3535,ID6_F6_m6f6_P6_Y6_UO1427,ID6_F6_m6f6_P6_Y6_UO5670,FXX,2,0.0,1,0,1.0,0,0,0,-9999.0,0.796875,1,P5_CV0,1,2,0,2,0
6,43.987,-122.244,ID6_F6_m6f6_P6_Y8_UO901,ID6_F6_m6f6_P6_Y5_UO4075,ID6_F6_m6f6_P6_Y7_UO1992,MXY,2,0.0,1,0,0.0,0,0,0,-9999.0,0.8203125,1,P5_CV0,1,2,0,1,1
6,43.987,-122.244,ID6_F6_m6f6_P6_Y8_UO1824,ID6_F6_m6f6_P6_Y6_UO1009,ID6_F6_m6f6_P6_Y6_UO5854,MXY,2,0.0,1,0,0.0,0,0,0,-9999.0,0.7890625,1,P5_CV0,1,2,0,0,2
6,43.987,-122.244,ID6_F6_m6f6_P6_Y8_UO1401,ID6_F6_m6f6_P6_Y5_UO3709,ID6_F6_m6f6_P6_Y7_UO4204,MXY,2,0.0,1,0,0.0,0,0,0,-9999.0,0.8046875,1,P5_CV0,1,2,0,0,2
6,43.987,-122.244,ID6_F6_m6f6_P6_Y8_UO1953,ID6_F6_m6f6_P6_Y6_UO1433,ID6_F6_m6f6_P6_Y7_UO4506,MXY,2,0.0,1,0,0.0,0,0,0,-9999.0,0.765625,1,P5_CV0,1,2,0,1,1
6,43.987,-122.244,ID6_F6_m6f6_P6_Y8_UO4468,ID6_F6_m6f6_P6_Y6_UO14,ID6_F6_m6f6_P6_Y7_UO1042,FXX,2,0.0,1,0,1.0,0,0,0,-9999.0,0.65234375,1,P5_CV0,1,2,0,2,0
6,43.987,-122.244,ID6_F6_m6f6_P6_Y8_UO1635,ID6_F6_m6f6_P6_Y6_UO271,ID6_F6_m6f6_P6_Y7_UO1609,MXY,2,0.0,1,0,0.0,0,0,0,-9999.0,0.80859375,1,P5_CV0,1,2,0,0,2
6,43.987,-122.244,ID6_F6_m6f6_P6_Y8_UO3082,ID6_F6_m6f6_P6_Y4_UO6879,ID6_F6_m6f6_P6_Y6_UO4154,FXX,2,0.0,1,0,1.0,0,0,0,-9999.0,0.875,1,P5_CV0,1,2,0,1,1
6,43.987,-122.244,ID6_F6_m6f6_P6_Y8_UO3853,ID6_F6_m6f6_P6_Y6_UO7461,ID6_F6_m6f6_P6_Y7_UO3341,FXX,2,0.0,1,0,1.0,0,0,0,-9999.0,0.8671875,1,P5_CV0,1,2,0,1,1
6,43.987,-122.244,ID6_F6_m6f6_P6_Y8_UO7119,ID6_F6_m6f6_P6_Y6_UO4542,ID6_F6_m6f6_P6_Y7_UO3681,MXY,2,0.0,1,0,0.0,0,0,0,-9999.0,0.76953125,1,P5_CV0,1,2,0,2,0
6,43.987,-122.244,ID6_F6_m6f6_P6_Y8_UO3204,ID6_F6_m6f6_P6_Y5_UO5272,ID6_F6_m6f6_P6_Y7_UO4203,FXX,2,0.0,1,0,1.0,0,0,0,-9999.0,0.859375,1,P5_CV0,1,2,0,0,2
6,43.987,-122.244,ID6_F6_m6f6_P6_Y8_UO7109,ID6_F6_m6f6_P6_Y6_UO4542,ID6_F6_m6f6_P6_Y7_UO3681,MXY,2,0.0,1,0,0.0,0,0,0,-9999.0,0.76953125,1,P5_CV0,1,2,0,2,0
6,43.987,-122.244,ID6_F6_m6f6_P6_Y8_UO501,ID6_F6_m6f6_P6_Y6_UO4578,ID6_F6_m6f6_P6_Y7_UO4758,FXX,2,0.0,1,0,1.0,0,0,0,-9999.0,0.76953125,1,P5_CV0,1,2,0,2,0
6,43.987,-122.244,ID6_F6_m6f6_P6_Y8_UO4226,ID6_F6_m6f6_P6_Y6_UO3898,ID6_F6_m6f6_P6_Y7_UO4920,FXX,2,0.0,1,0,1.0,0,0,0,-9999.0,0.875,1,P5_CV0,1,2,0,1,1
6,43.987,-122.244,ID6_F6_m6f6_P6_Y8_UO7305,ID6_F6_m6f6_P6_Y6_UO1978,ID6_F6_m6f6_P6_Y7_UO5431,FXX,2,0.0,1,0,1.0,0,0,0,-9999.0,0.8203125,1,P5_CV0,1,2,0,2,0
6,43.987,-122.244,ID6_F6_m6f6_P6_Y8_UO322,ID6_F6_m6f6_P6_Y5_UO3627,ID6_F6_m6f6_P6_Y7_UO4023,MXY,2,0.0,1,0,0.0,0,0,0,-9999.0,0.88671875,1,P5_CV0,1,2,0,1,1
6,43.987,-122.244,ID6_F6_m6f6_P6_Y8_UO567,ID6_F6_m6f6_P6_Y6_UO764,ID6_F6_m6f6_P6_Y7_UO448,MXY,2,0.0,1,0,0.0,0,0,0,-9999.0,0.7890625,1,P5_CV0,1,2,0,0,2
6,43.987,-122.244,ID6_F6_m6f6_P6_Y8_UO1954,ID6_F6_m6f6_P6_Y6_UO1433,ID6_F6_m6f6_P6_Y7_UO4506,FXX,2,0.0,1,0,1.0,0,0,0,-9999.0,0.765625,1,P5_CV0,1,2,0,1,1
6,43.987,-122.244,ID6_F6_m6f6_P6_Y8_UO1945,ID6_F6_m6f6_P6_Y6_UO1433,ID6_F6_m6f6_P6_Y7_UO4506,MXY,2,0.0,1,0,0.0,0,0,0,-9999.0,0.765625,1,P5_CV0,1,2,0,1,1
6,43.987,-122.244,ID6_F6_m6f6_P6_Y8_UO1944,ID6_F6_m6f6_P6_Y6_UO1433,ID6_F6_m6f6_P6_Y7_UO4506,FXX,2,0.0,1,0,1.0,0,0,0,-9999.0,0.765625,1,P5_CV0,1,2,0,1,1
6,43.987,-122.244,ID6_F6_m6f6_P6_Y8_UO4130,ID6_F6_m6f6_P6_Y6_UO1357,ID6_F6_m6f6_P6_Y7_UO4121,MXY,2,0.0,1,0,0.0,0,0,0,-9999.0,0.8828125,1,P5_CV0,1,2,0,1,1
6,43.987,-122.244,ID6_F6_m6f6_P6_Y8_UO524,ID6_F6_m6f6_P6_Y6_UO5071,ID6_F6_m6f6_P6_Y6_UO3706,FXX,2,0.0,1,0,1.0,0,0,0,-9999.0,0.8671875,1,P5_CV0,1,2,0,1,1
6,43.987,-122.244,ID6_F6_m6f6_P6_Y8_UO3129,ID6_F6_m6f6_P6_Y6_UO30,ID6_F6_m6f6_P6_Y7_UO4023,MXY,2,0.0,1,0,0.0,0,0,0,-9999.0,0.88671875,1,P5_CV0,1,2,0,1,1
6,43.987,-122.244,ID6_F6_m6f6_P6_Y8_UO6867,ID6_F6_m6f6_P6_Y5_UO3709,ID6_F6_m6f6_P6_Y6_UO2615,FXX,2,0.0,1,0,1.0,0,0,0,-9999.0,0.7578125,1,P5_CV0,1,2,0,1,1
6,43.987,-122.244,ID6_F6_m6f6_P6_Y8_UO6354,ID6_F6_m6f6_P6_Y6_UO4547,ID6_F6_m6f6_P6_Y7_UO303,FXX,2,0.0,1,0,1.0,0,0,0,-9999.0,0.8203125,1,P5_CV0,1,2,0,1,1
6,43.987,-122.244,ID6_F6_m6f6_P6_Y8_UO1427,ID6_F6_m6f6_P6_Y6_UO764,ID6_F6_m6f6_P6_Y7_UO5659,FXX,2,0.0,1,0,1.0,0,0,0,-9999.0,0.79296875,1,P5_CV0,1,2,0,1,1
6,43.987,-122.244,ID6_F6_m6f6_P6_Y8_UO7302,ID6_F6_m6f6_P6_Y6_UO1978,ID6_F6_m6f6_P6_Y7_UO5431,MXY,2,0.0,1,0,0.0,0,0,0,-9999.0,0.8203125,1,P5_CV0,1,2,0,1,1
6,43.987,-122.244,ID6_F6_m6f6_P6_Y8_UO5024,ID6_F6_m6f6_P6_Y5_UO868,ID6_F6_m6f6_P6_Y7_UO4030,MXY,2,0.0,1,0,0.0,0,0,0,-9999.0,0.90234375,1,P5_CV0,1,2,0,0,2
6,43.987,-122.244,ID6_F6_m6f6_P6_Y8_UO1979,ID6_F6_m6f6_P6_Y6_UO4451,ID6_F6_m6f6_P6_Y7_UO5433,FXX,2,0.0,1,0,1.0,0,0,0,-9999.0,0.78125,1,P5_CV0,1,2,0,1,1
6,43.987,-122.244,ID6_F6_m6f6_P6_Y8_UO7518,ID6_F6_m6f6_P6_Y5_UO1257,ID6_F6_m6f6_P6_Y7_UO5104,FXX,2,0.0,1,0,1.0,0,0,0,-9999.0,0.82421875,1,P5_CV0,1,2,0,2,0
6,43.987,-122.244,ID6_F6_m6f6_P6_Y8_UO5145,ID6_F6_m6f6_P6_Y6_UO3898,ID6_F6_m6f6_P6_Y7_UO4758,FXX,2,0.0,1,0,1.0,0,0,0,-9999.0,0.78515625,1,P5_CV0,1,2,0,2,0
6,43.987,-122.244,ID6_F6_m6f6_P6_Y8_UO7308,ID6_F6_m6f6_P6_Y6_UO1978,ID6_F6_m6f6_P6_Y7_UO5431,FXX,2,0.0,1,0,1.0,0,0,0,-9999.0,0.8203125,1,P5_CV0,1,2,0,1,1
6,43.987,-122.244,ID6_F6_m6f6_P6_Y8_UO74,ID6_F6_m6f6_P6_Y6_UO4901,ID6_F6_m6f6_P6_Y5_UO4227,FXX,2,0.0,1,0,1.0,0,0,0,-9999.0,0.921875,1,P5_CV0,1,2,0,1,1
6,43.987,-122.244,ID6_F6_m6f6_P6_Y8_UO7306,ID6_F6_m6f6_P6_Y6_UO1978,ID6_F6_m6f6_P6_Y7_UO5431,FXX,2,0.0,1,0,1.0,0,0,0,-9999.0,0.8203125,1,P5_CV0,1,2,0,1,1
6,43.987,-122.244,ID6_F6_m6f6_P6_Y8_UO1835,ID6_F6_m6f6_P6_Y6_UO1009,ID6_F6_m6f6_P6_Y6_UO5854,MXY,2,0.0,1,0,0.0,0,0,0,-9999.0,0.7890625,1,P5_CV0,1,2,0,0,2
6,43.987,-122.244,ID6_F6_m6f6_P6_Y8_UO5211,ID6_F6_m6f6_P6_Y6_UO3191,ID6_F6_m6f6_P6_Y5_UO872,FXX,2,0.0,1,0,1.0,0,0,0,-9999.0,0.80859375,1,P5_CV0,1,2,0,0,2
6,43.987,-122.244,ID6_F6_m6f6_P6_Y8_UO527,ID6_F6_m6f6_P6_Y6_UO5071,ID6_F6_m6f6_P6_Y6_UO3706,FXX,2,0.0,1,0,1.0,0,0,0,-9999.0,0.8671875,1,P5_CV0,1,2,0,1,1
6,43.987,-122.244,ID6_F6_m6f6_P6_Y8_UO1365,ID6_F6_m6f6_P6_Y6_UO1357,ID6_F6_m6f6_P6_Y7_UO3681,MXY,2,0.0,1,0,0.0,0,0,0,-9999.0,0.83203125,1,P5_CV0,1,2,0,1,1
6,43.987,-122.244,ID6_F6_m6f6_P6_Y8_UO4470,ID6_F6_m6f6_P6_Y6_UO14,ID6_F6_m6f6_P6_Y7_UO1042,MXY,2,0.0,1,0,0.0,0,0,0,-9999.0,0.65234375,1,P5_CV0,1,2,0,2,0
6,43.987,-122.244,ID6_F6_m6f6_P6_Y8_UO5504,ID6_F6_m6f6_P6_Y6_UO4901,ID6_F6_m6f6_P6_Y7_UO4031,MXY,2,0.0,1,0,0.0,0,0,0,-9999.0,0.91796875,1,P5_CV0,1,2,0,1,1
6,43.987,-122.244,ID6_F6_m6f6_P6_Y8_UO73,ID6_F6_m6f6_P6_Y6_UO4901,ID6_F6_m6f6_P6_Y5_UO4227,MXY,2,0.0,1,0,0.0,0,0,0,-9999.0,0.921875,1,P5_CV0,1,2,0,1,1
6,43.987,-122.244,ID6_F6_m6f6_P6_Y7_UO3982,ID6_F6_m6f6_P6_Y4_UO3302,ID6_F6_m6f6_P6_Y6_UO3022,FXX,3,0.0,1,0,1.0,0,0,0,-9999.0,0.7890625,1,P5_CV0,1,2,0,2,0
6,43.987,-122.244,ID6_F6_m6f6_P6_Y7_UO62,ID6_F6_m6f6_P6_Y5_UO2152,ID6_F6_m6f6_P6_Y5_UO2157,FXX,3,0.0,1,0,1.0,0,0,0,-9999.0,0.8125,1,P5_CV0,1,2,0,0,2
6,43.987,-122.244,ID6_F6_m6f6_P6_Y7_UO3683,ID6_F6_m6f6_P6_Y4_UO1913,ID6_F6_m6f6_P6_Y6_UO4577,MXY,3,0.0,1,0,0.0,0,0,0,-9999.0,0.7578125,1,P5_CV0,1,2,0,1,1
6,43.987,-122.244,ID6_F6_m6f6_P6_Y7_UO4811,ID6_F6_m6f6_P6_Y5_UO4075,ID6_F6_m6f6_P6_Y6_UO2040,FXX,3,0.0,1,0,1.0,0,0,0,-9999.0,0.765625,1,P5_CV0,1,2,0,2,0
6,43.987,-122.244,ID6_F6_m6f6_P6_Y7_UO4121,ID6_F6_m6f6_P6_Y5_UO5332,ID6_F6_m6f6_P6_Y5_UO453,MXY,3,0.0,1,0,0.0,0,0,0,-9999.0,0.859375,1,P5_CV0,1,2,0,2,0
6,43.987,-122.244,ID6_F6_m6f6_P6_Y7_UO2590,ID6_F6_m6f6_P6_Y4_UO235,ID6_F6_m6f6_P6_Y4_UO2951,MXY,3,0.0,1,0,0.0,0,0,0,-9999.0,0.90625,1,P5_CV0,1,2,0,1,1
6,43.987,-122.244,ID6_F6_m6f6_P6_Y7_UO1181,ID6_F6_m6f6_P6_Y4_UO3302,ID6_F6_m6f6_P6_Y6_UO4154,FXX,3,0.0,1,0,1.0,0,0,0,-9999.0,0.8125,1,P5_CV0,1,2,0,1,1
6,43.987,-122.244,ID6_F6_m6f6_P6_Y7_UO1879,ID6_F6_m6f6_P6_Y4_UO3470,ID6_F6_m6f6_P6_Y6_UO4910,MXY,3,0.0,1,0,0.0,0,0,0,-9999.0,0.8515625,1,P5_CV0,1,2,0,1,1
6,43.987,-122.244,ID6_F6_m6f6_P6_Y7_UO5619,ID6_F6_m6f6_P6_Y5_UO1254,ID6_F6_m6f6_P6_Y6_UO4900,FXX,3,0.0,1,0,1.0,0,0,0,-9999.0,0.875,1,P5_CV0,1,2,0,1,1
6,43.987,-122.244,ID6_F6_m6f6_P6_Y7_UO542,ID6_F6_m6f6_P6_Y5_UO864,ID6_F6_m6f6_P6_Y6_UO1976,MXY,3,0.0,1,0,0.0,0,0,0,-9999.0,0.8671875,1,P5_CV0,1,2,0,1,1
6,43.987,-122.244,ID6_F6_m6f6_P6_Y7_UO4027,ID6_F6_m6f6_P6_Y3_UO3416,ID6_F6_m6f6_P6_Y6_UO1014,MXY,3,0.0,1,0,0.0,0,0,0,-9999.0,0.9609375,1,P5_CV0,1,2,0,1,1
6,43.987,-122.244,ID6_F6_m6f6_P6_Y7_UO4122,ID6_F6_m6f6_P6_Y5_UO5332,ID6_F6_m6f6_P6_Y5_UO453,MXY,3,0.0,1,0,0.0,0,0,0,-9999.0,0.859375,1,P5_CV0,1,2,0,1,1
6,43.987,-122.244,ID6_F6_m6f6_P6_Y7_UO1180,ID6_F6_m6f6_P6_Y4_UO3302,ID6_F6_m6f6_P6_Y6_UO4154,FXX,3,0.0,1,0,1.0,0,0,0,-9999.0,0.8125,1,P5_CV0,1,2,0,1,1
6,43.987,-122.244,ID6_F6_m6f6_P6_Y7_UO2307,ID6_F6_m6f6_P6_Y5_UO2162,ID6_F6_m6f6_P6_Y6_UO2193,FXX,3,0.0,1,0,1.0,0,0,0,-9999.0,0.828125,1,P5_CV0,1,2,0,0,2
6,43.987,-122.244,ID6_F6_m6f6_P6_Y7_UO2641,ID6_F6_m6f6_P6_Y5_UO625,ID6_F6_m6f6_P6_Y6_UO4980,MXY,3,0.0,1,0,0.0,0,0,0,-9999.0,0.796875,1,P5_CV0,1,2,0,0,2
6,43.987,-122.244,ID6_F6_m6f6_P6_Y7_UO2525,ID6_F6_m6f6_P6_Y4_UO3700,ID6_F6_m6f6_P6_Y6_UO5237,MXY,3,0.0,1,0,0.0,0,0,0,-9999.0,0.8125,1,P5_CV0,1,2,0,2,0
6,43.987,-122.244,ID6_F6_m6f6_P6_Y7_UO4634,ID6_F6_m6f6_P6_Y2_UO1420,ID6_F6_m6f6_P6_Y5_UO422,MXY,3,0.0,1,0,0.0,0,0,0,-9999.0,0.8125,1,P5_CV0,1,2,0,2,0
6,43.987,-122.244,ID6_F6_m6f6_P6_Y7_UO4491,ID6_F6_m6f6_P6_Y4_UO7287,ID6_F6_m6f6_P6_Y4_UO7159,MXY,3,0.0,1,0,0.0,0,0,0,-9999.0,0.9375,1,P5_CV0,1,2,0,1,1
6,43.987,-122.244,ID6_F6_m6f6_P6_Y7_UO545,ID6_F6_m6f6_P6_Y5_UO864,ID6_F6_m6f6_P6_Y6_UO1976,MXY,3,0.0,1,0,0.0,0,0,0,-9999.0,0.8671875,1,P5_CV0,1,2,0,0,2
6,43.987,-122.244,ID6_F6_m6f6_P6_Y7_UO1042,ID6_F6_m6f6_P6_Y5_UO3709,ID6_F6_m6f6_P6_Y5_UO715,MXY,3,0.0,1,0,0.0,0,0,0,-9999.0,0.7109375,1,P5_CV0,1,2,0,1,1
6,43.987,-122.244,ID6_F6_m6f6_P6_Y7_UO4922,ID6_F6_m6f6_P6_Y5_UO5332,ID6_F6_m6f6_P6_Y4_UO4077,FXX,3,0.0,1,0,1.0,0,0,0,-9999.0,0.953125,1,P5_CV0,1,2,0,1,1
6,43.987,-122.244,ID6_F6_m6f6_P6_Y7_UO5431,ID6_F6_m6f6_P6_Y2_UO2139,ID6_F6_m6f6_P6_Y6_UO2065,MXY,3,0.0,1,0,0.0,0,0,0,-9999.0,0.75,1,P5_CV0,1,2,0,1,1
6,43.987,-122.244,ID6_F6_m6f6_P6_Y7_UO4507,ID6_F6_m6f6_P6_Y5_UO625,ID6_F6_m6f6_P6_Y6_UO1694,MXY,3,0.0,1,0,0.0,0,0,0,-9999.0,0.75,1,P5_CV0,1,2,0,1,1
6,43.987,-122.244,ID6_F6_m6f6_P6_Y7_UO3681,ID6_F6_m6f6_P6_Y4_UO1913,ID6_F6_m6f6_P6_Y6_UO4577,MXY,3,0.0,1,0,0.0,0,0,0,-9999.0,0.7578125,1,P5_CV0,1,2,0,2,0
6,43.987,-122.244,ID6_F6_m6f6_P6_Y7_UO4819,ID6_F6_m6f6_P6_Y5_UO4075,ID6_F6_m6f6_P6_Y6_UO2040,MXY,3,0.0,1,0,0.0,0,0,0,-9999.0,0.765625,1,P5_CV0,1,2,0,2,0
6,43.987,-122.244,ID6_F6_m6f6_P6_Y7_UO4203,ID6_F6_m6f6_P6_Y4_UO1769,ID6_F6_m6f6_P6_Y5_UO2157,MXY,3,0.0,1,0,0.0,0,0,0,-9999.0,0.8125,1,P5_CV0,1,2,0,0,2
6,43.987,-122.244,ID6_F6_m6f6_P6_Y7_UO449,ID6_F6_m6f6_P6_Y5_UO2090,ID6_F6_m6f6_P6_Y5_UO4227,FXX,3,0.0,1,0,1.0,0,0,0,-9999.0,0.828125,1,P5_CV0,1,2,0,0,2
6,43.987,-122.244,ID6_F6_m6f6_P6_Y7_UO1573,ID6_F6_m6f6_P6_Y5_UO4448,ID6_F6_m6f6_P6_Y6_UO4577,MXY,3,0.0,1,0,0.0,0,0,0,-9999.0,0.7734375,1,P5_CV0,1,2,0,0,2
6,43.987,-122.244,ID6_F6_m6f6_P6_Y7_UO2637,ID6_F6_m6f6_P6_Y5_UO625,ID6_F6_m6f6_P6_Y6_UO4980,FXX,3,0.0,1,0,1.0,0,0,0,-9999.0,0.796875,1,P5_CV0,1,2,0,0,2
6,43.987,-122.244,ID6_F6_m6f6_P6_Y7_UO4370,ID6_F6_m6f6_P6_Y4_UO762,ID6_F6_m6f6_P6_Y6_UO3310,MXY,3,0.0,1,0,0.0,0,0,0,-9999.0,0.8125,1,P5_CV0,1,2,0,1,1
6,43.987,-122.244,ID6_F6_m6f6_P6_Y7_UO4962,ID6_F6_m6f6_P6_Y2_UO3068,ID6_F6_m6f6_P6_Y6_UO5180,MXY,3,0.0,1,0,0.0,0,0,0,-9999.0,0.9375,1,P5_CV0,1,2,0,0,2
6,43.987,-122.244,ID6_F6_m6f6_P6_Y7_UO5662,ID6_F6_m6f6_P6_Y5_UO4982,ID6_F6_m6f6_P6_Y6_UO59,FXX,3,0.0,1,0,1.0,0,0,0,-9999.0,0.8359375,1,P5_CV0,1,2,0,2,0
6,43.987,-122.244,ID6_F6_m6f6_P6_Y7_UO4920,ID6_F6_m6f6_P6_Y5_UO5332,ID6_F6_m6f6_P6_Y4_UO4077,MXY,3,0.0,1,0,0.0,0,0,0,-9999.0,0.953125,1,P5_CV0,1,2,0,1,1
6,43.987,-122.244,ID6_F6_m6f6_P6_Y7_UO1579,ID6_F6_m6f6_P6_Y5_UO4448,ID6_F6_m6f6_P6_Y6_UO4577,MXY,3,0.0,1,0,0.0,0,0,0,-9999.0,0.7734375,1,P5_CV0,1,2,0,1,1
6,43.987,-122.244,ID6_F6_m6f6_P6_Y7_UO4445,ID6_F6_m6f6_P6_Y5_UO3709,ID6_F6_m6f6_P6_Y5_UO422,FXX,3,0.0,1,0,1.0,0,0,0,-9999.0,0.7734375,1,P5_CV0,1,2,0,1,1
6,43.987,-122.244,ID6_F6_m6f6_P6_Y7_UO1612,ID6_F6_m6f6_P6_Y5_UO2090,ID6_F6_m6f6_P6_Y6_UO5057,MXY,3,0.0,1,0,0.0,0,0,0,-9999.0,0.7421875,1,P5_CV0,1,2,0,0,2
6,43.987,-122.244,ID6_F6_m6f6_P6_Y7_UO541,ID6_F6_m6f6_P6_Y5_UO864,ID6_F6_m6f6_P6_Y6_UO1976,MXY,3,0.0,1,0,0.0,0,0,0,-9999.0,0.8671875,1,P5_CV0,1,2,0,0,2
6,43.987,-122.244,ID6_F6_m6f6_P6_Y7_UO5426,ID6_F6_m6f6_P6_Y4_UO7287,ID6_F6_m6f6_P6_Y6_UO5180,MXY,3,0.0,1,0,0.0,0,0,0,-9999.0,0.9375,1,P5_CV0,1,2,0,1,1
6,43.987,-122.244,ID6_F6_m6f6_P6_Y6_UO4950,ID6_F6_m6f6_P6_Y3_UO2771,ID6_F6_m6f6_P6_Y4_UO554,MXY,4,0.0,1,0,0.0,0,0,0,-9999.0,0.8125,1,P5_CV0,1,2,0,1,1
6,43.987,-122.244,ID6_F6_m6f6_P6_Y6_UO3191,ID6_F6_m6f6_P6_Y4_UO4159,ID6_F6_m6f6_P6_Y5_UO5099,FXX,4,0.0,1,0,1.0,0,0,0,-9999.0,0.7734375,1,P5_CV0,1,2,0,1,1
6,43.987,-122.244,ID6_F6_m6f6_P6_Y6_UO318,ID6_F6_m6f6_P6_Y4_UO662,ID6_F6_m6f6_P6_Y5_UO4076,MXY,4,0.0,1,0,0.0,0,0,0,-9999.0,0.7890625,1,P5_CV0,1,2,0,1,1
6,43.987,-122.244,ID6_F6_m6f6_P6_Y6_UO59,ID6_F6_m6f6_P6_Y4_UO5037,ID6_F6_m6f6_P6_Y4_UO6212,MXY,4,0.0,1,0,0.0,0,0,0,-9999.0,0.796875,1,P5_CV0,1,2,0,1,1
6,43.987,-122.244,ID6_F6_m6f6_P6_Y6_UO4542,ID6_F6_m6f6_P6_Y2_UO5836,ID6_F6_m6f6_P6_Y4_UO701,FXX,4,0.0,1,0,1.0,0,0,0,-9999.0,0.78125,1,P5_CV0,1,2,0,2,0
6,43.987,-122.244,ID6_F6_m6f6_P6_Y6_UO5854,ID6_F6_m6f6_P6_Y4_UO1225,ID6_F6_m6f6_P6_Y4_UO4494,MXY,4,0.0,1,0,0.0,0,0,0,-9999.0,0.65625,1,P5_CV0,1,2,0,1,1
6,43.987,-122.244,ID6_F6_m6f6_P6_Y6_UO271,ID6_F6_m6f6_P6_Y4_UO2147,ID6_F6_m6f6_P6_Y4_UO7122,FXX,4,0.0,1,0,1.0,0,0,0,-9999.0,0.875,1,P5_CV0,1,2,0,0,2
6,43.987,-122.244,ID6_F6_m6f6_P6_Y6_UO1696,ID6_F6_m6f6_P6_Y4_UO6426,ID6_F6_m6f6_P6_Y4_UO4805,MXY,4,0.0,1,0,0.0,0,0,0,-9999.0,0.71875,1,P5_CV0,1,2,0,0,2
6,43.987,-122.244,ID6_F6_m6f6_P6_Y6_UO2614,ID6_F6_m6f6_P6_Y4_UO5831,ID6_F6_m6f6_P6_Y4_UO554,MXY,4,0.0,1,0,0.0,0,0,0,-9999.0,0.71875,1,P5_CV0,1,2,0,2,0
6,43.987,-122.244,ID6_F6_m6f6_P6_Y6_UO1428,ID6_F6_m6f6_P6_Y4_UO3327,ID6_F6_m6f6_P6_Y2_UO6140,MXY,4,0.0,1,0,0.0,0,0,0,-9999.0,0.78125,1,P5_CV0,1,2,0,2,0
6,43.987,-122.244,ID6_F6_m6f6_P6_Y6_UO4984,ID6_F6_m6f6_P6_Y4_UO1316,ID6_F6_m6f6_P6_Y4_UO909,FXX,4,0.0,1,0,1.0,0,0,0,-9999.0,0.8125,1,P5_CV0,1,2,0,0,2
6,43.987,-122.244,ID6_F6_m6f6_P6_Y6_UO14,ID6_F6_m6f6_P6_Y2_UO4548,ID6_F6_m6f6_P6_Y4_UO4160,FXX,4,0.0,1,0,1.0,0,0,0,-9999.0,0.59375,1,P5_CV0,1,2,0,2,0
6,43.987,-122.244,ID6_F6_m6f6_P6_Y6_UO1693,ID6_F6_m6f6_P6_Y4_UO6426,ID6_F6_m6f6_P6_Y4_UO4805,FXX,4,0.0,1,0,1.0,0,0,0,-9999.0,0.71875,1,P5_CV0,1,2,0,1,1
6,43.987,-122.244,ID6_F6_m6f6_P6_Y6_UO1976,ID6_F6_m6f6_P6_Y4_UO2146,ID6_F6_m6f6_P6_Y5_UO4224,MXY,4,0.0,1,0,0.0,0,0,0,-9999.0,0.890625,1,P5_CV0,1,2,0,1,1
6,43.987,-122.244,ID6_F6_m6f6_P6_Y6_UO6125,ID6_F6_m6f6_P6_Y4_UO6037,ID6_F6_m6f6_P6_Y4_UO2947,MXY,4,0.0,1,0,0.0,0,0,0,-9999.0,0.9375,1,P5_CV0,1,2,0,2,0
6,43.987,-122.244,ID6_F6_m6f6_P6_Y6_UO7291,ID6_F6_m6f6_P6_Y4_UO5117,ID6_F6_m6f6_P6_Y5_UO3428,FXX,4,0.0,1,0,1.0,0,0,0,-9999.0,0.953125,1,P5_CV0,1,2,0,2,0
6,43.987,-122.244,ID6_F6_m6f6_P6_Y6_UO6124,ID6_F6_m6f6_P6_Y4_UO6037,ID6_F6_m6f6_P6_Y4_UO2947,FXX,4,0.0,1,0,1.0,0,0,0,-9999.0,0.9375,1,P5_CV0,1,2,0,0,2
6,43.987,-122.244,ID6_F6_m6f6_P6_Y6_UO3025,ID6_F6_m6f6_P6_Y4_UO146,ID6_F6_m6f6_P6_Y5_UO5334,FXX,4,0.0,1,0,1.0,0,0,0,-9999.0,0.890625,1,P5_CV0,1,2,0,1,1
6,43.987,-122.244,ID6_F6_m6f6_P6_Y6_UO1009,ID6_F6_m6f6_P6_Y4_UO6410,ID6_F6_m6f6_P6_Y5_UO5269,FXX,4,0.0,1,0,1.0,0,0,0,-9999.0,0.921875,1,P5_CV0,1,2,0,0,2
6,43.987,-122.244,ID6_F6_m6f6_P6_Y5_UO453,ID6_F6_m6f6_P6_Y3_UO3427,ID6_F6_m6f6_P6_Y4_UO7266,MXY,5,0.0,1,0,0.0,0,0,0,-9999.0,0.8125,1,P5_CV0,1,2,0,2,0
6,43.987,-122.244,ID6_F6_m6f6_P6_Y5_UO866,ID6_F6_m6f6_P6_Y3_UO2761,ID6_F6_m6f6_P6_Y4_UO852,FXX,5,0.0,1,0,1.0,0,0,0,-9999.0,0.84375,1,P5_CV0,1,2,0,0,2
6,43.987,-122.244,ID6_F6_m6f6_P6_Y5_UO1200,ID6_F6_m6f6_P6_Y2_UO816,ID6_F6_m6f6_P6_Y2_UO5790,FXX,5,0.0,1,0,1.0,0,0,0,-9999.0,0.8125,1,P5_CV0,1,2,0,0,2
6,43.987,-122.244,ID6_F6_m6f6_P6_Y5_UO4075,ID6_F6_m6f6_P6_Y0_UO4587,ID6_F6_m6f6_P6_Y4_UO6216,FXX,5,0.0,1,0,1.0,0,0,0,-9999.0,0.828125,1,P5_CV0,1,2,0,1,1
6,43.987,-122.244,ID6_F6_m6f6_P6_Y5_UO868,ID6_F6_m6f6_P6_Y3_UO2761,ID6_F6_m6f6_P6_Y4_UO852,FXX,5,0.0,1,0,1.0,0,0,0,-9999.0,0.84375,1,P5_CV0,1,2,0,0,2
6,43.987,-122.244,ID6_F6_m6f6_P6_Y5_UO3709,ID6_F6_m6f6_P6_Y2_UO6214,ID6_F6_m6f6_P6_Y4_UO7177,FXX,5,0.0,1,0,1.0,0,0,0,-9999.0,0.796875,1,P5_CV0,1,2,0,0,2
7,45.07,-121.964,ID7_F7_m7f7_P7_Y9_UO109,ID7_F7_m7f7_P7_Y7_UO5501,ID7_F7_m7f7_P7_Y7_UO1415,FXX,1,0.0,1,0,1.0,0,0,0,-9999.0,0.74609375,1,P6_CV0,1,2,0,1,1
7,45.07,-121.964,ID7_F7_m7f7_P7_Y9_UO110,ID7_F7_m7f7_P7_Y7_UO5501,ID7_F7_m7f7_P7_Y7_UO1415,MXY,1,0.0,1,0,0.0,0,0,0,-9999.0,0.74609375,1,P6_CV0,1,2,0,0,2
7,45.07,-121.964,ID7_F7_m7f7_P7_Y9_UO113,ID7_F7_m7f7_P7_Y7_UO5501,ID7_F7_m7f7_P7_Y7_UO1415,MXY,1,0.0,1,0,0.0,0,0,0,-9999.0,0.74609375,1,P6_CV0,1,2,0,0,2
7,45.07,-121.964,ID7_F7_m7f7_P7_Y9_UO299,ID7_F7_m7f7_P7_Y5_UO3164,ID7_F7_m7f7_P7_Y8_UO947,FXX,1,0.0,1,0,1.0,0,0,0,-9999.0,0.640625,1,P6_CV0,1,2,0,0,2
7,45.07,-121.964,ID7_F7_m7f7_P7_Y9_UO300,ID7_F7_m7f7_P7_Y5_UO3164,ID7_F7_m7f7_P7_Y8_UO947,FXX,1,0.0,1,0,1.0,0,0,0,-9999.0,0.640625,1,P6_CV0,1,2,0,0,2
7,45.07,-121.964,ID7_F7_m7f7_P7_Y9_UO322,ID7_F7_m7f7_P7_Y7_UO5502,ID7_F7_m7f7_P7_Y8_UO7228,MXY,1,0.0,1,0,0.0,0,0,0,-9999.0,0.720703125,1,P6_CV0,1,2,0,2,0
7,45.07,-121.964,ID7_F7_m7f7_P7_Y9_UO323,ID7_F7_m7f7_P7_Y7_UO5502,ID7_F7_m7f7_P7_Y8_UO7228,MXY,1,0.0,1,0,0.0,0,0,0,-9999.0,0.720703125,1,P6_CV0,1,2,0,0,2
7,45.07,-121.964,ID7_F7_m7f7_P7_Y9_UO324,ID7_F7_m7f7_P7_Y7_UO5502,ID7_F7_m7f7_P7_Y8_UO7228,FXX,1,0.0,1,0,1.0,0,0,0,-9999.0,0.720703125,1,P6_CV0,1,2,0,2,0
7,45.07,-121.964,ID7_F7_m7f7_P7_Y9_UO326,ID7_F7_m7f7_P7_Y7_UO5502,ID7_F7_m7f7_P7_Y8_UO7228,MXY,1,0.0,1,0,0.0,0,0,0,-9999.0,0.720703125,1,P6_CV0,1,2,0,0,2
7,45.07,-121.964,ID7_F7_m7f7_P7_Y9_UO327,ID7_F7_m7f7_P7_Y7_UO5502,ID7_F7_m7f7_P7_Y8_UO7228,MXY,1,0.0,1,0,0.0,0,0,0,-9999.0,0.720703125,1,P6_CV0,1,2,0,2,0
7,45.07,-121.964,ID7_F7_m7f7_P7_Y9_UO434,ID7_F7_m7f7_P7_Y6_UO5772,ID7_F7_m7f7_P7_Y8_UO4566,FXX,1,0.0,1,0,1.0,0,0,0,-9999.0,0.802734375,1,P6_CV0,1,2,0,1,1
7,45.07,-121.964,ID7_F7_m7f7_P7_Y9_UO757,ID7_F7_m7f7_P7_Y7_UO4551,ID7_F7_m7f7_P7_Y7_UO4927,MXY,1,0.0,1,0,0.0,0,0,0,-9999.0,0.75390625,1,P6_CV0,1,2,0,1,1
7,45.07,-121.964,ID7_F7_m7f7_P7_Y9_UO761,ID7_F7_m7f7_P7_Y7_UO4551,ID7_F7_m7f7_P7_Y7_UO4927,FXX,1,0.0,1,0,1.0,0,0,0,-9999.0,0.75390625,1,P6_CV0,1,2,0,1,1
7,45.07,-121.964,ID7_F7_m7f7_P7_Y9_UO770,ID7_F7_m7f7_P7_Y6_UO6732,ID7_F7_m7f7_P7_Y8_UO1444,MXY,1,0.0,1,0,0.0,0,0,0,-9999.0,0.724609375,1,P6_CV0,1,2,0,0,2
7,45.07,-121.964,ID7_F7_m7f7_P7_Y9_UO831,ID7_F7_m7f7_P7_Y7_UO2689,ID7_F7_m7f7_P7_Y8_UO2343,MXY,1,0.0,1,0,0.0,0,0,0,-9999.0,0.7451171875,1,P6_CV0,1,2,0,0,2
7,45.07,-121.964,ID7_F7_m7f7_P7_Y9_UO832,ID7_F7_m7f7_P7_Y7_UO2689,ID7_F7_m7f7_P7_Y8_UO2343,MXY,1,0.0,1,0,0.0,0,0,0,-9999.0,0.7451171875,1,P6_CV0,1,2,0,0,2
7,45.07,-121.964,ID7_F7_m7f7_P7_Y9_UO833,ID7_F7_m7f7_P7_Y7_UO2689,ID7_F7_m7f7_P7_Y8_UO2343,MXY,1,0.0,1,0,0.0,0,0,0,-9999.0,0.7451171875,1,P6_CV0,1,2,0,0,2
7,45.07,-121.964,ID7_F7_m7f7_P7_Y9_UO834,ID7_F7_m7f7_P7_Y7_UO2689,ID7_F7_m7f7_P7_Y8_UO2343,MXY,1,0.0,1,0,0.0,0,0,0,-9999.0,0.7451171875,1,P6_CV0,1,2,0,0,2
7,45.07,-121.964,ID7_F7_m7f7_P7_Y9_UO836,ID7_F7_m7f7_P7_Y7_UO2689,ID7_F7_m7f7_P7_Y8_UO2343,MXY,1,0.0,1,0,0.0,0,0,0,-9999.0,0.7451171875,1,P6_CV0,1,2,0,0,2
7,45.07,-121.964,ID7_F7_m7f7_P7_Y9_UO940,ID7_F7_m7f7_P7_Y7_UO3786,ID7_F7_m7f7_P7_Y8_UO5243,FXX,1,0.0,1,0,1.0,0,0,0,-9999.0,0.76171875,1,P6_CV0,1,2,0,1,1
7,45.07,-121.964,ID7_F7_m7f7_P7_Y9_UO941,ID7_F7_m7f7_P7_Y7_UO3786,ID7_F7_m7f7_P7_Y8_UO5243,MXY,1,0.0,1,0,0.0,0,0,0,-9999.0,0.76171875,1,P6_CV0,1,2,0,1,1
7,45.07,-121.964,ID7_F7_m7f7_P7_Y9_UO942,ID7_F7_m7f7_P7_Y7_UO3786,ID7_F7_m7f7_P7_Y8_UO5243,FXX,1,0.0,1,0,1.0,0,0,0,-9999.0,0.76171875,1,P6_CV0,1,2,0,1,1
7,45.07,-121.964,ID7_F7_m7f7_P7_Y9_UO944,ID7_F7_m7f7_P7_Y7_UO3786,ID7_F7_m7f7_P7_Y8_UO5243,FXX,1,0.0,1,0,1.0,0,0,0,-9999.0,0.76171875,1,P6_CV0,1,2,0,1,1
7,45.07,-121.964,ID7_F7_m7f7_P7_Y9_UO945,ID7_F7_m7f7_P7_Y7_UO3786,ID7_F7_m7f7_P7_Y8_UO5243,FXX,1,0.0,1,0,1.0,0,0,0,-9999.0,0.76171875,1,P6_CV0,1,2,0,1,1
7,45.07,-121.964,ID7_F7_m7f7_P7_Y9_UO947,ID7_F7_m7f7_P7_Y7_UO2688,ID7_F7_m7f7_P7_Y8_UO6123,FXX,1,0.0,1,0,1.0,0,0,0,-9999.0,0.7392578125,1,P6_CV0,1,2,0,0,2
7,45.07,-121.964,ID7_F7_m7f7_P7_Y9_UO983,ID7_F7_m7f7_P7_Y7_UO2071,ID7_F7_m7f7_P7_Y7_UO5740,FXX,1,0.0,1,0,1.0,0,0,0,-9999.0,0.787109375,1,P6_CV0,1,2,0,0,2
7,45.07,-121.964,ID7_F7_m7f7_P7_Y9_UO996,ID7_F7_m7f7_P7_Y7_UO1679,ID7_F7_m7f7_P7_Y8_UO5039,MXY,1,0.0,1,0,0.0,0,0,0,-9999.0,0.6875,1,P6_CV0,1,2,0,1,1
7,45.07,-121.964,ID7_F7_m7f7_P7_Y9_UO999,ID7_F7_m7f7_P7_Y7_UO1679,ID7_F7_m7f7_P7_Y8_UO5039,FXX,1,0.0,1,0,1.0,0,0,0,-9999.0,0.6875,1,P6_CV0,1,2,0,1,1
7,45.07,-121.964,ID7_F7_m7f7_P7_Y9_UO1000,ID7_F7_m7f7_P7_Y7_UO1679,ID7_F7_m7f7_P7_Y8_UO5039,FXX,1,0.0,1,0,1.0,0,0,0,-9999.0,0.6875,1,P6_CV0,1,2,0,1,1
7,45.07,-121.964,ID7_F7_m7f7_P7_Y9_UO1080,ID7_F7_m7f7_P7_Y7_UO2686,ID7_F7_m7f7_P7_Y8_UO1444,FXX,1,0.0,1,0,1.0,0,0,0,-9999.0,0.7236328125,1,P6_CV0,1,2,0,0,2
7,45.07,-121.964,ID7_F7_m7f7_P7_Y9_UO1132,ID7_F7_m7f7_P7_Y7_UO2316,ID7_F7_m7f7_P7_Y7_UO1083,MXY,1,0.0,1,0,0.0,0,0,0,-9999.0,0.78515625,1,P6_CV0,1,2,0,1,1
7,45.07,-121.964,ID7_F7_m7f7_P7_Y9_UO1134,ID7_F7_m7f7_P7_Y7_UO2316,ID7_F7_m7f7_P7_Y7_UO1083,FXX,1,0.0,1,0,1.0,0,0,0,-9999.0,0.78515625,1,P6_CV0,1,2,0,1,1
7,45.07,-121.964,ID7_F7_m7f7_P7_Y9_UO1135,ID7_F7_m7f7_P7_Y7_UO2316,ID7_F7_m7f7_P7_Y7_UO1083,MXY,1,0.0,1,0,0.0,0,0,0,-9999.0,0.78515625,1,P6_CV0,1,2,0,0,2
7,45.07,-121.964,ID7_F7_m7f7_P7_Y9_UO1137,ID7_F7_m7f7_P7_Y7_UO4547,ID7_F7_m7f7_P7_Y8_UO3454,MXY,1,0.0,1,0,0.0,0,0,0,-9999.0,0.751953125,1,P6_CV0,1,2,0,1,1
7,45.07,-121.964,ID7_F7_m7f7_P7_Y9_UO1148,ID7_F7_m7f7_P7_Y6_UO3759,ID7_F7_m7f7_P7_Y8_UO5224,MXY,1,0.0,1,0,0.0,0,0,0,-9999.0,0.779296875,1,P6_CV0,1,2,0,2,0
7,45.07,-121.964,ID7_F7_m7f7_P7_Y9_UO1314,ID7_F7_m7f7_P7_Y7_UO3786,ID7_F7_m7f7_P7_Y6_UO1650,MXY,1,0.0,1,0,0.0,0,0,0,-9999.0,0.7421875,1,P6_CV0,1,2,0,1,1
7,45.07,-121.964,ID7_F7_m7f7_P7_Y9_UO1315,ID7_F7_m7f7_P7_Y7_UO3786,ID7_F7_m7f7_P7_Y6_UO1650,MXY,1,0.0,1,0,0.0,0,0,0,-9999.0,0.7421875,1,P6_CV0,1,2,0,1,1
7,45.07,-121.964,ID7_F7_m7f7_P7_Y9_UO1327,ID7_F7_m7f7_P7_Y6_UO5656,ID7_F7_m7f7_P7_Y7_UO1416,MXY,1,0.0,1,0,0.0,0,0,0,-9999.0,0.78125,1,P6_CV0,1,2,0,1,1
7,45.07,-121.964,ID7_F7_m7f7_P7_Y9_UO1378,ID7_F7_m7f7_P7_Y7_UO1936,ID7_F7_m7f7_P7_Y8_UO927,MXY,1,0.0,1,0,0.0,0,0,0,-9999.0,0.75,1,P6_CV0,1,2,0,1,1
7,45.07,-121.964,ID7_F7_m7f7_P7_Y9_UO1379,ID7_F7_m7f7_P7_Y7_UO1936,ID7_F7_m7f7_P7_Y8_UO927,MXY,1,0.0,1,0,0.0,0,0,0,-9999.0,0.75,1,P6_CV0,1,2,0,2,0
7,45.07,-121.964,ID7_F7_m7f7_P7_Y9_UO1380,ID7_F7_m7f7_P7_Y7_UO1936,ID7_F7_m7f7_P7_Y8_UO927,FXX,1,0.0,1,0,1.0,0,0,0,-9999.0,0.75,1,P6_CV0,1,2,0,1,1
7,45.07,-121.964,ID7_F7_m7f7_P7_Y9_UO1381,ID7_F7_m7f7_P7_Y7_UO1936,ID7_F7_m7f7_P7_Y8_UO927,MXY,1,0.0,1,0,0.0,0,0,0,-9999.0,0.75,1,P6_CV0,1,2,0,1,1
7,45.07,-121.964,ID7_F7_m7f7_P7_Y9_UO1382,ID7_F7_m7f7_P7_Y7_UO1936,ID7_F7_m7f7_P7_Y8_UO927,FXX,1,0.0,1,0,1.0,0,0,0,-9999.0,0.75,1,P6_CV0,1,2,0,1,1
7,45.07,-121.964,ID7_F7_m7f7_P7_Y9_UO1383,ID7_F7_m7f7_P7_Y7_UO1936,ID7_F7_m7f7_P7_Y8_UO927,FXX,1,0.0,1,0,1.0,0,0,0,-9999.0,0.75,1,P6_CV0,1,2,0,1,1
7,45.07,-121.964,ID7_F7_m7f7_P7_Y9_UO1384,ID7_F7_m7f7_P7_Y7_UO1936,ID7_F7_m7f7_P7_Y8_UO927,FXX,1,0.0,1,0,1.0,0,0,0,-9999.0,0.75,1,P6_CV0,1,2,0,1,1
7,45.07,-121.964,ID7_F7_m7f7_P7_Y9_UO1386,ID7_F7_m7f7_P7_Y7_UO1936,ID7_F7_m7f7_P7_Y8_UO927,FXX,1,0.0,1,0,1.0,0,0,0,-9999.0,0.75,1,P6_CV0,1,2,0,2,0
7,45.07,-121.964,ID7_F7_m7f7_P7_Y9_UO1678,ID7_F7_m7f7_P7_Y7_UO3426,ID7_F7_m7f7_P7_Y5_UO4209,MXY,1,0.0,1,0,0.0,0,0,0,-9999.0,0.75390625,1,P6_CV0,1,2,0,0,2
7,45.07,-121.964,ID7_F7_m7f7_P7_Y9_UO1680,ID7_F7_m7f7_P7_Y7_UO3426,ID7_F7_m7f7_P7_Y5_UO4209,MXY,1,0.0,1,0,0.0,0,0,0,-9999.0,0.75390625,1,P6_CV0,1,2,0,1,1
7,45.07,-121.964,ID7_F7_m7f7_P7_Y9_UO1681,ID7_F7_m7f7_P7_Y7_UO3426,ID7_F7_m7f7_P7_Y5_UO4209,MXY,1,0.0,1,0,0.0,0,0,0,-9999.0,0.75390625,1,P6_CV0,1,2,0,0,2
7,45.07,-121.964,ID7_F7_m7f7_P7_Y9_UO1682,ID7_F7_m7f7_P7_Y7_UO3426,ID7_F7_m7f7_P7_Y5_UO4209,MXY,1,0.0,1,0,0.0,0,0,0,-9999.0,0.75390625,1,P6_CV0,1,2,0,1,1
7,45.07,-121.964,ID7_F7_m7f7_P7_Y9_UO1683,ID7_F7_m7f7_P7_Y7_UO3426,ID7_F7_m7f7_P7_Y5_UO4209,MXY,1,0.0,1,0,0.0,0,0,0,-9999.0,0.75390625,1,P6_CV0,1,2,0,1,1
7,45.07,-121.964,ID7_F7_m7f7_P7_Y9_UO1684,ID7_F7_m7f7_P7_Y7_UO3426,ID7_F7_m7f7_P7_Y5_UO4209,FXX,1,0.0,1,0,1.0,0,0,0,-9999.0,0.75390625,1,P6_CV0,1,2,0,0,2
7,45.07,-121.964,ID7_F7_m7f7_P7_Y9_UO1686,ID7_F7_m7f7_P7_Y7_UO3426,ID7_F7_m7f7_P7_Y5_UO4209,MXY,1,0.0,1,0,0.0,0,0,0,-9999.0,0.75390625,1,P6_CV0,1,2,0,0,2
7,45.07,-121.964,ID7_F7_m7f7_P7_Y9_UO1687,ID7_F7_m7f7_P7_Y7_UO3426,ID7_F7_m7f7_P7_Y5_UO4209,MXY,1,0.0,1,0,0.0,0,0,0,-9999.0,0.75390625,1,P6_CV0,1,2,0,1,1
7,45.07,-121.964,ID7_F7_m7f7_P7_Y9_UO1823,ID7_F7_m7f7_P7_Y7_UO2730,ID7_F7_m7f7_P7_Y8_UO193,MXY,1,0.0,1,0,0.0,0,0,0,-9999.0,0.78515625,1,P6_CV0,1,2,0,2,0
7,45.07,-121.964,ID7_F7_m7f7_P7_Y9_UO1824,ID7_F7_m7f7_P7_Y7_UO2730,ID7_F7_m7f7_P7_Y8_UO193,FXX,1,0.0,1,0,1.0,0,0,0,-9999.0,0.78515625,1,P6_CV0,1,2,0,1,1
7,45.07,-121.964,ID7_F7_m7f7_P7_Y9_UO1826,ID7_F7_m7f7_P7_Y7_UO2730,ID7_F7_m7f7_P7_Y8_UO193,MXY,1,0.0,1,0,0.0,0,0,0,-9999.0,0.78515625,1,P6_CV0,1,2,0,1,1
7,45.07,-121.964,ID7_F7_m7f7_P7_Y9_UO1829,ID7_F7_m7f7_P7_Y7_UO2730,ID7_F7_m7f7_P7_Y8_UO193,FXX,1,0.0,1,0,1.0,0,0,0,-9999.0,0.78515625,1,P6_CV0,1,2,0,1,1
7,45.07,-121.964,ID7_F7_m7f7_P7_Y9_UO2110,ID7_F7_m7f7_P7_Y7_UO2071,ID7_F7_m7f7_P7_Y6_UO2954,FXX,1,0.0,1,0,1.0,0,0,0,-9999.0,0.798828125,1,P6_CV0,1,2,0,1,1
7,45.07,-121.964,ID7_F7_m7f7_P7_Y9_UO2223,ID7_F7_m7f7_P7_Y6_UO5727,ID7_F7_m7f7_P7_Y6_UO769,FXX,1,0.0,1,0,1.0,0,0,0,-9999.0,0.765625,1,P6_CV0,1,2,0,1,1
7,45.07,-121.964,ID7_F7_m7f7_P7_Y9_UO2224,ID7_F7_m7f7_P7_Y6_UO5727,ID7_F7_m7f7_P7_Y6_UO769,FXX,1,0.0,1,0,1.0,0,0,0,-9999.0,0.765625,1,P6_CV0,1,2,0,1,1
7,45.07,-121.964,ID7_F7_m7f7_P7_Y9_UO2307,ID7_F7_m7f7_P7_Y6_UO7358,ID7_F7_m7f7_P7_Y8_UO193,MXY,1,0.0,1,0,0.0,0,0,0,-9999.0,0.787109375,1,P6_CV0,1,2,0,2,0
7,45.07,-121.964,ID7_F7_m7f7_P7_Y9_UO2308,ID7_F7_m7f7_P7_Y6_UO7358,ID7_F7_m7f7_P7_Y8_UO193,MXY,1,0.0,1,0,0.0,0,0,0,-9999.0,0.787109375,1,P6_CV0,1,2,0,2,0
7,45.07,-121.964,ID7_F7_m7f7_P7_Y9_UO2310,ID7_F7_m7f7_P7_Y6_UO7358,ID7_F7_m7f7_P7_Y8_UO193,FXX,1,0.0,1,0,1.0,0,0,0,-9999.0,0.787109375,1,P6_CV0,1,2,0,2,0
7,45.07,-121.964,ID7_F7_m7f7_P7_Y9_UO2312,ID7_F7_m7f7_P7_Y6_UO7358,ID7_F7_m7f7_P7_Y8_UO193,MXY,1,0.0,1,0,0.0,0,0,0,-9999.0,0.787109375,1,P6_CV0,1,2,0,2,0
7,45.07,-121.964,ID7_F7_m7f7_P7_Y9_UO2313,ID7_F7_m7f7_P7_Y6_UO7358,ID7_F7_m7f7_P7_Y8_UO193,MXY,1,0.0,1,0,0.0,0,0,0,-9999.0,0.787109375,1,P6_CV0,1,2,0,2,0
7,45.07,-121.964,ID7_F7_m7f7_P7_Y9_UO2404,ID7_F7_m7f7_P7_Y7_UO4939,ID7_F7_m7f7_P7_Y8_UO1906,MXY,1,0.0,1,0,0.0,0,0,0,-9999.0,0.748046875,1,P6_CV0,1,2,0,1,1
7,45.07,-121.964,ID7_F7_m7f7_P7_Y9_UO2405,ID7_F7_m7f7_P7_Y7_UO4939,ID7_F7_m7f7_P7_Y8_UO1906,MXY,1,0.0,1,0,0.0,0,0,0,-9999.0,0.748046875,1,P6_CV0,1,2,0,1,1
7,45.07,-121.964,ID7_F7_m7f7_P7_Y9_UO2406,ID7_F7_m7f7_P7_Y7_UO4939,ID7_F7_m7f7_P7_Y8_UO1906,MXY,1,0.0,1,0,0.0,0,0,0,-9999.0,0.748046875,1,P6_CV0,1,2,0,1,1
7,45.07,-121.964,ID7_F7_m7f7_P7_Y9_UO2408,ID7_F7_m7f7_P7_Y6_UO6462,ID7_F7_m7f7_P7_Y8_UO183,MXY,1,0.0,1,0,0.0,0,0,0,-9999.0,0.794921875,1,P6_CV0,1,2,0,0,2
7,45.07,-121.964,ID7_F7_m7f7_P7_Y9_UO2409,ID7_F7_m7f7_P7_Y6_UO6462,ID7_F7_m7f7_P7_Y8_UO183,FXX,1,0.0,1,0,1.0,0,0,0,-9999.0,0.794921875,1,P6_CV0,1,2,0,1,1
7,45.07,-121.964,ID7_F7_m7f7_P7_Y9_UO2440,ID7_F7_m7f7_P7_Y6_UO4788,ID7_F7_m7f7_P7_Y7_UO5044,FXX,1,0.0,1,0,1.0,0,0,0,-9999.0,0.7734375,1,P6_CV0,1,2,0,1,1
7,45.07,-121.964,ID7_F7_m7f7_P7_Y9_UO2441,ID7_F7_m7f7_P7_Y6_UO4788,ID7_F7_m7f7_P7_Y7_UO5044,FXX,1,0.0,1,0,1.0,0,0,0,-9999.0,0.7734375,1,P6_CV0,1,2,0,0,2
7,45.07,-121.964,ID7_F7_m7f7_P7_Y9_UO2442,ID7_F7_m7f7_P7_Y6_UO5727,ID7_F7_m7f7_P7_Y7_UO4927,MXY,1,0.0,1,0,0.0,0,0,0,-9999.0,0.72265625,1,P6_CV0,1,2,0,0,2
7,45.07,-121.964,ID7_F7_m7f7_P7_Y9_UO2443,ID7_F7_m7f7_P7_Y6_UO5727,ID7_F7_m7f7_P7_Y7_UO4927,FXX,1,0.0,1,0,1.0,0,0,0,-9999.0,0.72265625,1,P6_CV0,1,2,0,0,2
7,45.07,-121.964,ID7_F7_m7f7_P7_Y9_UO2444,ID7_F7_m7f7_P7_Y6_UO5727,ID7_F7_m7f7_P7_Y7_UO4927,FXX,1,0.0,1,0,1.0,0,0,0,-9999.0,0.72265625,1,P6_CV0,1,2,0,1,1
7,45.07,-121.964,ID7_F7_m7f7_P7_Y9_UO2445,ID7_F7_m7f7_P7_Y6_UO5727,ID7_F7_m7f7_P7_Y7_UO4927,MXY,1,0.0,1,0,0.0,0,0,0,-9999.0,0.72265625,1,P6_CV0,1,2,0,0,2
7,45.07,-121.964,ID7_F7_m7f7_P7_Y9_UO2449,ID7_F7_m7f7_P7_Y6_UO5444,ID7_F7_m7f7_P7_Y8_UO726,MXY,1,0.0,1,0,0.0,0,0,0,-9999.0,0.734375,1,P6_CV0,1,2,0,1,1
7,45.07,-121.964,ID7_F7_m7f7_P7_Y9_UO2450,ID7_F7_m7f7_P7_Y6_UO5444,ID7_F7_m7f7_P7_Y8_UO726,MXY,1,0.0,1,0,0.0,0,0,0,-9999.0,0.734375,1,P6_CV0,1,2,0,0,2
7,45.07,-121.964,ID7_F7_m7f7_P7_Y9_UO2453,ID7_F7_m7f7_P7_Y6_UO5444,ID7_F7_m7f7_P7_Y8_UO726,FXX,1,0.0,1,0,1.0,0,0,0,-9999.0,0.734375,1,P6_CV0,1,2,0,0,2
7,45.07,-121.964,ID7_F7_m7f7_P7_Y9_UO2683,ID7_F7_m7f7_P7_Y6_UO4788,ID7_F7_m7f7_P7_Y5_UO4209,FXX,1,0.0,1,0,1.0,0,0,0,-9999.0,0.78515625,1,P6_CV0,1,2,0,1,1
7,45.07,-121.964,ID7_F7_m7f7_P7_Y9_UO2684,ID7_F7_m7f7_P7_Y6_UO4788,ID7_F7_m7f7_P7_Y5_UO4209,FXX,1,0.0,1,0,1.0,0,0,0,-9999.0,0.78515625,1,P6_CV0,1,2,0,0,2
7,45.07,-121.964,ID7_F7_m7f7_P7_Y9_UO2792,ID7_F7_m7f7_P7_Y7_UO5039,ID7_F7_m7f7_P7_Y8_UO5234,MXY,1,0.0,1,0,0.0,0,0,0,-9999.0,0.767578125,1,P6_CV0,1,2,0,0,2
7,45.07,-121.964,ID7_F7_m7f7_P7_Y9_UO2794,ID7_F7_m7f7_P7_Y7_UO5039,ID7_F7_m7f7_P7_Y8_UO5234,MXY,1,0.0,1,0,0.0,0,0,0,-9999.0,0.767578125,1,P6_CV0,1,2,0,2,0
7,45.07,-121.964,ID7_F7_m7f7_P7_Y9_UO2795,ID7_F7_m7f7_P7_Y7_UO5039,ID7_F7_m7f7_P7_Y8_UO5234,FXX,1,0.0,1,0,1.0,0,0,0,-9999.0,0.767578125,1,P6_CV0,1,2,0,1,1
7,45.07,-121.964,ID7_F7_m7f7_P7_Y9_UO2796,ID7_F7_m7f7_P7_Y7_UO5039,ID7_F7_m7f7_P7_Y8_UO5234,MXY,1,0.0,1,0,0.0,0,0,0,-9999.0,0.767578125,1,P6_CV0,1,2,0,0,2
7,45.07,-121.964,ID7_F7_m7f7_P7_Y9_UO2797,ID7_F7_m7f7_P7_Y7_UO5039,ID7_F7_m7f7_P7_Y8_UO5234,FXX,1,0.0,1,0,1.0,0,0,0,-9999.0,0.767578125,1,P6_CV0,1,2,0,2,0
7,45.07,-121.964,ID7_F7_m7f7_P7_Y9_UO2960,ID7_F7_m7f7_P7_Y6_UO3777,ID7_F7_m7f7_P7_Y6_UO7467,FXX,1,0.0,1,0,1.0,0,0,0,-9999.0,0.796875,1,P6_CV0,1,2,0,1,1
7,45.07,-121.964,ID7_F7_m7f7_P7_Y9_UO2962,ID7_F7_m7f7_P7_Y6_UO3777,ID7_F7_m7f7_P7_Y6_UO7467,FXX,1,0.0,1,0,1.0,0,0,0,-9999.0,0.796875,1,P6_CV0,1,2,0,0,2
7,45.07,-121.964,ID7_F7_m7f7_P7_Y9_UO2963,ID7_F7_m7f7_P7_Y6_UO3777,ID7_F7_m7f7_P7_Y6_UO7467,MXY,1,0.0,1,0,0.0,0,0,0,-9999.0,0.796875,1,P6_CV0,1,2,0,1,1
7,45.07,-121.964,ID7_F7_m7f7_P7_Y9_UO2964,ID7_F7_m7f7_P7_Y6_UO3777,ID7_F7_m7f7_P7_Y6_UO7467,FXX,1,0.0,1,0,1.0,0,0,0,-9999.0,0.796875,1,P6_CV0,1,2,0,1,1
7,45.07,-121.964,ID7_F7_m7f7_P7_Y9_UO2965,ID7_F7_m7f7_P7_Y6_UO3777,ID7_F7_m7f7_P7_Y6_UO7467,FXX,1,0.0,1,0,1.0,0,0,0,-9999.0,0.796875,1,P6_CV0,1,2,0,0,2
7,45.07,-121.964,ID7_F7_m7f7_P7_Y9_UO2966,ID7_F7_m7f7_P7_Y6_UO5772,ID7_F7_m7f7_P7_Y8_UO2032,MXY,1,0.0,1,0,0.0,0,0,0,-9999.0,0.80859375,1,P6_CV0,1,2,0,1,1
7,45.07,-121.964,ID7_F7_m7f7_P7_Y9_UO3060,ID7_F7_m7f7_P7_Y7_UO2990,ID7_F7_m7f7_P7_Y8_UO2167,FXX,1,0.0,1,0,1.0,0,0,0,-9999.0,0.76953125,1,P6_CV0,1,2,0,0,2
7,45.07,-121.964,ID7_F7_m7f7_P7_Y9_UO3195,ID7_F7_m7f7_P7_Y7_UO5037,ID7_F7_m7f7_P7_Y8_UO796,FXX,1,0.0,1,0,1.0,0,0,0,-9999.0,0.7265625,1,P6_CV0,1,2,0,0,2
7,45.07,-121.964,ID7_F7_m7f7_P7_Y9_UO3196,ID7_F7_m7f7_P7_Y7_UO5037,ID7_F7_m7f7_P7_Y8_UO796,MXY,1,0.0,1,0,0.0,0,0,0,-9999.0,0.7265625,1,P6_CV0,1,2,0,1,1
7,45.07,-121.964,ID7_F7_m7f7_P7_Y9_UO3197,ID7_F7_m7f7_P7_Y7_UO5037,ID7_F7_m7f7_P7_Y8_UO796,FXX,1,0.0,1,0,1.0,0,0,0,-9999.0,0.7265625,1,P6_CV0,1,2,0,2,0
7,45.07,-121.964,ID7_F7_m7f7_P7_Y9_UO3314,ID7_F7_m7f7_P7_Y7_UO5502,ID7_F7_m7f7_P7_Y8_UO3714,MXY,1,0.0,1,0,0.0,0,0,0,-9999.0,0.755859375,1,P6_CV0,1,2,0,2,0
7,45.07,-121.964,ID7_F7_m7f7_P7_Y9_UO3317,ID7_F7_m7f7_P7_Y7_UO5502,ID7_F7_m7f7_P7_Y8_UO3714,MXY,1,0.0,1,0,0.0,0,0,0,-9999.0,0.755859375,1,P6_CV0,1,2,0,1,1
7,45.07,-121.964,ID7_F7_m7f7_P7_Y9_UO3376,ID7_F7_m7f7_P7_Y7_UO2316,ID7_F7_m7f7_P7_Y8_UO2035,MXY,1,0.0,1,0,0.0,0,0,0,-9999.0,0.796875,1,P6_CV0,1,2,0,1,1
7,45.07,-121.964,ID7_F7_m7f7_P7_Y9_UO3634,ID7_F7_m7f7_P7_Y7_UO5037,ID7_F7_m7f7_P7_Y4_UO7100,MXY,1,0.0,1,0,0.0,0,0,0,-9999.0,0.716796875,1,P6_CV0,1,2,0,1,1
7,45.07,-121.964,ID7_F7_m7f7_P7_Y9_UO3677,ID7_F7_m7f7_P7_Y7_UO3171,ID7_F7_m7f7_P7_Y6_UO2804,FXX,1,0.0,1,0,1.0,0,0,0,-9999.0,0.7578125,1,P6_CV0,1,2,0,2,0
7,45.07,-121.964,ID7_F7_m7f7_P7_Y9_UO3678,ID7_F7_m7f7_P7_Y7_UO3171,ID7_F7_m7f7_P7_Y6_UO2804,FXX,1,0.0,1,0,1.0,0,0,0,-9999.0,0.7578125,1,P6_CV0,1,2,0,1,1
7,45.07,-121.964,ID7_F7_m7f7_P7_Y9_UO3680,ID7_F7_m7f7_P7_Y7_UO3171,ID7_F7_m7f7_P7_Y6_UO2804,FXX,1,0.0,1,0,1.0,0,0,0,-9999.0,0.7578125,1,P6_CV0,1,2,0,2,0
7,45.07,-121.964,ID7_F7_m7f7_P7_Y9_UO3779,ID7_F7_m7f7_P7_Y6_UO7072,ID7_F7_m7f7_P7_Y8_UO3709,FXX,1,0.0,1,0,1.0,0,0,0,-9999.0,0.818359375,1,P6_CV0,1,2,0,1,1
7,45.07,-121.964,ID7_F7_m7f7_P7_Y9_UO3866,ID7_F7_m7f7_P7_Y7_UO2733,ID7_F7_m7f7_P7_Y7_UO847,FXX,1,0.0,1,0,1.0,0,0,0,-9999.0,0.8046875,1,P6_CV0,1,2,0,1,1
7,45.07,-121.964,ID7_F7_m7f7_P7_Y9_UO3867,ID7_F7_m7f7_P7_Y7_UO2733,ID7_F7_m7f7_P7_Y7_UO847,FXX,1,0.0,1,0,1.0,0,0,0,-9999.0,0.8046875,1,P6_CV0,1,2,0,0,2
7,45.07,-121.964,ID7_F7_m7f7_P7_Y9_UO3868,ID7_F7_m7f7_P7_Y7_UO2733,ID7_F7_m7f7_P7_Y7_UO847,FXX,1,0.0,1,0,1.0,0,0,0,-9999.0,0.8046875,1,P6_CV0,1,2,0,1,1
7,45.07,-121.964,ID7_F7_m7f7_P7_Y9_UO3994,ID7_F7_m7f7_P7_Y7_UO3917,ID7_F7_m7f7_P7_Y7_UO2556,FXX,1,0.0,1,0,1.0,0,0,0,-9999.0,0.7421875,1,P6_CV0,1,2,0,1,1
7,45.07,-121.964,ID7_F7_m7f7_P7_Y9_UO4071,ID7_F7_m7f7_P7_Y6_UO3759,ID7_F7_m7f7_P7_Y7_UO4932,FXX,1,0.0,1,0,1.0,0,0,0,-9999.0,0.76953125,1,P6_CV0,1,2,0,2,0
7,45.07,-121.964,ID7_F7_m7f7_P7_Y9_UO4274,ID7_F7_m7f7_P7_Y6_UO5772,ID7_F7_m7f7_P7_Y6_UO2804,FXX,1,0.0,1,0,1.0,0,0,0,-9999.0,0.80078125,1,P6_CV0,1,2,0,1,1
7,45.07,-121.964,ID7_F7_m7f7_P7_Y9_UO4464,ID7_F7_m7f7_P7_Y7_UO2688,ID7_F7_m7f7_P7_Y8_UO6128,MXY,1,0.0,1,0,0.0,0,0,0,-9999.0,0.7392578125,1,P6_CV0,1,2,0,0,2
7,45.07,-121.964,ID7_F7_m7f7_P7_Y9_UO4465,ID7_F7_m7f7_P7_Y7_UO2688,ID7_F7_m7f7_P7_Y8_UO6128,FXX,1,0.0,1,0,1.0,0,0,0,-9999.0,0.7392578125,1,P6_CV0,1,2,0,0,2
7,45.07,-121.964,ID7_F7_m7f7_P7_Y9_UO4466,ID7_F7_m7f7_P7_Y7_UO2688,ID7_F7_m7f7_P7_Y8_UO6128,MXY,1,0.0,1,0,0.0,0,0,0,-9999.0,0.7392578125,1,P6_CV0,1,2,0,0,2
7,45.07,-121.964,ID7_F7_m7f7_P7_Y9_UO4476,ID7_F7_m7f7_P7_Y5_UO3164,ID7_F7_m7f7_P7_Y7_UO1415,FXX,1,0.0,1,0,1.0,0,0,0,-9999.0,0.6484375,1,P6_CV0,1,2,0,0,2
7,45.07,-121.964,ID7_F7_m7f7_P7_Y9_UO4562,ID7_F7_m7f7_P7_Y6_UO5656,ID7_F7_m7f7_P7_Y7_UO4932,MXY,1,0.0,1,0,0.0,0,0,0,-9999.0,0.76171875,1,P6_CV0,1,2,0,2,0
7,45.07,-121.964,ID7_F7_m7f7_P7_Y9_UO4563,ID7_F7_m7f7_P7_Y6_UO5656,ID7_F7_m7f7_P7_Y7_UO4932,MXY,1,0.0,1,0,0.0,0,0,0,-9999.0,0.76171875,1,P6_CV0,1,2,0,2,0
7,45.07,-121.964,ID7_F7_m7f7_P7_Y9_UO4564,ID7_F7_m7f7_P7_Y7_UO5265,ID7_F7_m7f7_P7_Y8_UO5243,MXY,1,0.0,1,0,0.0,0,0,0,-9999.0,0.7734375,1,P6_CV0,1,2,0,0,2
7,45.07,-121.964,ID7_F7_m7f7_P7_Y9_UO4565,ID7_F7_m7f7_P7_Y7_UO5265,ID7_F7_m7f7_P7_Y8_UO5243,FXX,1,0.0,1,0,1.0,0,0,0,-9999.0,0.7734375,1,P6_CV0,1,2,0,0,2
7,45.07,-121.964,ID7_F7_m7f7_P7_Y9_UO4566,ID7_F7_m7f7_P7_Y7_UO5265,ID7_F7_m7f7_P7_Y8_UO5243,MXY,1,0.0,1,0,0.0,0,0,0,-9999.0,0.7734375,1,P6_CV0,1,2,0,0,2
7,45.07,-121.964,ID7_F7_m7f7_P7_Y9_UO4570,ID7_F7_m7f7_P7_Y7_UO5265,ID7_F7_m7f7_P7_Y8_UO5243,MXY,1,0.0,1,0,0.0,0,0,0,-9999.0,0.7734375,1,P6_CV0,1,2,0,0,2
7,45.07,-121.964,ID7_F7_m7f7_P7_Y9_UO4573,ID7_F7_m7f7_P7_Y7_UO5265,ID7_F7_m7f7_P7_Y8_UO5243,MXY,1,0.0,1,0,0.0,0,0,0,-9999.0,0.7734375,1,P6_CV0,1,2,0,0,2
7,45.07,-121.964,ID7_F7_m7f7_P7_Y9_UO4713,ID7_F7_m7f7_P7_Y7_UO2990,ID7_F7_m7f7_P7_Y8_UO5048,MXY,1,0.0,1,0,0.0,0,0,0,-9999.0,0.716796875,1,P6_CV0,1,2,0,1,1
7,45.07,-121.964,ID7_F7_m7f7_P7_Y9_UO4715,ID7_F7_m7f7_P7_Y7_UO2990,ID7_F7_m7f7_P7_Y8_UO5048,FXX,1,0.0,1,0,1.0,0,0,0,-9999.0,0.716796875,1,P6_CV0,1,2,0,0,2
7,45.07,-121.964,ID7_F7_m7f7_P7_Y9_UO4716,ID7_F7_m7f7_P7_Y7_UO2990,ID7_F7_m7f7_P7_Y8_UO5048,MXY,1,0.0,1,0,0.0,0,0,0,-9999.0,0.716796875,1,P6_CV0,1,2,0,0,2
7,45.07,-121.964,ID7_F7_m7f7_P7_Y9_UO4822,ID7_F7_m7f7_P7_Y7_UO5037,ID7_F7_m7f7_P7_Y5_UO3160,FXX,1,0.0,1,0,1.0,0,0,0,-9999.0,0.638671875,1,P6_CV0,1,2,0,1,1
7,45.07,-121.964,ID7_F7_m7f7_P7_Y9_UO4850,ID7_F7_m7f7_P7_Y7_UO3917,ID7_F7_m7f7_P7_Y7_UO4829,MXY,1,0.0,1,0,0.0,0,0,0,-9999.0,0.736328125,1,P6_CV0,1,2,0,1,1
7,45.07,-121.964,ID7_F7_m7f7_P7_Y9_UO4886,ID7_F7_m7f7_P7_Y7_UO1472,ID7_F7_m7f7_P7_Y7_UO5666,MXY,1,0.0,1,0,0.0,0,0,0,-9999.0,0.7353515625,1,P6_CV0,1,2,0,1,1
7,45.07,-121.964,ID7_F7_m7f7_P7_Y9_UO4888,ID7_F7_m7f7_P7_Y7_UO1472,ID7_F7_m7f7_P7_Y7_UO5666,FXX,1,0.0,1,0,1.0,0,0,0,-9999.0,0.7353515625,1,P6_CV0,1,2,0,1,1
7,45.07,-121.964,ID7_F7_m7f7_P7_Y9_UO4889,ID7_F7_m7f7_P7_Y7_UO1472,ID7_F7_m7f7_P7_Y7_UO5666,FXX,1,0.0,1,0,1.0,0,0,0,-9999.0,0.7353515625,1,P6_CV0,1,2,0,1,1
7,45.07,-121.964,ID7_F7_m7f7_P7_Y9_UO4892,ID7_F7_m7f7_P7_Y7_UO1472,ID7_F7_m7f7_P7_Y7_UO5666,FXX,1,0.0,1,0,1.0,0,0,0,-9999.0,0.7353515625,1,P6_CV0,1,2,0,1,1
7,45.07,-121.964,ID7_F7_m7f7_P7_Y9_UO4895,ID7_F7_m7f7_P7_Y7_UO1472,ID7_F7_m7f7_P7_Y7_UO5666,MXY,1,0.0,1,0,0.0,0,0,0,-9999.0,0.7353515625,1,P6_CV0,1,2,0,2,0
7,45.07,-121.964,ID7_F7_m7f7_P7_Y9_UO4919,ID7_F7_m7f7_P7_Y6_UO6462,ID7_F7_m7f7_P7_Y8_UO183,MXY,1,0.0,1,0,0.0,0,0,0,-9999.0,0.794921875,1,P6_CV0,1,2,0,2,0
7,45.07,-121.964,ID7_F7_m7f7_P7_Y9_UO5066,ID7_F7_m7f7_P7_Y7_UO2798,ID7_F7_m7f7_P7_Y8_UO6215,MXY,1,0.0,1,0,0.0,0,0,0,-9999.0,0.77734375,1,P6_CV0,1,2,0,1,1
7,45.07,-121.964,ID7_F7_m7f7_P7_Y9_UO5068,ID7_F7_m7f7_P7_Y7_UO2798,ID7_F7_m7f7_P7_Y8_UO6215,MXY,1,0.0,1,0,0.0,0,0,0,-9999.0,0.77734375,1,P6_CV0,1,2,0,1,1
7,45.07,-121.964,ID7_F7_m7f7_P7_Y9_UO5076,ID7_F7_m7f7_P7_Y6_UO5037,ID7_F7_m7f7_P7_Y8_UO2159,FXX,1,0.0,1,0,1.0,0,0,0,-9999.0,0.81640625,1,P6_CV0,1,2,0,2,0
7,45.07,-121.964,ID7_F7_m7f7_P7_Y9_UO5077,ID7_F7_m7f7_P7_Y6_UO5037,ID7_F7_m7f7_P7_Y8_UO2159,MXY,1,0.0,1,0,0.0,0,0,0,-9999.0,0.81640625,1,P6_CV0,1,2,0,1,1
7,45.07,-121.964,ID7_F7_m7f7_P7_Y9_UO5088,ID7_F7_m7f7_P7_Y7_UO1675,ID7_F7_m7f7_P7_Y8_UO5224,FXX,1,0.0,1,0,1.0,0,0,0,-9999.0,0.72265625,1,P6_CV0,1,2,0,1,1
7,45.07,-121.964,ID7_F7_m7f7_P7_Y9_UO5093,ID7_F7_m7f7_P7_Y7_UO1675,ID7_F7_m7f7_P7_Y8_UO5224,FXX,1,0.0,1,0,1.0,0,0,0,-9999.0,0.72265625,1,P6_CV0,1,2,0,2,0
7,45.07,-121.964,ID7_F7_m7f7_P7_Y9_UO5094,ID7_F7_m7f7_P7_Y7_UO1675,ID7_F7_m7f7_P7_Y8_UO5224,MXY,1,0.0,1,0,0.0,0,0,0,-9999.0,0.72265625,1,P6_CV0,1,2,0,2,0
7,45.07,-121.964,ID7_F7_m7f7_P7_Y9_UO5095,ID7_F7_m7f7_P7_Y7_UO1675,ID7_F7_m7f7_P7_Y8_UO5224,FXX,1,0.0,1,0,1.0,0,0,0,-9999.0,0.72265625,1,P6_CV0,1,2,0,2,0
7,45.07,-121.964,ID7_F7_m7f7_P7_Y9_UO5097,ID7_F7_m7f7_P7_Y7_UO1675,ID7_F7_m7f7_P7_Y8_UO5224,FXX,1,0.0,1,0,1.0,0,0,0,-9999.0,0.72265625,1,P6_CV0,1,2,0,1,1
7,45.07,-121.964,ID7_F7_m7f7_P7_Y9_UO5229,ID7_F7_m7f7_P7_Y6_UO7072,ID7_F7_m7f7_P7_Y7_UO5263,MXY,1,0.0,1,0,0.0,0,0,0,-9999.0,0.8046875,1,P6_CV0,1,2,0,1,1
7,45.07,-121.964,ID7_F7_m7f7_P7_Y9_UO5230,ID7_F7_m7f7_P7_Y6_UO7072,ID7_F7_m7f7_P7_Y7_UO5263,FXX,1,0.0,1,0,1.0,0,0,0,-9999.0,0.8046875,1,P6_CV0,1,2,0,1,1
7,45.07,-121.964,ID7_F7_m7f7_P7_Y9_UO5253,ID7_F7_m7f7_P7_Y6_UO6830,ID7_F7_m7f7_P7_Y6_UO6468,FXX,1,0.0,1,0,1.0,0,0,0,-9999.0,0.77734375,1,P6_CV0,1,2,0,1,1
7,45.07,-121.964,ID7_F7_m7f7_P7_Y9_UO5256,ID7_F7_m7f7_P7_Y6_UO6830,ID7_F7_m7f7_P7_Y6_UO6468,FXX,1,0.0,1,0,1.0,0,0,0,-9999.0,0.77734375,1,P6_CV0,1,2,0,0,2
7,45.07,-121.964,ID7_F7_m7f7_P7_Y9_UO5257,ID7_F7_m7f7_P7_Y6_UO6830,ID7_F7_m7f7_P7_Y6_UO6468,FXX,1,0.0,1,0,1.0,0,0,0,-9999.0,0.77734375,1,P6_CV0,1,2,0,0,2
7,45.07,-121.964,ID7_F7_m7f7_P7_Y9_UO5258,ID7_F7_m7f7_P7_Y6_UO6830,ID7_F7_m7f7_P7_Y6_UO6468,FXX,1,0.0,1,0,1.0,0,0,0,-9999.0,0.77734375,1,P6_CV0,1,2,0,1,1
7,45.07,-121.964,ID7_F7_m7f7_P7_Y9_UO5366,ID7_F7_m7f7_P7_Y7_UO2688,ID7_F7_m7f7_P7_Y7_UO1124,MXY,1,0.0,1,0,0.0,0,0,0,-9999.0,0.7412109375,1,P6_CV0,1,2,0,0,2
7,45.07,-121.964,ID7_F7_m7f7_P7_Y9_UO5444,ID7_F7_m7f7_P7_Y7_UO4551,ID7_F7_m7f7_P7_Y8_UO726,MXY,1,0.0,1,0,0.0,0,0,0,-9999.0,0.78125,1,P6_CV0,1,2,0,0,2
7,45.07,-121.964,ID7_F7_m7f7_P7_Y9_UO5445,ID7_F7_m7f7_P7_Y7_UO4551,ID7_F7_m7f7_P7_Y8_UO726,MXY,1,0.0,1,0,0.0,0,0,0,-9999.0,0.78125,1,P6_CV0,1,2,0,0,2
7,45.07,-121.964,ID7_F7_m7f7_P7_Y9_UO5449,ID7_F7_m7f7_P7_Y7_UO4551,ID7_F7_m7f7_P7_Y8_UO726,MXY,1,0.0,1,0,0.0,0,0,0,-9999.0,0.78125,1,P6_CV0,1,2,0,0,2
7,45.07,-121.964,ID7_F7_m7f7_P7_Y9_UO5475,ID7_F7_m7f7_P7_Y6_UO5443,ID7_F7_m7f7_P7_Y8_UO4308,MXY,1,0.0,1,0,0.0,0,0,0,-9999.0,0.71484375,1,P6_CV0,1,2,0,1,1
7,45.07,-121.964,ID7_F7_m7f7_P7_Y9_UO5477,ID7_F7_m7f7_P7_Y6_UO5443,ID7_F7_m7f7_P7_Y8_UO4308,MXY,1,0.0,1,0,0.0,0,0,0,-9999.0,0.71484375,1,P6_CV0,1,2,0,1,1
7,45.07,-121.964,ID7_F7_m7f7_P7_Y9_UO5479,ID7_F7_m7f7_P7_Y7_UO4939,ID7_F7_m7f7_P7_Y8_UO6131,MXY,1,0.0,1,0,0.0,0,0,0,-9999.0,0.736328125,1,P6_CV0,1,2,0,1,1
7,45.07,-121.964,ID7_F7_m7f7_P7_Y9_UO5482,ID7_F7_m7f7_P7_Y7_UO4939,ID7_F7_m7f7_P7_Y8_UO6131,MXY,1,0.0,1,0,0.0,0,0,0,-9999.0,0.736328125,1,P6_CV0,1,2,0,1,1
7,45.07,-121.964,ID7_F7_m7f7_P7_Y9_UO5525,ID7_F7_m7f7_P7_Y7_UO4547,ID7_F7_m7f7_P7_Y6_UO325,MXY,1,0.0,1,0,0.0,0,0,0,-9999.0,0.73046875,1,P6_CV0,1,2,0,0,2
7,45.07,-121.964,ID7_F7_m7f7_P7_Y9_UO5526,ID7_F7_m7f7_P7_Y7_UO4547,ID7_F7_m7f7_P7_Y6_UO325,FXX,1,0.0,1,0,1.0,0,0,0,-9999.0,0.73046875,1,P6_CV0,1,2,0,0,2
7,45.07,-121.964,ID7_F7_m7f7_P7_Y9_UO5531,ID7_F7_m7f7_P7_Y7_UO4547,ID7_F7_m7f7_P7_Y6_UO325,FXX,1,0.0,1,0,1.0,0,0,0,-9999.0,0.73046875,1,P6_CV0,1,2,0,0,2
7,45.07,-121.964,ID7_F7_m7f7_P7_Y9_UO5575,ID7_F7_m7f7_P7_Y5_UO5059,ID7_F7_m7f7_P7_Y8_UO5219,FXX,1,0.0,1,0,1.0,0,0,0,-9999.0,0.724609375,1,P6_CV0,1,2,0,1,1
7,45.07,-121.964,ID7_F7_m7f7_P7_Y9_UO5577,ID7_F7_m7f7_P7_Y5_UO5059,ID7_F7_m7f7_P7_Y8_UO5219,FXX,1,0.0,1,0,1.0,0,0,0,-9999.0,0.724609375,1,P6_CV0,1,2,0,0,2
7,45.07,-121.964,ID7_F7_m7f7_P7_Y9_UO5613,ID7_F7_m7f7_P7_Y4_UO764,ID7_F7_m7f7_P7_Y8_UO6063,MXY,1,0.0,1,0,0.0,0,0,0,-9999.0,0.77587890625,1,P6_CV0,1,2,0,2,0
7,45.07,-121.964,ID7_F7_m7f7_P7_Y9_UO5615,ID7_F7_m7f7_P7_Y4_UO764,ID7_F7_m7f7_P7_Y8_UO6063,FXX,1,0.0,1,0,1.0,0,0,0,-9999.0,0.77587890625,1,P6_CV0,1,2,0,2,0
7,45.07,-121.964,ID7_F7_m7f7_P7_Y9_UO5616,ID7_F7_m7f7_P7_Y4_UO764,ID7_F7_m7f7_P7_Y8_UO6063,FXX,1,0.0,1,0,1.0,0,0,0,-9999.0,0.77587890625,1,P6_CV0,1,2,0,2,0
7,45.07,-121.964,ID7_F7_m7f7_P7_Y9_UO5617,ID7_F7_m7f7_P7_Y4_UO764,ID7_F7_m7f7_P7_Y8_UO6063,MXY,1,0.0,1,0,0.0,0,0,0,-9999.0,0.77587890625,1,P6_CV0,1,2,0,2,0
7,45.07,-121.964,ID7_F7_m7f7_P7_Y9_UO5628,ID7_F7_m7f7_P7_Y6_UO5443,ID7_F7_m7f7_P7_Y8_UO5244,FXX,1,0.0,1,0,1.0,0,0,0,-9999.0,0.73828125,1,P6_CV0,1,2,0,1,1
7,45.07,-121.964,ID7_F7_m7f7_P7_Y9_UO5738,ID7_F7_m7f7_P7_Y7_UO2686,ID7_F7_m7f7_P7_Y8_UO6131,MXY,1,0.0,1,0,0.0,0,0,0,-9999.0,0.7392578125,1,P6_CV0,1,2,0,0,2
7,45.07,-121.964,ID7_F7_m7f7_P7_Y9_UO5739,ID7_F7_m7f7_P7_Y7_UO2686,ID7_F7_m7f7_P7_Y8_UO6131,MXY,1,0.0,1,0,0.0,0,0,0,-9999.0,0.7392578125,1,P6_CV0,1,2,0,0,2
7,45.07,-121.964,ID7_F7_m7f7_P7_Y9_UO5741,ID7_F7_m7f7_P7_Y7_UO2686,ID7_F7_m7f7_P7_Y8_UO6131,MXY,1,0.0,1,0,0.0,0,0,0,-9999.0,0.7392578125,1,P6_CV0,1,2,0,0,2
7,45.07,-121.964,ID7_F7_m7f7_P7_Y9_UO5748,ID7_F7_m7f7_P7_Y6_UO3759,ID7_F7_m7f7_P7_Y8_UO2327,MXY,1,0.0,1,0,0.0,0,0,0,-9999.0,0.775390625,1,P6_CV0,1,2,0,1,1
7,45.07,-121.964,ID7_F7_m7f7_P7_Y9_UO5749,ID7_F7_m7f7_P7_Y7_UO2071,ID7_F7_m7f7_P7_Y8_UO6128,FXX,1,0.0,1,0,1.0,0,0,0,-9999.0,0.7734375,1,P6_CV0,1,2,0,0,2
7,45.07,-121.964,ID7_F7_m7f7_P7_Y9_UO5750,ID7_F7_m7f7_P7_Y7_UO2071,ID7_F7_m7f7_P7_Y8_UO6128,MXY,1,0.0,1,0,0.0,0,0,0,-9999.0,0.7734375,1,P6_CV0,1,2,0,1,1
7,45.07,-121.964,ID7_F7_m7f7_P7_Y9_UO5751,ID7_F7_m7f7_P7_Y7_UO2071,ID7_F7_m7f7_P7_Y8_UO6128,FXX,1,0.0,1,0,1.0,0,0,0,-9999.0,0.7734375,1,P6_CV0,1,2,0,0,2
7,45.07,-121.964,ID7_F7_m7f7_P7_Y9_UO5945,ID7_F7_m7f7_P7_Y7_UO5501,ID7_F7_m7f7_P7_Y4_UO1884,MXY,1,0.0,1,0,0.0,0,0,0,-9999.0,0.85546875,1,P6_CV0,1,2,0,0,2
7,45.07,-121.964,ID7_F7_m7f7_P7_Y9_UO5946,ID7_F7_m7f7_P7_Y7_UO5501,ID7_F7_m7f7_P7_Y4_UO1884,MXY,1,0.0,1,0,0.0,0,0,0,-9999.0,0.85546875,1,P6_CV0,1,2,0,1,1
7,45.07,-121.964,ID7_F7_m7f7_P7_Y9_UO6085,ID7_F7_m7f7_P7_Y7_UO3540,ID7_F7_m7f7_P7_Y7_UO4459,FXX,1,0.0,1,0,1.0,0,0,0,-9999.0,0.779296875,1,P6_CV0,1,2,0,1,1
7,45.07,-121.964,ID7_F7_m7f7_P7_Y9_UO6090,ID7_F7_m7f7_P7_Y7_UO3540,ID7_F7_m7f7_P7_Y7_UO4459,MXY,1,0.0,1,0,0.0,0,0,0,-9999.0,0.779296875,1,P6_CV0,1,2,0,2,0
7,45.07,-121.964,ID7_F7_m7f7_P7_Y9_UO6091,ID7_F7_m7f7_P7_Y7_UO3540,ID7_F7_m7f7_P7_Y7_UO4459,FXX,1,0.0,1,0,1.0,0,0,0,-9999.0,0.779296875,1,P6_CV0,1,2,0,2,0
7,45.07,-121.964,ID7_F7_m7f7_P7_Y8_UO1168,ID7_F7_m7f7_P7_Y6_UO5037,ID7_F7_m7f7_P7_Y4_UO7100,FXX,2,0.0,1,0,1.0,0,0,0,-9999.0,0.76953125,1,P6_CV0,1,2,0,1,1
7,45.07,-121.964,ID7_F7_m7f7_P7_Y8_UO4668,ID7_F7_m7f7_P7_Y4_UO764,ID7_F7_m7f7_P7_Y6_UO1165,FXX,2,0.0,1,0,1.0,0,0,0,-9999.0,0.8515625,1,P6_CV0,1,2,0,2,0
7,45.07,-121.964,ID7_F7_m7f7_P7_Y8_UO4916,ID7_F7_m7f7_P7_Y6_UO5773,ID7_F7_m7f7_P7_Y7_UO2318,FXX,2,0.0,1,0,1.0,0,0,0,-9999.0,0.80859375,1,P6_CV0,1,2,0,1,1
7,45.07,-121.964,ID7_F7_m7f7_P7_Y8_UO635,ID7_F7_m7f7_P7_Y6_UO4013,ID7_F7_m7f7_P7_Y7_UO5507,FXX,2,0.0,1,0,1.0,0,0,0,-9999.0,0.76953125,1,P6_CV0,1,2,0,0,2
7,45.07,-121.964,ID7_F7_m7f7_P7_Y8_UO2343,ID7_F7_m7f7_P7_Y6_UO5807,ID7_F7_m7f7_P7_Y7_UO5052,MXY,2,0.0,1,0,0.0,0,0,0,-9999.0,0.7578125,1,P6_CV0,1,2,0,0,2
7,45.07,-121.964,ID7_F7_m7f7_P7_Y8_UO631,ID7_F7_m7f7_P7_Y6_UO4013,ID7_F7_m7f7_P7_Y7_UO5507,FXX,2,0.0,1,0,1.0,0,0,0,-9999.0,0.76953125,1,P6_CV0,1,2,0,0,2
7,45.07,-121.964,ID7_F7_m7f7_P7_Y8_UO727,ID7_F7_m7f7_P7_Y6_UO7504,ID7_F7_m7f7_P7_Y7_UO1200,FXX,2,0.0,1,0,1.0,0,0,0,-9999.0,0.78125,1,P6_CV0,1,2,0,0,2
7,45.07,-121.964,ID7_F7_m7f7_P7_Y8_UO3705,ID7_F7_m7f7_P7_Y6_UO7072,ID7_F7_m7f7_P7_Y5_UO4209,FXX,2,0.0,1,0,1.0,0,0,0,-9999.0,0.78515625,1,P6_CV0,1,2,0,1,1
7,45.07,-121.964,ID7_F7_m7f7_P7_Y8_UO4686,ID7_F7_m7f7_P7_Y6_UO1651,ID7_F7_m7f7_P7_Y7_UO5048,MXY,2,0.0,1,0,0.0,0,0,0,-9999.0,0.72265625,1,P6_CV0,1,2,0,2,0
7,45.07,-121.964,ID7_F7_m7f7_P7_Y8_UO4687,ID7_F7_m7f7_P7_Y6_UO1651,ID7_F7_m7f7_P7_Y7_UO5048,FXX,2,0.0,1,0,1.0,0,0,0,-9999.0,0.72265625,1,P6_CV0,1,2,0,2,0
7,45.07,-121.964,ID7_F7_m7f7_P7_Y8_UO5239,ID7_F7_m7f7_P7_Y6_UO5811,ID7_F7_m7f7_P7_Y7_UO2989,MXY,2,0.0,1,0,0.0,0,0,0,-9999.0,0.7890625,1,P6_CV0,1,2,0,0,2
7,45.07,-121.964,ID7_F7_m7f7_P7_Y8_UO5220,ID7_F7_m7f7_P7_Y6_UO7358,ID7_F7_m7f7_P7_Y7_UO1619,MXY,2,0.0,1,0,0.0,0,0,0,-9999.0,0.74609375,1,P6_CV0,1,2,0,1,1
7,45.07,-121.964,ID7_F7_m7f7_P7_Y8_UO4864,ID7_F7_m7f7_P7_Y6_UO2600,ID7_F7_m7f7_P7_Y7_UO4750,MXY,2,0.0,1,0,0.0,0,0,0,-9999.0,0.83203125,1,P6_CV0,1,2,0,1,1
7,45.07,-121.964,ID7_F7_m7f7_P7_Y8_UO6062,ID7_F7_m7f7_P7_Y6_UO1452,ID7_F7_m7f7_P7_Y7_UO1476,MXY,2,0.0,1,0,0.0,0,0,0,-9999.0,0.7080078125,1,P6_CV0,1,2,0,1,1
7,45.07,-121.964,ID7_F7_m7f7_P7_Y8_UO2163,ID7_F7_m7f7_P7_Y6_UO525,ID7_F7_m7f7_P7_Y7_UO1204,FXX,2,0.0,1,0,1.0,0,0,0,-9999.0,0.78125,1,P6_CV0,1,2,0,1,1
7,45.07,-121.964,ID7_F7_m7f7_P7_Y8_UO4923,ID7_F7_m7f7_P7_Y6_UO5773,ID7_F7_m7f7_P7_Y7_UO2318,FXX,2,0.0,1,0,1.0,0,0,0,-9999.0,0.80859375,1,P6_CV0,1,2,0,1,1
7,45.07,-121.964,ID7_F7_m7f7_P7_Y8_UO45,ID7_F7_m7f7_P7_Y6_UO5444,ID7_F7_m7f7_P7_Y4_UO5337,FXX,2,0.0,1,0,1.0,0,0,0,-9999.0,0.6875,1,P6_CV0,1,2,0,1,1
7,45.07,-121.964,ID7_F7_m7f7_P7_Y8_UO1902,ID7_F7_m7f7_P7_Y6_UO6830,ID7_F7_m7f7_P7_Y6_UO7112,MXY,2,0.0,1,0,0.0,0,0,0,-9999.0,0.76953125,1,P6_CV0,1,2,0,0,2
7,45.07,-121.964,ID7_F7_m7f7_P7_Y8_UO4921,ID7_F7_m7f7_P7_Y6_UO5773,ID7_F7_m7f7_P7_Y7_UO2318,FXX,2,0.0,1,0,1.0,0,0,0,-9999.0,0.80859375,1,P6_CV0,1,2,0,0,2
7,45.07,-121.964,ID7_F7_m7f7_P7_Y8_UO5217,ID7_F7_m7f7_P7_Y6_UO7358,ID7_F7_m7f7_P7_Y7_UO1619,FXX,2,0.0,1,0,1.0,0,0,0,-9999.0,0.74609375,1,P6_CV0,1,2,0,1,1
7,45.07,-121.964,ID7_F7_m7f7_P7_Y8_UO4862,ID7_F7_m7f7_P7_Y6_UO2600,ID7_F7_m7f7_P7_Y7_UO4750,MXY,2,0.0,1,0,0.0,0,0,0,-9999.0,0.83203125,1,P6_CV0,1,2,0,1,1
7,45.07,-121.964,ID7_F7_m7f7_P7_Y8_UO2349,ID7_F7_m7f7_P7_Y6_UO5807,ID7_F7_m7f7_P7_Y7_UO5052,FXX,2,0.0,1,0,1.0,0,0,0,-9999.0,0.7578125,1,P6_CV0,1,2,0,1,1
7,45.07,-121.964,ID7_F7_m7f7_P7_Y8_UO6128,ID7_F7_m7f7_P7_Y6_UO520,ID7_F7_m7f7_P7_Y7_UO1619,MXY,2,0.0,1,0,0.0,0,0,0,-9999.0,0.74609375,1,P6_CV0,1,2,0,0,2
7,45.07,-121.964,ID7_F7_m7f7_P7_Y8_UO1906,ID7_F7_m7f7_P7_Y6_UO6830,ID7_F7_m7f7_P7_Y6_UO7112,MXY,2,0.0,1,0,0.0,0,0,0,-9999.0,0.76953125,1,P6_CV0,1,2,0,0,2
7,45.07,-121.964,ID7_F7_m7f7_P7_Y8_UO2033,ID7_F7_m7f7_P7_Y6_UO767,ID7_F7_m7f7_P7_Y7_UO1200,FXX,2,0.0,1,0,1.0,0,0,0,-9999.0,0.796875,1,P6_CV0,1,2,0,1,1
7,45.07,-121.964,ID7_F7_m7f7_P7_Y8_UO6210,ID7_F7_m7f7_P7_Y6_UO5444,ID7_F7_m7f7_P7_Y7_UO1130,FXX,2,0.0,1,0,1.0,0,0,0,-9999.0,0.71875,1,P6_CV0,1,2,0,0,2
7,45.07,-121.964,ID7_F7_m7f7_P7_Y8_UO185,ID7_F7_m7f7_P7_Y6_UO5634,ID7_F7_m7f7_P7_Y7_UO626,FXX,2,0.0,1,0,1.0,0,0,0,-9999.0,0.79296875,1,P6_CV0,1,2,0,1,1
7,45.07,-121.964,ID7_F7_m7f7_P7_Y8_UO624,ID7_F7_m7f7_P7_Y6_UO4013,ID7_F7_m7f7_P7_Y7_UO5507,MXY,2,0.0,1,0,0.0,0,0,0,-9999.0,0.76953125,1,P6_CV0,1,2,0,0,2
7,45.07,-121.964,ID7_F7_m7f7_P7_Y8_UO4856,ID7_F7_m7f7_P7_Y5_UO3164,ID7_F7_m7f7_P7_Y7_UO2736,MXY,2,0.0,1,0,0.0,0,0,0,-9999.0,0.654296875,1,P6_CV0,1,2,0,0,2
7,45.07,-121.964,ID7_F7_m7f7_P7_Y8_UO4871,ID7_F7_m7f7_P7_Y6_UO2600,ID7_F7_m7f7_P7_Y7_UO4750,FXX,2,0.0,1,0,1.0,0,0,0,-9999.0,0.83203125,1,P6_CV0,1,2,0,1,1
7,45.07,-121.964,ID7_F7_m7f7_P7_Y8_UO183,ID7_F7_m7f7_P7_Y6_UO5634,ID7_F7_m7f7_P7_Y7_UO626,MXY,2,0.0,1,0,0.0,0,0,0,-9999.0,0.79296875,1,P6_CV0,1,2,0,1,1
7,45.07,-121.964,ID7_F7_m7f7_P7_Y8_UO3843,ID7_F7_m7f7_P7_Y5_UO2824,ID7_F7_m7f7_P7_Y6_UO6827,FXX,2,0.0,1,0,1.0,0,0,0,-9999.0,0.78515625,1,P6_CV0,1,2,0,2,0
7,45.07,-121.964,ID7_F7_m7f7_P7_Y8_UO4868,ID7_F7_m7f7_P7_Y6_UO2600,ID7_F7_m7f7_P7_Y7_UO4750,FXX,2,0.0,1,0,1.0,0,0,0,-9999.0,0.83203125,1,P6_CV0,1,2,0,1,1
7,45.07,-121.964,ID7_F7_m7f7_P7_Y8_UO798,ID7_F7_m7f7_P7_Y6_UO5443,ID7_F7_m7f7_P7_Y7_UO4934,FXX,2,0.0,1,0,1.0,0,0,0,-9999.0,0.70703125,1,P6_CV0,1,2,0,0,2
7,45.07,-121.964,ID7_F7_m7f7_P7_Y8_UO3454,ID7_F7_m7f7_P7_Y6_UO5443,ID7_F7_m7f7_P7_Y7_UO5269,MXY,2,0.0,1,0,0.0,0,0,0,-9999.0,0.72265625,1,P6_CV0,1,2,0,1,1
7,45.07,-121.964,ID7_F7_m7f7_P7_Y8_UO5049,ID7_F7_m7f7_P7_Y6_UO4003,ID7_F7_m7f7_P7_Y4_UO7100,MXY,2,0.0,1,0,0.0,0,0,0,-9999.0,0.67578125,1,P6_CV0,1,2,0,0,2
7,45.07,-121.964,ID7_F7_m7f7_P7_Y8_UO3704,ID7_F7_m7f7_P7_Y6_UO7072,ID7_F7_m7f7_P7_Y5_UO4209,MXY,2,0.0,1,0,0.0,0,0,0,-9999.0,0.78515625,1,P6_CV0,1,2,0,1,1
7,45.07,-121.964,ID7_F7_m7f7_P7_Y8_UO5219,ID7_F7_m7f7_P7_Y6_UO7358,ID7_F7_m7f7_P7_Y7_UO1619,MXY,2,0.0,1,0,0.0,0,0,0,-9999.0,0.74609375,1,P6_CV0,1,2,0,1,1
7,45.07,-121.964,ID7_F7_m7f7_P7_Y8_UO4310,ID7_F7_m7f7_P7_Y6_UO6830,ID7_F7_m7f7_P7_Y7_UO4927,FXX,2,0.0,1,0,1.0,0,0,0,-9999.0,0.7421875,1,P6_CV0,1,2,0,1,1
7,45.07,-121.964,ID7_F7_m7f7_P7_Y8_UO1445,ID7_F7_m7f7_P7_Y6_UO1452,ID7_F7_m7f7_P7_Y6_UO5512,FXX,2,0.0,1,0,1.0,0,0,0,-9999.0,0.71484375,1,P6_CV0,1,2,0,1,1
7,45.07,-121.964,ID7_F7_m7f7_P7_Y8_UO2350,ID7_F7_m7f7_P7_Y6_UO5807,ID7_F7_m7f7_P7_Y7_UO5052,MXY,2,0.0,1,0,0.0,0,0,0,-9999.0,0.7578125,1,P6_CV0,1,2,0,0,2
7,45.07,-121.964,ID7_F7_m7f7_P7_Y8_UO5224,ID7_F7_m7f7_P7_Y6_UO7358,ID7_F7_m7f7_P7_Y7_UO1619,MXY,2,0.0,1,0,0.0,0,0,0,-9999.0,0.74609375,1,P6_CV0,1,2,0,1,1
7,45.07,-121.964,ID7_F7_m7f7_P7_Y8_UO2159,ID7_F7_m7f7_P7_Y6_UO525,ID7_F7_m7f7_P7_Y7_UO1204,MXY,2,0.0,1,0,0.0,0,0,0,-9999.0,0.78125,1,P6_CV0,1,2,0,1,1
7,45.07,-121.964,ID7_F7_m7f7_P7_Y8_UO4922,ID7_F7_m7f7_P7_Y6_UO5773,ID7_F7_m7f7_P7_Y7_UO2318,FXX,2,0.0,1,0,1.0,0,0,0,-9999.0,0.80859375,1,P6_CV0,1,2,0,0,2
7,45.07,-121.964,ID7_F7_m7f7_P7_Y8_UO5227,ID7_F7_m7f7_P7_Y6_UO7358,ID7_F7_m7f7_P7_Y7_UO1619,FXX,2,0.0,1,0,1.0,0,0,0,-9999.0,0.74609375,1,P6_CV0,1,2,0,1,1
7,45.07,-121.964,ID7_F7_m7f7_P7_Y8_UO2345,ID7_F7_m7f7_P7_Y6_UO5807,ID7_F7_m7f7_P7_Y7_UO5052,MXY,2,0.0,1,0,0.0,0,0,0,-9999.0,0.7578125,1,P6_CV0,1,2,0,0,2
7,45.07,-121.964,ID7_F7_m7f7_P7_Y8_UO381,ID7_F7_m7f7_P7_Y6_UO5037,ID7_F7_m7f7_P7_Y7_UO1209,FXX,2,0.0,1,0,1.0,0,0,0,-9999.0,0.81640625,1,P6_CV0,1,2,0,0,2
7,45.07,-121.964,ID7_F7_m7f7_P7_Y8_UO1164,ID7_F7_m7f7_P7_Y6_UO5037,ID7_F7_m7f7_P7_Y4_UO7100,MXY,2,0.0,1,0,0.0,0,0,0,-9999.0,0.76953125,1,P6_CV0,1,2,0,0,2
7,45.07,-121.964,ID7_F7_m7f7_P7_Y8_UO4696,ID7_F7_m7f7_P7_Y6_UO1651,ID7_F7_m7f7_P7_Y7_UO5048,MXY,2,0.0,1,0,0.0,0,0,0,-9999.0,0.72265625,1,P6_CV0,1,2,0,0,2
7,45.07,-121.964,ID7_F7_m7f7_P7_Y8_UO630,ID7_F7_m7f7_P7_Y6_UO4013,ID7_F7_m7f7_P7_Y7_UO5507,FXX,2,0.0,1,0,1.0,0,0,0,-9999.0,0.76953125,1,P6_CV0,1,2,0,1,1
7,45.07,-121.964,ID7_F7_m7f7_P7_Y8_UO4850,ID7_F7_m7f7_P7_Y5_UO3164,ID7_F7_m7f7_P7_Y7_UO2736,FXX,2,0.0,1,0,1.0,0,0,0,-9999.0,0.654296875,1,P6_CV0,1,2,0,0,2
7,45.07,-121.964,ID7_F7_m7f7_P7_Y8_UO2330,ID7_F7_m7f7_P7_Y5_UO5059,ID7_F7_m7f7_P7_Y7_UO5738,MXY,2,0.0,1,0,0.0,0,0,0,-9999.0,0.73828125,1,P6_CV0,1,2,0,0,2
7,45.07,-121.964,ID7_F7_m7f7_P7_Y8_UO796,ID7_F7_m7f7_P7_Y6_UO5443,ID7_F7_m7f7_P7_Y7_UO4934,MXY,2,0.0,1,0,0.0,0,0,0,-9999.0,0.70703125,1,P6_CV0,1,2,0,1,1
7,45.07,-121.964,ID7_F7_m7f7_P7_Y8_UO7228,ID7_F7_m7f7_P7_Y5_UO3975,ID7_F7_m7f7_P7_Y7_UO5261,MXY,2,0.0,1,0,0.0,0,0,0,-9999.0,0.71484375,1,P6_CV0,1,2,0,1,1
7,45.07,-121.964,ID7_F7_m7f7_P7_Y8_UO7480,ID7_F7_m7f7_P7_Y5_UO2824,ID7_F7_m7f7_P7_Y7_UO511,FXX,2,0.0,1,0,1.0,0,0,0,-9999.0,0.7109375,1,P6_CV0,1,2,0,2,0
7,45.07,-121.964,ID7_F7_m7f7_P7_Y8_UO6063,ID7_F7_m7f7_P7_Y6_UO1452,ID7_F7_m7f7_P7_Y7_UO1476,MXY,2,0.0,1,0,0.0,0,0,0,-9999.0,0.7080078125,1,P6_CV0,1,2,0,1,1
7,45.07,-121.964,ID7_F7_m7f7_P7_Y8_UO4667,ID7_F7_m7f7_P7_Y4_UO764,ID7_F7_m7f7_P7_Y6_UO1165,FXX,2,0.0,1,0,1.0,0,0,0,-9999.0,0.8515625,1,P6_CV0,1,2,0,2,0
7,45.07,-121.964,ID7_F7_m7f7_P7_Y8_UO4867,ID7_F7_m7f7_P7_Y6_UO2600,ID7_F7_m7f7_P7_Y7_UO4750,MXY,2,0.0,1,0,0.0,0,0,0,-9999.0,0.83203125,1,P6_CV0,1,2,0,1,1
7,45.07,-121.964,ID7_F7_m7f7_P7_Y7_UO2071,ID7_F7_m7f7_P7_Y5_UO3022,ID7_F7_m7f7_P7_Y6_UO6559,FXX,3,0.0,1,0,1.0,0,0,0,-9999.0,0.80078125,1,P6_CV0,1,2,0,1,1
7,45.07,-121.964,ID7_F7_m7f7_P7_Y7_UO2798,ID7_F7_m7f7_P7_Y5_UO2831,ID7_F7_m7f7_P7_Y6_UO1502,FXX,3,0.0,1,0,1.0,0,0,0,-9999.0,0.8359375,1,P6_CV0,1,2,0,1,1
7,45.07,-121.964,ID7_F7_m7f7_P7_Y7_UO1936,ID7_F7_m7f7_P7_Y5_UO3022,ID7_F7_m7f7_P7_Y6_UO5950,FXX,3,0.0,1,0,1.0,0,0,0,-9999.0,0.75,1,P6_CV0,1,2,0,2,0
7,45.07,-121.964,ID7_F7_m7f7_P7_Y7_UO2987,ID7_F7_m7f7_P7_Y4_UO1465,ID7_F7_m7f7_P7_Y6_UO1504,MXY,3,0.0,1,0,0.0,0,0,0,-9999.0,0.7578125,1,P6_CV0,1,2,0,2,0
7,45.07,-121.964,ID7_F7_m7f7_P7_Y7_UO1679,ID7_F7_m7f7_P7_Y5_UO1603,ID7_F7_m7f7_P7_Y4_UO2409,FXX,3,0.0,1,0,1.0,0,0,0,-9999.0,0.69921875,1,P6_CV0,1,2,0,2,0
7,45.07,-121.964,ID7_F7_m7f7_P7_Y7_UO1200,ID7_F7_m7f7_P7_Y5_UO2772,ID7_F7_m7f7_P7_Y4_UO1075,MXY,3,0.0,1,0,0.0,0,0,0,-9999.0,0.78125,1,P6_CV0,1,2,0,1,1
7,45.07,-121.964,ID7_F7_m7f7_P7_Y7_UO4750,ID7_F7_m7f7_P7_Y5_UO2824,ID7_F7_m7f7_P7_Y4_UO1884,MXY,3,0.0,1,0,0.0,0,0,0,-9999.0,0.8984375,1,P6_CV0,1,2,0,0,2
7,45.07,-121.964,ID7_F7_m7f7_P7_Y7_UO3900,ID7_F7_m7f7_P7_Y5_UO2827,ID7_F7_m7f7_P7_Y5_UO1244,FXX,3,0.0,1,0,1.0,0,0,0,-9999.0,0.7734375,1,P6_CV0,1,2,0,1,1
7,45.07,-121.964,ID7_F7_m7f7_P7_Y7_UO847,ID7_F7_m7f7_P7_Y5_UO1332,ID7_F7_m7f7_P7_Y6_UO5771,MXY,3,0.0,1,0,0.0,0,0,0,-9999.0,0.83203125,1,P6_CV0,1,2,0,0,2
7,45.07,-121.964,ID7_F7_m7f7_P7_Y7_UO5044,ID7_F7_m7f7_P7_Y5_UO2818,ID7_F7_m7f7_P7_Y6_UO2806,MXY,3,0.0,1,0,0.0,0,0,0,-9999.0,0.6953125,1,P6_CV0,1,2,0,1,1
7,45.07,-121.964,ID7_F7_m7f7_P7_Y7_UO5260,ID7_F7_m7f7_P7_Y5_UO928,ID7_F7_m7f7_P7_Y5_UO3167,MXY,3,0.0,1,0,0.0,0,0,0,-9999.0,0.7578125,1,P6_CV0,1,2,0,0,2
7,45.07,-121.964,ID7_F7_m7f7_P7_Y7_UO3171,ID7_F7_m7f7_P7_Y5_UO3975,ID7_F7_m7f7_P7_Y6_UO6468,FXX,3,0.0,1,0,1.0,0,0,0,-9999.0,0.734375,1,P6_CV0,1,2,0,2,0
7,45.07,-121.964,ID7_F7_m7f7_P7_Y7_UO1472,ID7_F7_m7f7_P7_Y5_UO1603,ID7_F7_m7f7_P7_Y6_UO1616,FXX,3,0.0,1,0,1.0,0,0,0,-9999.0,0.728515625,1,P6_CV0,1,2,0,2,0
7,45.07,-121.964,ID7_F7_m7f7_P7_Y7_UO5269,ID7_F7_m7f7_P7_Y5_UO928,ID7_F7_m7f7_P7_Y5_UO3167,MXY,3,0.0,1,0,0.0,0,0,0,-9999.0,0.7578125,1,P6_CV0,1,2,0,0,2
7,45.07,-121.964,ID7_F7_m7f7_P7_Y7_UO2730,ID7_F7_m7f7_P7_Y5_UO4946,ID7_F7_m7f7_P7_Y6_UO4005,FXX,3,0.0,1,0,1.0,0,0,0,-9999.0,0.77734375,1,P6_CV0,1,2,0,1,1
7,45.07,-121.964,ID7_F7_m7f7_P7_Y7_UO2313,ID7_F7_m7f7_P7_Y5_UO1321,ID7_F7_m7f7_P7_Y4_UO5943,MXY,3,0.0,1,0,0.0,0,0,0,-9999.0,0.796875,1,P6_CV0,1,2,0,0,2
7,45.07,-121.964,ID7_F7_m7f7_P7_Y7_UO5261,ID7_F7_m7f7_P7_Y5_UO928,ID7_F7_m7f7_P7_Y5_UO3167,MXY,3,0.0,1,0,0.0,0,0,0,-9999.0,0.7578125,1,P6_CV0,1,2,0,0,2
7,45.07,-121.964,ID7_F7_m7f7_P7_Y7_UO1208,ID7_F7_m7f7_P7_Y5_UO2772,ID7_F7_m7f7_P7_Y4_UO1075,FXX,3,0.0,1,0,1.0,0,0,0,-9999.0,0.78125,1,P6_CV0,1,2,0,1,1
7,45.07,-121.964,ID7_F7_m7f7_P7_Y7_UO5048,ID7_F7_m7f7_P7_Y5_UO2818,ID7_F7_m7f7_P7_Y6_UO2806,MXY,3,0.0,1,0,0.0,0,0,0,-9999.0,0.6953125,1,P6_CV0,1,2,0,1,1
7,45.07,-121.964,ID7_F7_m7f7_P7_Y7_UO4926,ID7_F7_m7f7_P7_Y5_UO2770,ID7_F7_m7f7_P7_Y6_UO5689,FXX,3,0.0,1,0,1.0,0,0,0,-9999.0,0.7265625,1,P6_CV0,1,2,0,1,1
7,45.07,-121.964,ID7_F7_m7f7_P7_Y7_UO1128,ID7_F7_m7f7_P7_Y4_UO846,ID7_F7_m7f7_P7_Y6_UO1504,MXY,3,0.0,1,0,0.0,0,0,0,-9999.0,0.75,1,P6_CV0,1,2,0,1,1
7,45.07,-121.964,ID7_F7_m7f7_P7_Y7_UO5735,ID7_F7_m7f7_P7_Y2_UO5662,ID7_F7_m7f7_P7_Y5_UO3176,MXY,3,0.0,1,0,0.0,0,0,0,-9999.0,0.7734375,1,P6_CV0,1,2,0,1,1
7,45.07,-121.964,ID7_F7_m7f7_P7_Y7_UO2556,ID7_F7_m7f7_P7_Y5_UO5244,ID7_F7_m7f7_P7_Y6_UO6726,MXY,3,0.0,1,0,0.0,0,0,0,-9999.0,0.73046875,1,P6_CV0,1,2,0,2,0
7,45.07,-121.964,ID7_F7_m7f7_P7_Y7_UO5666,ID7_F7_m7f7_P7_Y4_UO7133,ID7_F7_m7f7_P7_Y5_UO3994,MXY,3,0.0,1,0,0.0,0,0,0,-9999.0,0.7421875,1,P6_CV0,1,2,0,1,1
7,45.07,-121.964,ID7_F7_m7f7_P7_Y7_UO1124,ID7_F7_m7f7_P7_Y4_UO846,ID7_F7_m7f7_P7_Y6_UO1504,MXY,3,0.0,1,0,0.0,0,0,0,-9999.0,0.75,1,P6_CV0,1,2,0,1,1
7,45.07,-121.964,ID7_F7_m7f7_P7_Y7_UO4851,ID7_F7_m7f7_P7_Y4_UO6753,ID7_F7_m7f7_P7_Y6_UO4000,FXX,3,0.0,1,0,1.0,0,0,0,-9999.0,0.66015625,1,P6_CV0,1,2,0,0,2
7,45.07,-121.964,ID7_F7_m7f7_P7_Y7_UO766,ID7_F7_m7f7_P7_Y4_UO1463,ID7_F7_m7f7_P7_Y5_UO4209,FXX,3,0.0,1,0,1.0,0,0,0,-9999.0,0.7578125,1,P6_CV0,1,2,0,0,2
7,45.07,-121.964,ID7_F7_m7f7_P7_Y7_UO5037,ID7_F7_m7f7_P7_Y3_UO1109,ID7_F7_m7f7_P7_Y6_UO325,FXX,3,0.0,1,0,1.0,0,0,0,-9999.0,0.74609375,1,P6_CV0,1,2,0,1,1
7,45.07,-121.964,ID7_F7_m7f7_P7_Y7_UO3543,ID7_F7_m7f7_P7_Y4_UO7133,ID7_F7_m7f7_P7_Y6_UO5689,MXY,3,0.0,1,0,0.0,0,0,0,-9999.0,0.6953125,1,P6_CV0,1,2,0,2,0
7,45.07,-121.964,ID7_F7_m7f7_P7_Y6_UO1653,ID7_F7_m7f7_P7_Y4_UO2162,ID7_F7_m7f7_P7_Y5_UO3276,MXY,4,0.0,1,0,0.0,0,0,0,-9999.0,0.75,1,P6_CV0,1,2,0,1,1
7,45.07,-121.964,ID7_F7_m7f7_P7_Y6_UO1650,ID7_F7_m7f7_P7_Y4_UO2162,ID7_F7_m7f7_P7_Y5_UO3276,MXY,4,0.0,1,0,0.0,0,0,0,-9999.0,0.75,1,P6_CV0,1,2,0,1,1
7,45.07,-121.964,ID7_F7_m7f7_P7_Y6_UO3777,ID7_F7_m7f7_P7_Y4_UO4489,ID7_F7_m7f7_P7_Y4_UO1080,FXX,4,0.0,1,0,1.0,0,0,0,-9999.0,0.8125,1,P6_CV0,1,2,0,1,1
7,45.07,-121.964,ID7_F7_m7f7_P7_Y6_UO5811,ID7_F7_m7f7_P7_Y4_UO1824,ID7_F7_m7f7_P7_Y5_UO4301,FXX,4,0.0,1,0,1.0,0,0,0,-9999.0,0.8203125,1,P6_CV0,1,2,0,0,2
7,45.07,-121.964,ID7_F7_m7f7_P7_Y6_UO6827,ID7_F7_m7f7_P7_Y4_UO7103,ID7_F7_m7f7_P7_Y5_UO4301,MXY,4,0.0,1,0,0.0,0,0,0,-9999.0,0.7578125,1,P6_CV0,1,2,0,1,1
7,45.07,-121.964,ID7_F7_m7f7_P7_Y6_UO7072,ID7_F7_m7f7_P7_Y4_UO968,ID7_F7_m7f7_P7_Y4_UO1884,FXX,4,0.0,1,0,1.0,0,0,0,-9999.0,0.8515625,1,P6_CV0,1,2,0,2,0
7,45.07,-121.964,ID7_F7_m7f7_P7_Y6_UO1616,ID7_F7_m7f7_P7_Y2_UO4124,ID7_F7_m7f7_P7_Y5_UO1600,MXY,4,0.0,1,0,0.0,0,0,0,-9999.0,0.71484375,1,P6_CV0,1,2,0,1,1
7,45.07,-121.964,ID7_F7_m7f7_P7_Y6_UO7358,ID7_F7_m7f7_P7_Y4_UO2046,ID7_F7_m7f7_P7_Y4_UO136,FXX,4,0.0,1,0,1.0,0,0,0,-9999.0,0.78125,1,P6_CV0,1,2,0,2,0
7,45.07,-121.964,ID7_F7_m7f7_P7_Y6_UO7470,ID7_F7_m7f7_P7_Y4_UO1015,ID7_F7_m7f7_P7_Y5_UO924,MXY,4,0.0,1,0,0.0,0,0,0,-9999.0,0.78125,1,P6_CV0,1,2,0,0,2
7,45.07,-121.964,ID7_F7_m7f7_P7_Y6_UO2954,ID7_F7_m7f7_P7_Y3_UO785,ID7_F7_m7f7_P7_Y5_UO1849,MXY,4,0.0,1,0,0.0,0,0,0,-9999.0,0.796875,1,P6_CV0,1,2,0,0,2
7,45.07,-121.964,ID7_F7_m7f7_P7_Y6_UO5443,ID7_F7_m7f7_P7_Y4_UO6101,ID7_F7_m7f7_P7_Y4_UO1546,FXX,4,0.0,1,0,1.0,0,0,0,-9999.0,0.6875,1,P6_CV0,1,2,0,1,1
7,45.07,-121.964,ID7_F7_m7f7_P7_Y5_UO2772,ID7_F7_m7f7_P7_Y2_UO5656,ID7_F7_m7f7_P7_Y3_UO1681,FXX,5,0.0,1,0,1.0,0,0,0,-9999.0,0.8125,1,P6_CV0,1,2,0,0,2
7,45.07,-121.964,ID7_F7_m7f7_P7_Y5_UO3160,ID7_F7_m7f7_P7_Y2_UO4462,ID7_F7_m7f7_P7_Y4_UO2310,MXY,5,0.0,1,0,0.0,0,0,0,-9999.0,0.53125,1,P6_CV0,1,2,0,0,2
7,45.07,-121.964,ID7_F7_m7f7_P7_Y5_UO2827,ID7_F7_m7f7_P7_Y3_UO2365,ID7_F7_m7f7_P7_Y3_UO1117,FXX,5,0.0,1,0,1.0,0,0,0,-9999.0,0.8125,1,P6_CV0,1,2,0,0,2
7,45.07,-121.964,ID7_F7_m7f7_P7_Y5_UO3159,ID7_F7_m7f7_P7_Y2_UO4462,ID7_F7_m7f7_P7_Y4_UO2310,MXY,5,0.0,1,0,0.0,0,0,0,-9999.0,0.53125,1,P6_CV0,1,2,0,0,2
7,45.07,-121.964,ID7_F7_m7f7_P7_Y5_UO3167,ID7_F7_m7f7_P7_Y2_UO5256,ID7_F7_m7f7_P7_Y4_UO6102,MXY,5,0.0,1,0,0.0,0,0,0,-9999.0,0.671875,1,P6_CV0,1,2,0,0,2
8,44.087,-122.081,ID8_F8_m8f8_P8_Y9_UO42,ID8_F8_m8f8_P8_Y7_UO4694,ID8_F8_m8f8_P8_Y7_UO1424,MXY,1,0.0,1,0,0.0,0,0,0,-9999.0,0.6796875,1,P7_CV0,1,2,0,0,2
8,44.087,-122.081,ID8_F8_m8f8_P8_Y9_UO44,ID8_F8_m8f8_P8_Y7_UO4694,ID8_F8_m8f8_P8_Y7_UO1424,FXX,1,0.0,1,0,1.0,0,0,0,-9999.0,0.6796875,1,P7_CV0,1,2,0,0,2
8,44.087,-122.081,ID8_F8_m8f8_P8_Y9_UO130,ID8_F8_m8f8_P8_Y6_UO1410,ID8_F8_m8f8_P8_Y7_UO4049,FXX,1,0.0,1,0,1.0,0,0,0,-9999.0,0.68359375,1,P7_CV0,1,2,0,0,2
8,44.087,-122.081,ID8_F8_m8f8_P8_Y9_UO132,ID8_F8_m8f8_P8_Y6_UO1410,ID8_F8_m8f8_P8_Y7_UO4049,FXX,1,0.0,1,0,1.0,0,0,0,-9999.0,0.68359375,1,P7_CV0,1,2,0,0,2
8,44.087,-122.081,ID8_F8_m8f8_P8_Y9_UO357,ID8_F8_m8f8_P8_Y7_UO3777,ID8_F8_m8f8_P8_Y7_UO3247,MXY,1,0.0,1,0,0.0,0,0,0,-9999.0,0.7265625,1,P7_CV0,1,2,0,0,2
8,44.087,-122.081,ID8_F8_m8f8_P8_Y9_UO359,ID8_F8_m8f8_P8_Y7_UO3777,ID8_F8_m8f8_P8_Y7_UO3247,FXX,1,0.0,1,0,1.0,0,0,0,-9999.0,0.7265625,1,P7_CV0,1,2,0,2,0
8,44.087,-122.081,ID8_F8_m8f8_P8_Y9_UO360,ID8_F8_m8f8_P8_Y7_UO3777,ID8_F8_m8f8_P8_Y7_UO3247,MXY,1,0.0,1,0,0.0,0,0,0,-9999.0,0.7265625,1,P7_CV0,1,2,0,1,1
8,44.087,-122.081,ID8_F8_m8f8_P8_Y9_UO472,ID8_F8_m8f8_P8_Y7_UO5078,ID8_F8_m8f8_P8_Y8_UO4645,FXX,1,0.0,1,0,1.0,0,0,0,-9999.0,0.7431640625,1,P7_CV0,1,2,0,0,2
8,44.087,-122.081,ID8_F8_m8f8_P8_Y9_UO473,ID8_F8_m8f8_P8_Y7_UO5078,ID8_F8_m8f8_P8_Y8_UO4645,FXX,1,0.0,1,0,1.0,0,0,0,-9999.0,0.7431640625,1,P7_CV0,1,2,0,1,1
8,44.087,-122.081,ID8_F8_m8f8_P8_Y9_UO474,ID8_F8_m8f8_P8_Y7_UO5078,ID8_F8_m8f8_P8_Y8_UO4645,MXY,1,0.0,1,0,0.0,0,0,0,-9999.0,0.7431640625,1,P7_CV0,1,2,0,1,1
8,44.087,-122.081,ID8_F8_m8f8_P8_Y9_UO476,ID8_F8_m8f8_P8_Y7_UO5078,ID8_F8_m8f8_P8_Y8_UO4645,FXX,1,0.0,1,0,1.0,0,0,0,-9999.0,0.7431640625,1,P7_CV0,1,2,0,0,2
8,44.087,-122.081,ID8_F8_m8f8_P8_Y9_UO478,ID8_F8_m8f8_P8_Y7_UO5078,ID8_F8_m8f8_P8_Y8_UO4645,MXY,1,0.0,1,0,0.0,0,0,0,-9999.0,0.7431640625,1,P7_CV0,1,2,0,0,2
8,44.087,-122.081,ID8_F8_m8f8_P8_Y9_UO479,ID8_F8_m8f8_P8_Y7_UO5078,ID8_F8_m8f8_P8_Y8_UO4645,MXY,1,0.0,1,0,0.0,0,0,0,-9999.0,0.7431640625,1,P7_CV0,1,2,0,1,1
8,44.087,-122.081,ID8_F8_m8f8_P8_Y9_UO487,ID8_F8_m8f8_P8_Y7_UO4052,ID8_F8_m8f8_P8_Y8_UO3059,FXX,1,0.0,1,0,1.0,0,0,0,-9999.0,0.6337890625,1,P7_CV0,1,2,0,1,1
8,44.087,-122.081,ID8_F8_m8f8_P8_Y9_UO488,ID8_F8_m8f8_P8_Y7_UO4052,ID8_F8_m8f8_P8_Y8_UO3059,MXY,1,0.0,1,0,0.0,0,0,0,-9999.0,0.6337890625,1,P7_CV0,1,2,0,1,1
8,44.087,-122.081,ID8_F8_m8f8_P8_Y9_UO493,ID8_F8_m8f8_P8_Y7_UO4052,ID8_F8_m8f8_P8_Y8_UO3059,FXX,1,0.0,1,0,1.0,0,0,0,-9999.0,0.6337890625,1,P7_CV0,1,2,0,2,0
8,44.087,-122.081,ID8_F8_m8f8_P8_Y9_UO494,ID8_F8_m8f8_P8_Y7_UO4052,ID8_F8_m8f8_P8_Y8_UO3059,MXY,1,0.0,1,0,0.0,0,0,0,-9999.0,0.6337890625,1,P7_CV0,1,2,0,2,0
8,44.087,-122.081,ID8_F8_m8f8_P8_Y9_UO495,ID8_F8_m8f8_P8_Y7_UO4052,ID8_F8_m8f8_P8_Y8_UO3059,MXY,1,0.0,1,0,0.0,0,0,0,-9999.0,0.6337890625,1,P7_CV0,1,2,0,2,0
8,44.087,-122.081,ID8_F8_m8f8_P8_Y9_UO496,ID8_F8_m8f8_P8_Y7_UO4052,ID8_F8_m8f8_P8_Y8_UO3059,FXX,1,0.0,1,0,1.0,0,0,0,-9999.0,0.6337890625,1,P7_CV0,1,2,0,2,0
8,44.087,-122.081,ID8_F8_m8f8_P8_Y9_UO497,ID8_F8_m8f8_P8_Y7_UO4052,ID8_F8_m8f8_P8_Y8_UO3059,FXX,1,0.0,1,0,1.0,0,0,0,-9999.0,0.6337890625,1,P7_CV0,1,2,0,2,0
8,44.087,-122.081,ID8_F8_m8f8_P8_Y9_UO714,ID8_F8_m8f8_P8_Y7_UO3612,ID8_F8_m8f8_P8_Y8_UO2132,MXY,1,0.0,1,0,0.0,0,0,0,-9999.0,0.701171875,1,P7_CV0,1,2,0,0,2
8,44.087,-122.081,ID8_F8_m8f8_P8_Y9_UO716,ID8_F8_m8f8_P8_Y7_UO3612,ID8_F8_m8f8_P8_Y8_UO2132,FXX,1,0.0,1,0,1.0,0,0,0,-9999.0,0.701171875,1,P7_CV0,1,2,0,0,2
8,44.087,-122.081,ID8_F8_m8f8_P8_Y9_UO717,ID8_F8_m8f8_P8_Y7_UO3612,ID8_F8_m8f8_P8_Y8_UO2132,MXY,1,0.0,1,0,0.0,0,0,0,-9999.0,0.701171875,1,P7_CV0,1,2,0,0,2
8,44.087,-122.081,ID8_F8_m8f8_P8_Y9_UO719,ID8_F8_m8f8_P8_Y7_UO3612,ID8_F8_m8f8_P8_Y8_UO2132,FXX,1,0.0,1,0,1.0,0,0,0,-9999.0,0.701171875,1,P7_CV0,1,2,0,0,2
8,44.087,-122.081,ID8_F8_m8f8_P8_Y9_UO720,ID8_F8_m8f8_P8_Y7_UO3612,ID8_F8_m8f8_P8_Y8_UO2132,FXX,1,0.0,1,0,1.0,0,0,0,-9999.0,0.701171875,1,P7_CV0,1,2,0,0,2
8,44.087,-122.081,ID8_F8_m8f8_P8_Y9_UO721,ID8_F8_m8f8_P8_Y7_UO3612,ID8_F8_m8f8_P8_Y8_UO2132,MXY,1,0.0,1,0,0.0,0,0,0,-9999.0,0.701171875,1,P7_CV0,1,2,0,0,2
8,44.087,-122.081,ID8_F8_m8f8_P8_Y9_UO722,ID8_F8_m8f8_P8_Y7_UO3612,ID8_F8_m8f8_P8_Y8_UO2132,MXY,1,0.0,1,0,0.0,0,0,0,-9999.0,0.701171875,1,P7_CV0,1,2,0,0,2
8,44.087,-122.081,ID8_F8_m8f8_P8_Y9_UO723,ID8_F8_m8f8_P8_Y7_UO3612,ID8_F8_m8f8_P8_Y8_UO2132,FXX,1,0.0,1,0,1.0,0,0,0,-9999.0,0.701171875,1,P7_CV0,1,2,0,0,2
8,44.087,-122.081,ID8_F8_m8f8_P8_Y9_UO815,ID8_F8_m8f8_P8_Y6_UO1410,ID8_F8_m8f8_P8_Y8_UO1376,FXX,1,0.0,1,0,1.0,0,0,0,-9999.0,0.734375,1,P7_CV0,1,2,0,0,2
8,44.087,-122.081,ID8_F8_m8f8_P8_Y9_UO820,ID8_F8_m8f8_P8_Y7_UO3386,ID8_F8_m8f8_P8_Y7_UO5490,MXY,1,0.0,1,0,0.0,0,0,0,-9999.0,0.65625,1,P7_CV0,1,2,0,1,1
8,44.087,-122.081,ID8_F8_m8f8_P8_Y9_UO821,ID8_F8_m8f8_P8_Y7_UO3386,ID8_F8_m8f8_P8_Y7_UO5490,FXX,1,0.0,1,0,1.0,0,0,0,-9999.0,0.65625,1,P7_CV0,1,2,0,0,2
8,44.087,-122.081,ID8_F8_m8f8_P8_Y9_UO824,ID8_F8_m8f8_P8_Y7_UO3386,ID8_F8_m8f8_P8_Y7_UO5490,MXY,1,0.0,1,0,0.0,0,0,0,-9999.0,0.65625,1,P7_CV0,1,2,0,0,2
8,44.087,-122.081,ID8_F8_m8f8_P8_Y9_UO825,ID8_F8_m8f8_P8_Y7_UO3386,ID8_F8_m8f8_P8_Y7_UO5490,FXX,1,0.0,1,0,1.0,0,0,0,-9999.0,0.65625,1,P7_CV0,1,2,0,0,2
8,44.087,-122.081,ID8_F8_m8f8_P8_Y9_UO826,ID8_F8_m8f8_P8_Y7_UO3386,ID8_F8_m8f8_P8_Y7_UO5490,FXX,1,0.0,1,0,1.0,0,0,0,-9999.0,0.65625,1,P7_CV0,1,2,0,1,1
8,44.087,-122.081,ID8_F8_m8f8_P8_Y9_UO827,ID8_F8_m8f8_P8_Y7_UO3386,ID8_F8_m8f8_P8_Y7_UO5490,FXX,1,0.0,1,0,1.0,0,0,0,-9999.0,0.65625,1,P7_CV0,1,2,0,0,2
8,44.087,-122.081,ID8_F8_m8f8_P8_Y9_UO926,ID8_F8_m8f8_P8_Y7_UO4693,ID8_F8_m8f8_P8_Y8_UO2191,FXX,1,0.0,1,0,1.0,0,0,0,-9999.0,0.69921875,1,P7_CV0,1,2,0,0,2
8,44.087,-122.081,ID8_F8_m8f8_P8_Y9_UO927,ID8_F8_m8f8_P8_Y7_UO4693,ID8_F8_m8f8_P8_Y8_UO2191,FXX,1,0.0,1,0,1.0,0,0,0,-9999.0,0.69921875,1,P7_CV0,1,2,0,0,2
8,44.087,-122.081,ID8_F8_m8f8_P8_Y9_UO928,ID8_F8_m8f8_P8_Y7_UO4693,ID8_F8_m8f8_P8_Y8_UO2191,MXY,1,0.0,1,0,0.0,0,0,0,-9999.0,0.69921875,1,P7_CV0,1,2,0,0,2
8,44.087,-122.081,ID8_F8_m8f8_P8_Y9_UO1011,ID8_F8_m8f8_P8_Y6_UO7490,ID8_F8_m8f8_P8_Y7_UO4045,MXY,1,0.0,1,0,0.0,0,0,0,-9999.0,0.70703125,1,P7_CV0,1,2,0,0,2
8,44.087,-122.081,ID8_F8_m8f8_P8_Y9_UO1012,ID8_F8_m8f8_P8_Y6_UO7490,ID8_F8_m8f8_P8_Y7_UO4045,MXY,1,0.0,1,0,0.0,0,0,0,-9999.0,0.70703125,1,P7_CV0,1,2,0,0,2
8,44.087,-122.081,ID8_F8_m8f8_P8_Y9_UO1013,ID8_F8_m8f8_P8_Y6_UO7490,ID8_F8_m8f8_P8_Y7_UO4045,MXY,1,0.0,1,0,0.0,0,0,0,-9999.0,0.70703125,1,P7_CV0,1,2,0,0,2
8,44.087,-122.081,ID8_F8_m8f8_P8_Y9_UO1014,ID8_F8_m8f8_P8_Y6_UO7490,ID8_F8_m8f8_P8_Y7_UO4045,MXY,1,0.0,1,0,0.0,0,0,0,-9999.0,0.70703125,1,P7_CV0,1,2,0,0,2
8,44.087,-122.081,ID8_F8_m8f8_P8_Y9_UO1015,ID8_F8_m8f8_P8_Y6_UO3526,ID8_F8_m8f8_P8_Y4_UO302,FXX,1,0.0,1,0,1.0,0,0,0,-9999.0,0.76171875,1,P7_CV0,1,2,0,1,1
8,44.087,-122.081,ID8_F8_m8f8_P8_Y9_UO1159,ID8_F8_m8f8_P8_Y7_UO5755,ID8_F8_m8f8_P8_Y7_UO4045,MXY,1,0.0,1,0,0.0,0,0,0,-9999.0,0.65625,1,P7_CV0,1,2,0,0,2
8,44.087,-122.081,ID8_F8_m8f8_P8_Y9_UO1161,ID8_F8_m8f8_P8_Y7_UO5755,ID8_F8_m8f8_P8_Y7_UO4045,FXX,1,0.0,1,0,1.0,0,0,0,-9999.0,0.65625,1,P7_CV0,1,2,0,0,2
8,44.087,-122.081,ID8_F8_m8f8_P8_Y9_UO1246,ID8_F8_m8f8_P8_Y7_UO5755,ID8_F8_m8f8_P8_Y8_UO6523,FXX,1,0.0,1,0,1.0,0,0,0,-9999.0,0.658203125,1,P7_CV0,1,2,0,0,2
8,44.087,-122.081,ID8_F8_m8f8_P8_Y9_UO1247,ID8_F8_m8f8_P8_Y7_UO5755,ID8_F8_m8f8_P8_Y8_UO6523,FXX,1,0.0,1,0,1.0,0,0,0,-9999.0,0.658203125,1,P7_CV0,1,2,0,0,2
8,44.087,-122.081,ID8_F8_m8f8_P8_Y9_UO1248,ID8_F8_m8f8_P8_Y7_UO5755,ID8_F8_m8f8_P8_Y8_UO6523,MXY,1,0.0,1,0,0.0,0,0,0,-9999.0,0.658203125,1,P7_CV0,1,2,0,0,2
8,44.087,-122.081,ID8_F8_m8f8_P8_Y9_UO1250,ID8_F8_m8f8_P8_Y7_UO5755,ID8_F8_m8f8_P8_Y8_UO6523,MXY,1,0.0,1,0,0.0,0,0,0,-9999.0,0.658203125,1,P7_CV0,1,2,0,0,2
8,44.087,-122.081,ID8_F8_m8f8_P8_Y9_UO1251,ID8_F8_m8f8_P8_Y7_UO5755,ID8_F8_m8f8_P8_Y8_UO6523,FXX,1,0.0,1,0,1.0,0,0,0,-9999.0,0.658203125,1,P7_CV0,1,2,0,0,2
8,44.087,-122.081,ID8_F8_m8f8_P8_Y9_UO1440,ID8_F8_m8f8_P8_Y7_UO4694,ID8_F8_m8f8_P8_Y8_UO390,MXY,1,0.0,1,0,0.0,0,0,0,-9999.0,0.748046875,1,P7_CV0,1,2,0,1,1
8,44.087,-122.081,ID8_F8_m8f8_P8_Y9_UO1484,ID8_F8_m8f8_P8_Y6_UO1410,ID8_F8_m8f8_P8_Y7_UO1427,MXY,1,0.0,1,0,0.0,0,0,0,-9999.0,0.703125,1,P7_CV0,1,2,0,0,2
8,44.087,-122.081,ID8_F8_m8f8_P8_Y9_UO1566,ID8_F8_m8f8_P8_Y7_UO1168,ID8_F8_m8f8_P8_Y7_UO3538,FXX,1,0.0,1,0,1.0,0,0,0,-9999.0,0.634765625,1,P7_CV0,1,2,0,0,2
8,44.087,-122.081,ID8_F8_m8f8_P8_Y9_UO1567,ID8_F8_m8f8_P8_Y7_UO1168,ID8_F8_m8f8_P8_Y7_UO3538,MXY,1,0.0,1,0,0.0,0,0,0,-9999.0,0.634765625,1,P7_CV0,1,2,0,0,2
8,44.087,-122.081,ID8_F8_m8f8_P8_Y9_UO1568,ID8_F8_m8f8_P8_Y7_UO1168,ID8_F8_m8f8_P8_Y7_UO3538,MXY,1,0.0,1,0,0.0,0,0,0,-9999.0,0.634765625,1,P7_CV0,1,2,0,1,1
8,44.087,-122.081,ID8_F8_m8f8_P8_Y9_UO1569,ID8_F8_m8f8_P8_Y7_UO1168,ID8_F8_m8f8_P8_Y7_UO3538,MXY,1,0.0,1,0,0.0,0,0,0,-9999.0,0.634765625,1,P7_CV0,1,2,0,0,2
8,44.087,-122.081,ID8_F8_m8f8_P8_Y9_UO1589,ID8_F8_m8f8_P8_Y7_UO2440,ID8_F8_m8f8_P8_Y8_UO6225,MXY,1,0.0,1,0,0.0,0,0,0,-9999.0,0.748046875,1,P7_CV0,1,2,0,0,2
8,44.087,-122.081,ID8_F8_m8f8_P8_Y9_UO1593,ID8_F8_m8f8_P8_Y7_UO2440,ID8_F8_m8f8_P8_Y8_UO6225,FXX,1,0.0,1,0,1.0,0,0,0,-9999.0,0.748046875,1,P7_CV0,1,2,0,0,2
8,44.087,-122.081,ID8_F8_m8f8_P8_Y9_UO1609,ID8_F8_m8f8_P8_Y7_UO4712,ID8_F8_m8f8_P8_Y7_UO1757,FXX,1,0.0,1,0,1.0,0,0,0,-9999.0,0.67578125,1,P7_CV0,1,2,0,1,1
8,44.087,-122.081,ID8_F8_m8f8_P8_Y9_UO1611,ID8_F8_m8f8_P8_Y7_UO4712,ID8_F8_m8f8_P8_Y7_UO1757,FXX,1,0.0,1,0,1.0,0,0,0,-9999.0,0.67578125,1,P7_CV0,1,2,0,0,2
8,44.087,-122.081,ID8_F8_m8f8_P8_Y9_UO1614,ID8_F8_m8f8_P8_Y7_UO4712,ID8_F8_m8f8_P8_Y7_UO1757,FXX,1,0.0,1,0,1.0,0,0,0,-9999.0,0.67578125,1,P7_CV0,1,2,0,1,1
8,44.087,-122.081,ID8_F8_m8f8_P8_Y9_UO1634,ID8_F8_m8f8_P8_Y7_UO4913,ID8_F8_m8f8_P8_Y7_UO3001,FXX,1,0.0,1,0,1.0,0,0,0,-9999.0,0.662109375,1,P7_CV0,1,2,0,2,0
8,44.087,-122.081,ID8_F8_m8f8_P8_Y9_UO1636,ID8_F8_m8f8_P8_Y7_UO4913,ID8_F8_m8f8_P8_Y7_UO3001,MXY,1,0.0,1,0,0.0,0,0,0,-9999.0,0.662109375,1,P7_CV0,1,2,0,2,0
8,44.087,-122.081,ID8_F8_m8f8_P8_Y9_UO1639,ID8_F8_m8f8_P8_Y7_UO4913,ID8_F8_m8f8_P8_Y7_UO3001,MXY,1,0.0,1,0,0.0,0,0,0,-9999.0,0.662109375,1,P7_CV0,1,2,0,2,0
8,44.087,-122.081,ID8_F8_m8f8_P8_Y9_UO1641,ID8_F8_m8f8_P8_Y7_UO4913,ID8_F8_m8f8_P8_Y7_UO3001,FXX,1,0.0,1,0,1.0,0,0,0,-9999.0,0.662109375,1,P7_CV0,1,2,0,1,1
8,44.087,-122.081,ID8_F8_m8f8_P8_Y9_UO1643,ID8_F8_m8f8_P8_Y7_UO4913,ID8_F8_m8f8_P8_Y7_UO3001,MXY,1,0.0,1,0,0.0,0,0,0,-9999.0,0.662109375,1,P7_CV0,1,2,0,2,0
8,44.087,-122.081,ID8_F8_m8f8_P8_Y9_UO1917,ID8_F8_m8f8_P8_Y7_UO1450,ID8_F8_m8f8_P8_Y8_UO5640,MXY,1,0.0,1,0,0.0,0,0,0,-9999.0,0.712890625,1,P7_CV0,1,2,0,1,1
8,44.087,-122.081,ID8_F8_m8f8_P8_Y9_UO1918,ID8_F8_m8f8_P8_Y7_UO1450,ID8_F8_m8f8_P8_Y8_UO5640,FXX,1,0.0,1,0,1.0,0,0,0,-9999.0,0.712890625,1,P7_CV0,1,2,0,1,1
8,44.087,-122.081,ID8_F8_m8f8_P8_Y9_UO1922,ID8_F8_m8f8_P8_Y7_UO1450,ID8_F8_m8f8_P8_Y8_UO5640,MXY,1,0.0,1,0,0.0,0,0,0,-9999.0,0.712890625,1,P7_CV0,1,2,0,1,1
8,44.087,-122.081,ID8_F8_m8f8_P8_Y9_UO1923,ID8_F8_m8f8_P8_Y7_UO1450,ID8_F8_m8f8_P8_Y8_UO5640,MXY,1,0.0,1,0,0.0,0,0,0,-9999.0,0.712890625,1,P7_CV0,1,2,0,1,1
8,44.087,-122.081,ID8_F8_m8f8_P8_Y9_UO1924,ID8_F8_m8f8_P8_Y7_UO1450,ID8_F8_m8f8_P8_Y8_UO5640,FXX,1,0.0,1,0,1.0,0,0,0,-9999.0,0.712890625,1,P7_CV0,1,2,0,1,1
8,44.087,-122.081,ID8_F8_m8f8_P8_Y9_UO2143,ID8_F8_m8f8_P8_Y4_UO1967,ID8_F8_m8f8_P8_Y8_UO4086,MXY,1,0.0,1,0,0.0,0,0,0,-9999.0,0.728515625,1,P7_CV0,1,2,0,1,1
8,44.087,-122.081,ID8_F8_m8f8_P8_Y9_UO2144,ID8_F8_m8f8_P8_Y4_UO1967,ID8_F8_m8f8_P8_Y8_UO4086,FXX,1,0.0,1,0,1.0,0,0,0,-9999.0,0.728515625,1,P7_CV0,1,2,0,1,1
8,44.087,-122.081,ID8_F8_m8f8_P8_Y9_UO2147,ID8_F8_m8f8_P8_Y4_UO1967,ID8_F8_m8f8_P8_Y8_UO4086,FXX,1,0.0,1,0,1.0,0,0,0,-9999.0,0.728515625,1,P7_CV0,1,2,0,0,2
8,44.087,-122.081,ID8_F8_m8f8_P8_Y9_UO2149,ID8_F8_m8f8_P8_Y4_UO1967,ID8_F8_m8f8_P8_Y8_UO4086,FXX,1,0.0,1,0,1.0,0,0,0,-9999.0,0.728515625,1,P7_CV0,1,2,0,1,1
8,44.087,-122.081,ID8_F8_m8f8_P8_Y9_UO2344,ID8_F8_m8f8_P8_Y6_UO6629,ID8_F8_m8f8_P8_Y8_UO7178,MXY,1,0.0,1,0,0.0,0,0,0,-9999.0,0.734375,1,P7_CV0,1,2,0,1,1
8,44.087,-122.081,ID8_F8_m8f8_P8_Y9_UO2345,ID8_F8_m8f8_P8_Y6_UO6629,ID8_F8_m8f8_P8_Y8_UO7178,MXY,1,0.0,1,0,0.0,0,0,0,-9999.0,0.734375,1,P7_CV0,1,2,0,0,2
8,44.087,-122.081,ID8_F8_m8f8_P8_Y9_UO2346,ID8_F8_m8f8_P8_Y6_UO6629,ID8_F8_m8f8_P8_Y8_UO7178,MXY,1,0.0,1,0,0.0,0,0,0,-9999.0,0.734375,1,P7_CV0,1,2,0,1,1
8,44.087,-122.081,ID8_F8_m8f8_P8_Y9_UO2347,ID8_F8_m8f8_P8_Y6_UO6629,ID8_F8_m8f8_P8_Y8_UO7178,FXX,1,0.0,1,0,1.0,0,0,0,-9999.0,0.734375,1,P7_CV0,1,2,0,1,1
8,44.087,-122.081,ID8_F8_m8f8_P8_Y9_UO2389,ID8_F8_m8f8_P8_Y6_UO6633,ID8_F8_m8f8_P8_Y7_UO1424,FXX,1,0.0,1,0,1.0,0,0,0,-9999.0,0.71875,1,P7_CV0,1,2,0,1,1
8,44.087,-122.081,ID8_F8_m8f8_P8_Y9_UO2390,ID8_F8_m8f8_P8_Y6_UO6633,ID8_F8_m8f8_P8_Y7_UO1424,FXX,1,0.0,1,0,1.0,0,0,0,-9999.0,0.71875,1,P7_CV0,1,2,0,0,2
8,44.087,-122.081,ID8_F8_m8f8_P8_Y9_UO2414,ID8_F8_m8f8_P8_Y7_UO3777,ID8_F8_m8f8_P8_Y8_UO5908,MXY,1,0.0,1,0,0.0,0,0,0,-9999.0,0.7607421875,1,P7_CV0,1,2,0,0,2
8,44.087,-122.081,ID8_F8_m8f8_P8_Y9_UO2415,ID8_F8_m8f8_P8_Y7_UO3777,ID8_F8_m8f8_P8_Y8_UO5908,MXY,1,0.0,1,0,0.0,0,0,0,-9999.0,0.7607421875,1,P7_CV0,1,2,0,0,2
8,44.087,-122.081,ID8_F8_m8f8_P8_Y9_UO2455,ID8_F8_m8f8_P8_Y7_UO2444,ID8_F8_m8f8_P8_Y8_UO2104,MXY,1,0.0,1,0,0.0,0,0,0,-9999.0,0.7734375,1,P7_CV0,1,2,0,1,1
8,44.087,-122.081,ID8_F8_m8f8_P8_Y9_UO2456,ID8_F8_m8f8_P8_Y7_UO2444,ID8_F8_m8f8_P8_Y8_UO2104,FXX,1,0.0,1,0,1.0,0,0,0,-9999.0,0.7734375,1,P7_CV0,1,2,0,1,1
8,44.087,-122.081,ID8_F8_m8f8_P8_Y9_UO2457,ID8_F8_m8f8_P8_Y7_UO2444,ID8_F8_m8f8_P8_Y8_UO2104,FXX,1,0.0,1,0,1.0,0,0,0,-9999.0,0.7734375,1,P7_CV0,1,2,0,1,1
8,44.087,-122.081,ID8_F8_m8f8_P8_Y9_UO2458,ID8_F8_m8f8_P8_Y7_UO2444,ID8_F8_m8f8_P8_Y8_UO2104,MXY,1,0.0,1,0,0.0,0,0,0,-9999.0,0.7734375,1,P7_CV0,1,2,0,1,1
8,44.087,-122.081,ID8_F8_m8f8_P8_Y9_UO2460,ID8_F8_m8f8_P8_Y7_UO2444,ID8_F8_m8f8_P8_Y8_UO2104,MXY,1,0.0,1,0,0.0,0,0,0,-9999.0,0.7734375,1,P7_CV0,1,2,0,1,1
8,44.087,-122.081,ID8_F8_m8f8_P8_Y9_UO2461,ID8_F8_m8f8_P8_Y7_UO2444,ID8_F8_m8f8_P8_Y8_UO2104,MXY,1,0.0,1,0,0.0,0,0,0,-9999.0,0.7734375,1,P7_CV0,1,2,0,1,1
8,44.087,-122.081,ID8_F8_m8f8_P8_Y9_UO2462,ID8_F8_m8f8_P8_Y7_UO2444,ID8_F8_m8f8_P8_Y8_UO2104,MXY,1,0.0,1,0,0.0,0,0,0,-9999.0,0.7734375,1,P7_CV0,1,2,0,1,1
8,44.087,-122.081,ID8_F8_m8f8_P8_Y9_UO2464,ID8_F8_m8f8_P8_Y7_UO2444,ID8_F8_m8f8_P8_Y8_UO2104,FXX,1,0.0,1,0,1.0,0,0,0,-9999.0,0.7734375,1,P7_CV0,1,2,0,1,1
8,44.087,-122.081,ID8_F8_m8f8_P8_Y9_UO2593,ID8_F8_m8f8_P8_Y6_UO3526,ID8_F8_m8f8_P8_Y7_UO2998,MXY,1,0.0,1,0,0.0,0,0,0,-9999.0,0.708984375,1,P7_CV0,1,2,0,1,1
8,44.087,-122.081,ID8_F8_m8f8_P8_Y9_UO2595,ID8_F8_m8f8_P8_Y6_UO3526,ID8_F8_m8f8_P8_Y7_UO2998,MXY,1,0.0,1,0,0.0,0,0,0,-9999.0,0.708984375,1,P7_CV0,1,2,0,1,1
8,44.087,-122.081,ID8_F8_m8f8_P8_Y9_UO2597,ID8_F8_m8f8_P8_Y6_UO3526,ID8_F8_m8f8_P8_Y7_UO2998,FXX,1,0.0,1,0,1.0,0,0,0,-9999.0,0.708984375,1,P7_CV0,1,2,0,2,0
8,44.087,-122.081,ID8_F8_m8f8_P8_Y9_UO2884,ID8_F8_m8f8_P8_Y7_UO1624,ID8_F8_m8f8_P8_Y8_UO5455,MXY,1,0.0,1,0,0.0,0,0,0,-9999.0,0.724609375,1,P7_CV0,1,2,0,0,2
8,44.087,-122.081,ID8_F8_m8f8_P8_Y9_UO2885,ID8_F8_m8f8_P8_Y7_UO1624,ID8_F8_m8f8_P8_Y8_UO5455,FXX,1,0.0,1,0,1.0,0,0,0,-9999.0,0.724609375,1,P7_CV0,1,2,0,1,1
8,44.087,-122.081,ID8_F8_m8f8_P8_Y9_UO2886,ID8_F8_m8f8_P8_Y7_UO1624,ID8_F8_m8f8_P8_Y8_UO5455,MXY,1,0.0,1,0,0.0,0,0,0,-9999.0,0.724609375,1,P7_CV0,1,2,0,1,1
8,44.087,-122.081,ID8_F8_m8f8_P8_Y9_UO2888,ID8_F8_m8f8_P8_Y7_UO1624,ID8_F8_m8f8_P8_Y8_UO5455,MXY,1,0.0,1,0,0.0,0,0,0,-9999.0,0.724609375,1,P7_CV0,1,2,0,1,1
8,44.087,-122.081,ID8_F8_m8f8_P8_Y9_UO2889,ID8_F8_m8f8_P8_Y7_UO1624,ID8_F8_m8f8_P8_Y8_UO5455,FXX,1,0.0,1,0,1.0,0,0,0,-9999.0,0.724609375,1,P7_CV0,1,2,0,0,2
8,44.087,-122.081,ID8_F8_m8f8_P8_Y9_UO2890,ID8_F8_m8f8_P8_Y7_UO1624,ID8_F8_m8f8_P8_Y8_UO5455,FXX,1,0.0,1,0,1.0,0,0,0,-9999.0,0.724609375,1,P7_CV0,1,2,0,0,2
8,44.087,-122.081,ID8_F8_m8f8_P8_Y9_UO2891,ID8_F8_m8f8_P8_Y7_UO1624,ID8_F8_m8f8_P8_Y8_UO5455,MXY,1,0.0,1,0,0.0,0,0,0,-9999.0,0.724609375,1,P7_CV0,1,2,0,1,1
8,44.087,-122.081,ID8_F8_m8f8_P8_Y9_UO3160,ID8_F8_m8f8_P8_Y6_UO7490,ID8_F8_m8f8_P8_Y8_UO5636,FXX,1,0.0,1,0,1.0,0,0,0,-9999.0,0.744140625,1,P7_CV0,1,2,0,1,1
8,44.087,-122.081,ID8_F8_m8f8_P8_Y9_UO3468,ID8_F8_m8f8_P8_Y7_UO3336,ID8_F8_m8f8_P8_Y7_UO1419,FXX,1,0.0,1,0,1.0,0,0,0,-9999.0,0.7109375,1,P7_CV0,1,2,0,0,2
8,44.087,-122.081,ID8_F8_m8f8_P8_Y9_UO3470,ID8_F8_m8f8_P8_Y7_UO3336,ID8_F8_m8f8_P8_Y7_UO1419,MXY,1,0.0,1,0,0.0,0,0,0,-9999.0,0.7109375,1,P7_CV0,1,2,0,0,2
8,44.087,-122.081,ID8_F8_m8f8_P8_Y9_UO3471,ID8_F8_m8f8_P8_Y7_UO3336,ID8_F8_m8f8_P8_Y7_UO1419,FXX,1,0.0,1,0,1.0,0,0,0,-9999.0,0.7109375,1,P7_CV0,1,2,0,0,2
8,44.087,-122.081,ID8_F8_m8f8_P8_Y9_UO3474,ID8_F8_m8f8_P8_Y7_UO3336,ID8_F8_m8f8_P8_Y7_UO1419,FXX,1,0.0,1,0,1.0,0,0,0,-9999.0,0.7109375,1,P7_CV0,1,2,0,0,2
8,44.087,-122.081,ID8_F8_m8f8_P8_Y9_UO3478,ID8_F8_m8f8_P8_Y7_UO3336,ID8_F8_m8f8_P8_Y7_UO1419,MXY,1,0.0,1,0,0.0,0,0,0,-9999.0,0.7109375,1,P7_CV0,1,2,0,0,2
8,44.087,-122.081,ID8_F8_m8f8_P8_Y9_UO3492,ID8_F8_m8f8_P8_Y7_UO3777,ID8_F8_m8f8_P8_Y8_UO1355,FXX,1,0.0,1,0,1.0,0,0,0,-9999.0,0.728515625,1,P7_CV0,1,2,0,1,1
8,44.087,-122.081,ID8_F8_m8f8_P8_Y9_UO3495,ID8_F8_m8f8_P8_Y7_UO3777,ID8_F8_m8f8_P8_Y8_UO1355,MXY,1,0.0,1,0,0.0,0,0,0,-9999.0,0.728515625,1,P7_CV0,1,2,0,0,2
8,44.087,-122.081,ID8_F8_m8f8_P8_Y9_UO3497,ID8_F8_m8f8_P8_Y6_UO6629,ID8_F8_m8f8_P8_Y7_UO5190,MXY,1,0.0,1,0,0.0,0,0,0,-9999.0,0.736328125,1,P7_CV0,1,2,0,1,1
8,44.087,-122.081,ID8_F8_m8f8_P8_Y9_UO3498,ID8_F8_m8f8_P8_Y6_UO6629,ID8_F8_m8f8_P8_Y7_UO5190,MXY,1,0.0,1,0,0.0,0,0,0,-9999.0,0.736328125,1,P7_CV0,1,2,0,1,1
8,44.087,-122.081,ID8_F8_m8f8_P8_Y9_UO3499,ID8_F8_m8f8_P8_Y6_UO6629,ID8_F8_m8f8_P8_Y7_UO5190,MXY,1,0.0,1,0,0.0,0,0,0,-9999.0,0.736328125,1,P7_CV0,1,2,0,2,0
8,44.087,-122.081,ID8_F8_m8f8_P8_Y9_UO3524,ID8_F8_m8f8_P8_Y7_UO2440,ID8_F8_m8f8_P8_Y8_UO6141,FXX,1,0.0,1,0,1.0,0,0,0,-9999.0,0.697265625,1,P7_CV0,1,2,0,1,1
8,44.087,-122.081,ID8_F8_m8f8_P8_Y9_UO3526,ID8_F8_m8f8_P8_Y7_UO2440,ID8_F8_m8f8_P8_Y8_UO6141,FXX,1,0.0,1,0,1.0,0,0,0,-9999.0,0.697265625,1,P7_CV0,1,2,0,0,2
8,44.087,-122.081,ID8_F8_m8f8_P8_Y9_UO3530,ID8_F8_m8f8_P8_Y7_UO2440,ID8_F8_m8f8_P8_Y8_UO6141,FXX,1,0.0,1,0,1.0,0,0,0,-9999.0,0.697265625,1,P7_CV0,1,2,0,1,1
8,44.087,-122.081,ID8_F8_m8f8_P8_Y9_UO3603,ID8_F8_m8f8_P8_Y7_UO2471,ID8_F8_m8f8_P8_Y7_UO4378,MXY,1,0.0,1,0,0.0,0,0,0,-9999.0,0.78125,1,P7_CV0,1,2,0,1,1
8,44.087,-122.081,ID8_F8_m8f8_P8_Y9_UO3605,ID8_F8_m8f8_P8_Y7_UO2471,ID8_F8_m8f8_P8_Y7_UO4378,MXY,1,0.0,1,0,0.0,0,0,0,-9999.0,0.78125,1,P7_CV0,1,2,0,1,1
8,44.087,-122.081,ID8_F8_m8f8_P8_Y9_UO3607,ID8_F8_m8f8_P8_Y7_UO2471,ID8_F8_m8f8_P8_Y7_UO4378,MXY,1,0.0,1,0,0.0,0,0,0,-9999.0,0.78125,1,P7_CV0,1,2,0,1,1
8,44.087,-122.081,ID8_F8_m8f8_P8_Y9_UO3608,ID8_F8_m8f8_P8_Y7_UO2471,ID8_F8_m8f8_P8_Y7_UO4378,MXY,1,0.0,1,0,0.0,0,0,0,-9999.0,0.78125,1,P7_CV0,1,2,0,1,1
8,44.087,-122.081,ID8_F8_m8f8_P8_Y9_UO3609,ID8_F8_m8f8_P8_Y7_UO2471,ID8_F8_m8f8_P8_Y7_UO4378,MXY,1,0.0,1,0,0.0,0,0,0,-9999.0,0.78125,1,P7_CV0,1,2,0,1,1
8,44.087,-122.081,ID8_F8_m8f8_P8_Y9_UO3611,ID8_F8_m8f8_P8_Y7_UO2471,ID8_F8_m8f8_P8_Y7_UO4378,MXY,1,0.0,1,0,0.0,0,0,0,-9999.0,0.78125,1,P7_CV0,1,2,0,1,1
8,44.087,-122.081,ID8_F8_m8f8_P8_Y9_UO3613,ID8_F8_m8f8_P8_Y7_UO2471,ID8_F8_m8f8_P8_Y7_UO4378,MXY,1,0.0,1,0,0.0,0,0,0,-9999.0,0.78125,1,P7_CV0,1,2,0,1,1
8,44.087,-122.081,ID8_F8_m8f8_P8_Y9_UO3697,ID8_F8_m8f8_P8_Y7_UO4389,ID8_F8_m8f8_P8_Y6_UO4750,FXX,1,0.0,1,0,1.0,0,0,0,-9999.0,0.8359375,1,P7_CV0,1,2,0,2,0
8,44.087,-122.081,ID8_F8_m8f8_P8_Y9_UO3698,ID8_F8_m8f8_P8_Y7_UO4389,ID8_F8_m8f8_P8_Y6_UO4750,MXY,1,0.0,1,0,0.0,0,0,0,-9999.0,0.8359375,1,P7_CV0,1,2,0,1,1
8,44.087,-122.081,ID8_F8_m8f8_P8_Y9_UO3699,ID8_F8_m8f8_P8_Y7_UO4389,ID8_F8_m8f8_P8_Y6_UO4750,FXX,1,0.0,1,0,1.0,0,0,0,-9999.0,0.8359375,1,P7_CV0,1,2,0,2,0
8,44.087,-122.081,ID8_F8_m8f8_P8_Y9_UO3700,ID8_F8_m8f8_P8_Y7_UO4389,ID8_F8_m8f8_P8_Y6_UO4750,FXX,1,0.0,1,0,1.0,0,0,0,-9999.0,0.8359375,1,P7_CV0,1,2,0,2,0
8,44.087,-122.081,ID8_F8_m8f8_P8_Y9_UO3703,ID8_F8_m8f8_P8_Y7_UO4389,ID8_F8_m8f8_P8_Y6_UO4750,FXX,1,0.0,1,0,1.0,0,0,0,-9999.0,0.8359375,1,P7_CV0,1,2,0,1,1
8,44.087,-122.081,ID8_F8_m8f8_P8_Y9_UO3704,ID8_F8_m8f8_P8_Y7_UO4389,ID8_F8_m8f8_P8_Y6_UO4750,MXY,1,0.0,1,0,0.0,0,0,0,-9999.0,0.8359375,1,P7_CV0,1,2,0,1,1
8,44.087,-122.081,ID8_F8_m8f8_P8_Y9_UO3705,ID8_F8_m8f8_P8_Y7_UO4389,ID8_F8_m8f8_P8_Y6_UO4750,MXY,1,0.0,1,0,0.0,0,0,0,-9999.0,0.8359375,1,P7_CV0,1,2,0,1,1
8,44.087,-122.081,ID8_F8_m8f8_P8_Y9_UO3706,ID8_F8_m8f8_P8_Y7_UO4389,ID8_F8_m8f8_P8_Y6_UO4750,FXX,1,0.0,1,0,1.0,0,0,0,-9999.0,0.8359375,1,P7_CV0,1,2,0,1,1
8,44.087,-122.081,ID8_F8_m8f8_P8_Y9_UO3707,ID8_F8_m8f8_P8_Y7_UO4389,ID8_F8_m8f8_P8_Y6_UO4750,MXY,1,0.0,1,0,0.0,0,0,0,-9999.0,0.8359375,1,P7_CV0,1,2,0,1,1
8,44.087,-122.081,ID8_F8_m8f8_P8_Y9_UO3840,ID8_F8_m8f8_P8_Y7_UO3782,ID8_F8_m8f8_P8_Y8_UO1378,FXX,1,0.0,1,0,1.0,0,0,0,-9999.0,0.7734375,1,P7_CV0,1,2,0,2,0
8,44.087,-122.081,ID8_F8_m8f8_P8_Y9_UO3841,ID8_F8_m8f8_P8_Y7_UO3782,ID8_F8_m8f8_P8_Y8_UO1378,FXX,1,0.0,1,0,1.0,0,0,0,-9999.0,0.7734375,1,P7_CV0,1,2,0,0,2
8,44.087,-122.081,ID8_F8_m8f8_P8_Y9_UO3842,ID8_F8_m8f8_P8_Y7_UO3782,ID8_F8_m8f8_P8_Y8_UO1378,FXX,1,0.0,1,0,1.0,0,0,0,-9999.0,0.7734375,1,P7_CV0,1,2,0,1,1
8,44.087,-122.081,ID8_F8_m8f8_P8_Y9_UO3843,ID8_F8_m8f8_P8_Y7_UO3782,ID8_F8_m8f8_P8_Y8_UO1378,MXY,1,0.0,1,0,0.0,0,0,0,-9999.0,0.7734375,1,P7_CV0,1,2,0,2,0
8,44.087,-122.081,ID8_F8_m8f8_P8_Y9_UO3845,ID8_F8_m8f8_P8_Y7_UO3782,ID8_F8_m8f8_P8_Y8_UO1378,FXX,1,0.0,1,0,1.0,0,0,0,-9999.0,0.7734375,1,P7_CV0,1,2,0,1,1
8,44.087,-122.081,ID8_F8_m8f8_P8_Y9_UO3846,ID8_F8_m8f8_P8_Y7_UO3782,ID8_F8_m8f8_P8_Y8_UO1378,FXX,1,0.0,1,0,1.0,0,0,0,-9999.0,0.7734375,1,P7_CV0,1,2,0,1,1
8,44.087,-122.081,ID8_F8_m8f8_P8_Y9_UO3848,ID8_F8_m8f8_P8_Y7_UO3782,ID8_F8_m8f8_P8_Y8_UO1378,MXY,1,0.0,1,0,0.0,0,0,0,-9999.0,0.7734375,1,P7_CV0,1,2,0,1,1
8,44.087,-122.081,ID8_F8_m8f8_P8_Y9_UO3850,ID8_F8_m8f8_P8_Y7_UO3782,ID8_F8_m8f8_P8_Y8_UO1378,MXY,1,0.0,1,0,0.0,0,0,0,-9999.0,0.7734375,1,P7_CV0,1,2,0,1,1
8,44.087,-122.081,ID8_F8_m8f8_P8_Y9_UO4009,ID8_F8_m8f8_P8_Y7_UO4693,ID8_F8_m8f8_P8_Y8_UO7077,FXX,1,0.0,1,0,1.0,0,0,0,-9999.0,0.6796875,1,P7_CV0,1,2,0,0,2
8,44.087,-122.081,ID8_F8_m8f8_P8_Y9_UO4011,ID8_F8_m8f8_P8_Y7_UO4693,ID8_F8_m8f8_P8_Y8_UO7077,FXX,1,0.0,1,0,1.0,0,0,0,-9999.0,0.6796875,1,P7_CV0,1,2,0,0,2
8,44.087,-122.081,ID8_F8_m8f8_P8_Y9_UO4012,ID8_F8_m8f8_P8_Y7_UO3359,ID8_F8_m8f8_P8_Y8_UO5452,FXX,1,0.0,1,0,1.0,0,0,0,-9999.0,0.75390625,1,P7_CV0,1,2,0,1,1
8,44.087,-122.081,ID8_F8_m8f8_P8_Y9_UO4015,ID8_F8_m8f8_P8_Y7_UO3359,ID8_F8_m8f8_P8_Y8_UO5452,MXY,1,0.0,1,0,0.0,0,0,0,-9999.0,0.75390625,1,P7_CV0,1,2,0,1,1
8,44.087,-122.081,ID8_F8_m8f8_P8_Y9_UO4016,ID8_F8_m8f8_P8_Y7_UO3359,ID8_F8_m8f8_P8_Y8_UO5452,FXX,1,0.0,1,0,1.0,0,0,0,-9999.0,0.75390625,1,P7_CV0,1,2,0,1,1
8,44.087,-122.081,ID8_F8_m8f8_P8_Y9_UO4116,ID8_F8_m8f8_P8_Y7_UO3497,ID8_F8_m8f8_P8_Y8_UO3059,MXY,1,0.0,1,0,0.0,0,0,0,-9999.0,0.6943359375,1,P7_CV0,1,2,0,1,1
8,44.087,-122.081,ID8_F8_m8f8_P8_Y9_UO4120,ID8_F8_m8f8_P8_Y7_UO3497,ID8_F8_m8f8_P8_Y8_UO3059,MXY,1,0.0,1,0,0.0,0,0,0,-9999.0,0.6943359375,1,P7_CV0,1,2,0,2,0
8,44.087,-122.081,ID8_F8_m8f8_P8_Y9_UO4122,ID8_F8_m8f8_P8_Y7_UO3497,ID8_F8_m8f8_P8_Y8_UO3059,MXY,1,0.0,1,0,0.0,0,0,0,-9999.0,0.6943359375,1,P7_CV0,1,2,0,2,0
8,44.087,-122.081,ID8_F8_m8f8_P8_Y9_UO4123,ID8_F8_m8f8_P8_Y7_UO3497,ID8_F8_m8f8_P8_Y8_UO3059,MXY,1,0.0,1,0,0.0,0,0,0,-9999.0,0.6943359375,1,P7_CV0,1,2,0,1,1
8,44.087,-122.081,ID8_F8_m8f8_P8_Y9_UO4125,ID8_F8_m8f8_P8_Y7_UO3497,ID8_F8_m8f8_P8_Y8_UO3059,MXY,1,0.0,1,0,0.0,0,0,0,-9999.0,0.6943359375,1,P7_CV0,1,2,0,1,1
8,44.087,-122.081,ID8_F8_m8f8_P8_Y9_UO4208,ID8_F8_m8f8_P8_Y7_UO5758,ID8_F8_m8f8_P8_Y8_UO7605,MXY,1,0.0,1,0,0.0,0,0,0,-9999.0,0.712890625,1,P7_CV0,1,2,0,1,1
8,44.087,-122.081,ID8_F8_m8f8_P8_Y9_UO4209,ID8_F8_m8f8_P8_Y7_UO5758,ID8_F8_m8f8_P8_Y8_UO7605,MXY,1,0.0,1,0,0.0,0,0,0,-9999.0,0.712890625,1,P7_CV0,1,2,0,1,1
8,44.087,-122.081,ID8_F8_m8f8_P8_Y9_UO4290,ID8_F8_m8f8_P8_Y7_UO5758,ID8_F8_m8f8_P8_Y7_UO3771,FXX,1,0.0,1,0,1.0,0,0,0,-9999.0,0.73046875,1,P7_CV0,1,2,0,0,2
8,44.087,-122.081,ID8_F8_m8f8_P8_Y9_UO4291,ID8_F8_m8f8_P8_Y7_UO5758,ID8_F8_m8f8_P8_Y7_UO3771,MXY,1,0.0,1,0,0.0,0,0,0,-9999.0,0.73046875,1,P7_CV0,1,2,0,1,1
8,44.087,-122.081,ID8_F8_m8f8_P8_Y9_UO4419,ID8_F8_m8f8_P8_Y6_UO7257,ID8_F8_m8f8_P8_Y8_UO5679,FXX,1,0.0,1,0,1.0,0,0,0,-9999.0,0.771484375,1,P7_CV0,1,2,0,2,0
8,44.087,-122.081,ID8_F8_m8f8_P8_Y9_UO4420,ID8_F8_m8f8_P8_Y6_UO7257,ID8_F8_m8f8_P8_Y8_UO5679,FXX,1,0.0,1,0,1.0,0,0,0,-9999.0,0.771484375,1,P7_CV0,1,2,0,1,1
8,44.087,-122.081,ID8_F8_m8f8_P8_Y9_UO4423,ID8_F8_m8f8_P8_Y6_UO7257,ID8_F8_m8f8_P8_Y8_UO5679,FXX,1,0.0,1,0,1.0,0,0,0,-9999.0,0.771484375,1,P7_CV0,1,2,0,1,1
8,44.087,-122.081,ID8_F8_m8f8_P8_Y9_UO4424,ID8_F8_m8f8_P8_Y6_UO7257,ID8_F8_m8f8_P8_Y8_UO5679,MXY,1,0.0,1,0,0.0,0,0,0,-9999.0,0.771484375,1,P7_CV0,1,2,0,1,1
8,44.087,-122.081,ID8_F8_m8f8_P8_Y9_UO4454,ID8_F8_m8f8_P8_Y7_UO4383,ID8_F8_m8f8_P8_Y8_UO6306,MXY,1,0.0,1,0,0.0,0,0,0,-9999.0,0.7255859375,1,P7_CV0,1,2,0,1,1
8,44.087,-122.081,ID8_F8_m8f8_P8_Y9_UO4455,ID8_F8_m8f8_P8_Y7_UO4383,ID8_F8_m8f8_P8_Y8_UO6306,MXY,1,0.0,1,0,0.0,0,0,0,-9999.0,0.7255859375,1,P7_CV0,1,2,0,1,1
8,44.087,-122.081,ID8_F8_m8f8_P8_Y9_UO4460,ID8_F8_m8f8_P8_Y7_UO4383,ID8_F8_m8f8_P8_Y8_UO6306,FXX,1,0.0,1,0,1.0,0,0,0,-9999.0,0.7255859375,1,P7_CV0,1,2,0,1,1
8,44.087,-122.081,ID8_F8_m8f8_P8_Y9_UO4526,ID8_F8_m8f8_P8_Y7_UO1425,ID8_F8_m8f8_P8_Y8_UO5082,FXX,1,0.0,1,0,1.0,0,0,0,-9999.0,0.73828125,1,P7_CV0,1,2,0,2,0
8,44.087,-122.081,ID8_F8_m8f8_P8_Y9_UO4528,ID8_F8_m8f8_P8_Y7_UO1425,ID8_F8_m8f8_P8_Y8_UO5082,MXY,1,0.0,1,0,0.0,0,0,0,-9999.0,0.73828125,1,P7_CV0,1,2,0,0,2
8,44.087,-122.081,ID8_F8_m8f8_P8_Y9_UO4580,ID8_F8_m8f8_P8_Y7_UO1425,ID8_F8_m8f8_P8_Y8_UO3059,MXY,1,0.0,1,0,0.0,0,0,0,-9999.0,0.6533203125,1,P7_CV0,1,2,0,2,0
8,44.087,-122.081,ID8_F8_m8f8_P8_Y9_UO4582,ID8_F8_m8f8_P8_Y7_UO1425,ID8_F8_m8f8_P8_Y8_UO3059,FXX,1,0.0,1,0,1.0,0,0,0,-9999.0,0.6533203125,1,P7_CV0,1,2,0,1,1
8,44.087,-122.081,ID8_F8_m8f8_P8_Y9_UO4583,ID8_F8_m8f8_P8_Y7_UO1425,ID8_F8_m8f8_P8_Y8_UO3059,FXX,1,0.0,1,0,1.0,0,0,0,-9999.0,0.6533203125,1,P7_CV0,1,2,0,1,1
8,44.087,-122.081,ID8_F8_m8f8_P8_Y9_UO4584,ID8_F8_m8f8_P8_Y7_UO1425,ID8_F8_m8f8_P8_Y8_UO3059,FXX,1,0.0,1,0,1.0,0,0,0,-9999.0,0.6533203125,1,P7_CV0,1,2,0,1,1
8,44.087,-122.081,ID8_F8_m8f8_P8_Y9_UO4602,ID8_F8_m8f8_P8_Y7_UO351,ID8_F8_m8f8_P8_Y8_UO4764,FXX,1,0.0,1,0,1.0,0,0,0,-9999.0,0.69140625,1,P7_CV0,1,2,0,0,2
8,44.087,-122.081,ID8_F8_m8f8_P8_Y9_UO4603,ID8_F8_m8f8_P8_Y7_UO351,ID8_F8_m8f8_P8_Y8_UO4764,MXY,1,0.0,1,0,0.0,0,0,0,-9999.0,0.69140625,1,P7_CV0,1,2,0,1,1
8,44.087,-122.081,ID8_F8_m8f8_P8_Y9_UO4604,ID8_F8_m8f8_P8_Y7_UO351,ID8_F8_m8f8_P8_Y8_UO4764,MXY,1,0.0,1,0,0.0,0,0,0,-9999.0,0.69140625,1,P7_CV0,1,2,0,1,1
8,44.087,-122.081,ID8_F8_m8f8_P8_Y9_UO4842,ID8_F8_m8f8_P8_Y6_UO3541,ID8_F8_m8f8_P8_Y8_UO5640,MXY,1,0.0,1,0,0.0,0,0,0,-9999.0,0.748046875,1,P7_CV0,1,2,0,2,0
8,44.087,-122.081,ID8_F8_m8f8_P8_Y9_UO4843,ID8_F8_m8f8_P8_Y6_UO3541,ID8_F8_m8f8_P8_Y8_UO5640,MXY,1,0.0,1,0,0.0,0,0,0,-9999.0,0.748046875,1,P7_CV0,1,2,0,1,1
8,44.087,-122.081,ID8_F8_m8f8_P8_Y9_UO4845,ID8_F8_m8f8_P8_Y6_UO3541,ID8_F8_m8f8_P8_Y8_UO5640,MXY,1,0.0,1,0,0.0,0,0,0,-9999.0,0.748046875,1,P7_CV0,1,2,0,1,1
8,44.087,-122.081,ID8_F8_m8f8_P8_Y9_UO4846,ID8_F8_m8f8_P8_Y6_UO3541,ID8_F8_m8f8_P8_Y8_UO5640,FXX,1,0.0,1,0,1.0,0,0,0,-9999.0,0.748046875,1,P7_CV0,1,2,0,2,0
8,44.087,-122.081,ID8_F8_m8f8_P8_Y9_UO4847,ID8_F8_m8f8_P8_Y6_UO3541,ID8_F8_m8f8_P8_Y8_UO5640,FXX,1,0.0,1,0,1.0,0,0,0,-9999.0,0.748046875,1,P7_CV0,1,2,0,1,1
8,44.087,-122.081,ID8_F8_m8f8_P8_Y9_UO4875,ID8_F8_m8f8_P8_Y7_UO3607,ID8_F8_m8f8_P8_Y6_UO4801,MXY,1,0.0,1,0,0.0,0,0,0,-9999.0,0.6328125,1,P7_CV0,1,2,0,0,2
8,44.087,-122.081,ID8_F8_m8f8_P8_Y9_UO4876,ID8_F8_m8f8_P8_Y7_UO3607,ID8_F8_m8f8_P8_Y6_UO4801,FXX,1,0.0,1,0,1.0,0,0,0,-9999.0,0.6328125,1,P7_CV0,1,2,0,2,0
8,44.087,-122.081,ID8_F8_m8f8_P8_Y9_UO4877,ID8_F8_m8f8_P8_Y7_UO3607,ID8_F8_m8f8_P8_Y6_UO4801,MXY,1,0.0,1,0,0.0,0,0,0,-9999.0,0.6328125,1,P7_CV0,1,2,0,2,0
8,44.087,-122.081,ID8_F8_m8f8_P8_Y9_UO4878,ID8_F8_m8f8_P8_Y7_UO3607,ID8_F8_m8f8_P8_Y6_UO4801,MXY,1,0.0,1,0,0.0,0,0,0,-9999.0,0.6328125,1,P7_CV0,1,2,0,0,2
8,44.087,-122.081,ID8_F8_m8f8_P8_Y9_UO4879,ID8_F8_m8f8_P8_Y7_UO3607,ID8_F8_m8f8_P8_Y6_UO4801,FXX,1,0.0,1,0,1.0,0,0,0,-9999.0,0.6328125,1,P7_CV0,1,2,0,2,0
8,44.087,-122.081,ID8_F8_m8f8_P8_Y9_UO4881,ID8_F8_m8f8_P8_Y7_UO3607,ID8_F8_m8f8_P8_Y6_UO4801,FXX,1,0.0,1,0,1.0,0,0,0,-9999.0,0.6328125,1,P7_CV0,1,2,0,1,1
8,44.087,-122.081,ID8_F8_m8f8_P8_Y9_UO4884,ID8_F8_m8f8_P8_Y7_UO3607,ID8_F8_m8f8_P8_Y6_UO4801,MXY,1,0.0,1,0,0.0,0,0,0,-9999.0,0.6328125,1,P7_CV0,1,2,0,1,1
8,44.087,-122.081,ID8_F8_m8f8_P8_Y9_UO4885,ID8_F8_m8f8_P8_Y7_UO3607,ID8_F8_m8f8_P8_Y6_UO4801,MXY,1,0.0,1,0,0.0,0,0,0,-9999.0,0.6328125,1,P7_CV0,1,2,0,0,2
8,44.087,-122.081,ID8_F8_m8f8_P8_Y9_UO5058,ID8_F8_m8f8_P8_Y7_UO4712,ID8_F8_m8f8_P8_Y8_UO7162,FXX,1,0.0,1,0,1.0,0,0,0,-9999.0,0.66796875,1,P7_CV0,1,2,0,1,1
8,44.087,-122.081,ID8_F8_m8f8_P8_Y9_UO5059,ID8_F8_m8f8_P8_Y7_UO4712,ID8_F8_m8f8_P8_Y8_UO7162,MXY,1,0.0,1,0,0.0,0,0,0,-9999.0,0.66796875,1,P7_CV0,1,2,0,1,1
8,44.087,-122.081,ID8_F8_m8f8_P8_Y9_UO5060,ID8_F8_m8f8_P8_Y7_UO4712,ID8_F8_m8f8_P8_Y8_UO7162,FXX,1,0.0,1,0,1.0,0,0,0,-9999.0,0.66796875,1,P7_CV0,1,2,0,2,0
8,44.087,-122.081,ID8_F8_m8f8_P8_Y9_UO5062,ID8_F8_m8f8_P8_Y7_UO4712,ID8_F8_m8f8_P8_Y8_UO7162,FXX,1,0.0,1,0,1.0,0,0,0,-9999.0,0.66796875,1,P7_CV0,1,2,0,1,1
8,44.087,-122.081,ID8_F8_m8f8_P8_Y9_UO5063,ID8_F8_m8f8_P8_Y7_UO4712,ID8_F8_m8f8_P8_Y8_UO7162,MXY,1,0.0,1,0,0.0,0,0,0,-9999.0,0.66796875,1,P7_CV0,1,2,0,1,1
8,44.087,-122.081,ID8_F8_m8f8_P8_Y9_UO5125,ID8_F8_m8f8_P8_Y7_UO3359,ID8_F8_m8f8_P8_Y6_UO5533,FXX,1,0.0,1,0,1.0,0,0,0,-9999.0,0.794921875,1,P7_CV0,1,2,0,1,1
8,44.087,-122.081,ID8_F8_m8f8_P8_Y9_UO5126,ID8_F8_m8f8_P8_Y7_UO3359,ID8_F8_m8f8_P8_Y6_UO5533,FXX,1,0.0,1,0,1.0,0,0,0,-9999.0,0.794921875,1,P7_CV0,1,2,0,0,2
8,44.087,-122.081,ID8_F8_m8f8_P8_Y9_UO5130,ID8_F8_m8f8_P8_Y7_UO3359,ID8_F8_m8f8_P8_Y6_UO5533,FXX,1,0.0,1,0,1.0,0,0,0,-9999.0,0.794921875,1,P7_CV0,1,2,0,0,2
8,44.087,-122.081,ID8_F8_m8f8_P8_Y9_UO5200,ID8_F8_m8f8_P8_Y7_UO351,ID8_F8_m8f8_P8_Y8_UO6223,MXY,1,0.0,1,0,0.0,0,0,0,-9999.0,0.685546875,1,P7_CV0,1,2,0,1,1
8,44.087,-122.081,ID8_F8_m8f8_P8_Y9_UO5721,ID8_F8_m8f8_P8_Y7_UO2409,ID8_F8_m8f8_P8_Y8_UO1340,FXX,1,0.0,1,0,1.0,0,0,0,-9999.0,0.724609375,1,P7_CV0,1,2,0,0,2
8,44.087,-122.081,ID8_F8_m8f8_P8_Y9_UO5722,ID8_F8_m8f8_P8_Y7_UO2409,ID8_F8_m8f8_P8_Y8_UO1340,FXX,1,0.0,1,0,1.0,0,0,0,-9999.0,0.724609375,1,P7_CV0,1,2,0,0,2
8,44.087,-122.081,ID8_F8_m8f8_P8_Y9_UO5723,ID8_F8_m8f8_P8_Y7_UO2409,ID8_F8_m8f8_P8_Y8_UO1340,MXY,1,0.0,1,0,0.0,0,0,0,-9999.0,0.724609375,1,P7_CV0,1,2,0,0,2
8,44.087,-122.081,ID8_F8_m8f8_P8_Y9_UO5727,ID8_F8_m8f8_P8_Y7_UO2409,ID8_F8_m8f8_P8_Y8_UO1340,FXX,1,0.0,1,0,1.0,0,0,0,-9999.0,0.724609375,1,P7_CV0,1,2,0,1,1
8,44.087,-122.081,ID8_F8_m8f8_P8_Y9_UO5728,ID8_F8_m8f8_P8_Y7_UO2409,ID8_F8_m8f8_P8_Y8_UO1340,FXX,1,0.0,1,0,1.0,0,0,0,-9999.0,0.724609375,1,P7_CV0,1,2,0,0,2
8,44.087,-122.081,ID8_F8_m8f8_P8_Y9_UO5730,ID8_F8_m8f8_P8_Y7_UO2409,ID8_F8_m8f8_P8_Y8_UO1340,FXX,1,0.0,1,0,1.0,0,0,0,-9999.0,0.724609375,1,P7_CV0,1,2,0,0,2
8,44.087,-122.081,ID8_F8_m8f8_P8_Y9_UO5849,ID8_F8_m8f8_P8_Y7_UO3372,ID8_F8_m8f8_P8_Y8_UO4757,FXX,1,0.0,1,0,1.0,0,0,0,-9999.0,0.6953125,1,P7_CV0,1,2,0,0,2
8,44.087,-122.081,ID8_F8_m8f8_P8_Y9_UO5850,ID8_F8_m8f8_P8_Y7_UO3372,ID8_F8_m8f8_P8_Y8_UO4757,FXX,1,0.0,1,0,1.0,0,0,0,-9999.0,0.6953125,1,P7_CV0,1,2,0,1,1
8,44.087,-122.081,ID8_F8_m8f8_P8_Y9_UO5851,ID8_F8_m8f8_P8_Y7_UO3372,ID8_F8_m8f8_P8_Y8_UO4757,MXY,1,0.0,1,0,0.0,0,0,0,-9999.0,0.6953125,1,P7_CV0,1,2,0,1,1
8,44.087,-122.081,ID8_F8_m8f8_P8_Y9_UO5852,ID8_F8_m8f8_P8_Y7_UO3372,ID8_F8_m8f8_P8_Y8_UO4757,MXY,1,0.0,1,0,0.0,0,0,0,-9999.0,0.6953125,1,P7_CV0,1,2,0,0,2
8,44.087,-122.081,ID8_F8_m8f8_P8_Y9_UO5853,ID8_F8_m8f8_P8_Y7_UO3372,ID8_F8_m8f8_P8_Y8_UO4757,MXY,1,0.0,1,0,0.0,0,0,0,-9999.0,0.6953125,1,P7_CV0,1,2,0,1,1
8,44.087,-122.081,ID8_F8_m8f8_P8_Y9_UO5855,ID8_F8_m8f8_P8_Y7_UO3372,ID8_F8_m8f8_P8_Y8_UO4757,MXY,1,0.0,1,0,0.0,0,0,0,-9999.0,0.6953125,1,P7_CV0,1,2,0,1,1
8,44.087,-122.081,ID8_F8_m8f8_P8_Y9_UO5856,ID8_F8_m8f8_P8_Y7_UO3372,ID8_F8_m8f8_P8_Y8_UO4757,MXY,1,0.0,1,0,0.0,0,0,0,-9999.0,0.6953125,1,P7_CV0,1,2,0,0,2
8,44.087,-122.081,ID8_F8_m8f8_P8_Y9_UO5857,ID8_F8_m8f8_P8_Y7_UO3372,ID8_F8_m8f8_P8_Y8_UO4757,MXY,1,0.0,1,0,0.0,0,0,0,-9999.0,0.6953125,1,P7_CV0,1,2,0,1,1
8,44.087,-122.081,ID8_F8_m8f8_P8_Y9_UO5938,ID8_F8_m8f8_P8_Y6_UO6633,ID8_F8_m8f8_P8_Y8_UO7601,FXX,1,0.0,1,0,1.0,0,0,0,-9999.0,0.755859375,1,P7_CV0,1,2,0,0,2
8,44.087,-122.081,ID8_F8_m8f8_P8_Y8_UO393,ID8_F8_m8f8_P8_Y5_UO2143,ID8_F8_m8f8_P8_Y7_UO1806,FXX,2,0.0,1,0,1.0,0,0,0,-9999.0,0.82421875,1,P7_CV0,1,2,0,1,1
8,44.087,-122.081,ID8_F8_m8f8_P8_Y8_UO3431,ID8_F8_m8f8_P8_Y6_UO3526,ID8_F8_m8f8_P8_Y7_UO3061,FXX,2,0.0,1,0,1.0,0,0,0,-9999.0,0.81640625,1,P7_CV0,1,2,0,1,1
8,44.087,-122.081,ID8_F8_m8f8_P8_Y8_UO3974,ID8_F8_m8f8_P8_Y4_UO6990,ID8_F8_m8f8_P8_Y7_UO1423,MXY,2,0.0,1,0,0.0,0,0,0,-9999.0,0.609375,1,P7_CV0,1,2,0,1,1
8,44.087,-122.081,ID8_F8_m8f8_P8_Y8_UO6523,ID8_F8_m8f8_P8_Y5_UO5401,ID8_F8_m8f8_P8_Y7_UO1172,MXY,2,0.0,1,0,0.0,0,0,0,-9999.0,0.65234375,1,P7_CV0,1,2,0,0,2
8,44.087,-122.081,ID8_F8_m8f8_P8_Y8_UO1503,ID8_F8_m8f8_P8_Y6_UO3523,ID8_F8_m8f8_P8_Y7_UO4909,MXY,2,0.0,1,0,0.0,0,0,0,-9999.0,0.79296875,1,P7_CV0,1,2,0,1,1
8,44.087,-122.081,ID8_F8_m8f8_P8_Y8_UO7175,ID8_F8_m8f8_P8_Y6_UO4527,ID8_F8_m8f8_P8_Y7_UO2182,FXX,2,0.0,1,0,1.0,0,0,0,-9999.0,0.71875,1,P7_CV0,1,2,0,1,1
8,44.087,-122.081,ID8_F8_m8f8_P8_Y8_UO375,ID8_F8_m8f8_P8_Y4_UO5631,ID8_F8_m8f8_P8_Y7_UO1756,MXY,2,0.0,1,0,0.0,0,0,0,-9999.0,0.8125,1,P7_CV0,1,2,0,1,1
8,44.087,-122.081,ID8_F8_m8f8_P8_Y8_UO6588,ID8_F8_m8f8_P8_Y6_UO2758,ID8_F8_m8f8_P8_Y7_UO4558,FXX,2,0.0,1,0,1.0,0,0,0,-9999.0,0.8046875,1,P7_CV0,1,2,0,0,2
8,44.087,-122.081,ID8_F8_m8f8_P8_Y8_UO1340,ID8_F8_m8f8_P8_Y6_UO467,ID8_F8_m8f8_P8_Y4_UO5629,MXY,2,0.0,1,0,0.0,0,0,0,-9999.0,0.82421875,1,P7_CV0,1,2,0,1,1
8,44.087,-122.081,ID8_F8_m8f8_P8_Y8_UO4765,ID8_F8_m8f8_P8_Y6_UO2813,ID8_F8_m8f8_P8_Y7_UO3371,MXY,2,0.0,1,0,0.0,0,0,0,-9999.0,0.734375,1,P7_CV0,1,2,0,1,1
8,44.087,-122.081,ID8_F8_m8f8_P8_Y8_UO1348,ID8_F8_m8f8_P8_Y6_UO2444,ID8_F8_m8f8_P8_Y7_UO3383,FXX,2,0.0,1,0,1.0,0,0,0,-9999.0,0.66015625,1,P7_CV0,1,2,0,0,2
8,44.087,-122.081,ID8_F8_m8f8_P8_Y8_UO1273,ID8_F8_m8f8_P8_Y6_UO2448,ID8_F8_m8f8_P8_Y6_UO5533,FXX,2,0.0,1,0,1.0,0,0,0,-9999.0,0.78515625,1,P7_CV0,1,2,0,1,1
8,44.087,-122.081,ID8_F8_m8f8_P8_Y8_UO5636,ID8_F8_m8f8_P8_Y6_UO3040,ID8_F8_m8f8_P8_Y7_UO1622,MXY,2,0.0,1,0,0.0,0,0,0,-9999.0,0.72265625,1,P7_CV0,1,2,0,2,0
8,44.087,-122.081,ID8_F8_m8f8_P8_Y8_UO5678,ID8_F8_m8f8_P8_Y6_UO3275,ID8_F8_m8f8_P8_Y6_UO2194,FXX,2,0.0,1,0,1.0,0,0,0,-9999.0,0.69921875,1,P7_CV0,1,2,0,1,1
8,44.087,-122.081,ID8_F8_m8f8_P8_Y8_UO2101,ID8_F8_m8f8_P8_Y6_UO6633,ID8_F8_m8f8_P8_Y7_UO3774,MXY,2,0.0,1,0,0.0,0,0,0,-9999.0,0.7734375,1,P7_CV0,1,2,0,1,1
8,44.087,-122.081,ID8_F8_m8f8_P8_Y8_UO5665,ID8_F8_m8f8_P8_Y5_UO254,ID8_F8_m8f8_P8_Y7_UO3774,MXY,2,0.0,1,0,0.0,0,0,0,-9999.0,0.6953125,1,P7_CV0,1,2,0,2,0
8,44.087,-122.081,ID8_F8_m8f8_P8_Y8_UO2191,ID8_F8_m8f8_P8_Y3_UO361,ID8_F8_m8f8_P8_Y6_UO7486,MXY,2,0.0,1,0,0.0,0,0,0,-9999.0,0.7265625,1,P7_CV0,1,2,0,0,2
8,44.087,-122.081,ID8_F8_m8f8_P8_Y8_UO6038,ID8_F8_m8f8_P8_Y6_UO7511,ID8_F8_m8f8_P8_Y7_UO1806,FXX,2,0.0,1,0,1.0,0,0,0,-9999.0,0.75,1,P7_CV0,1,2,0,2,0
8,44.087,-122.081,ID8_F8_m8f8_P8_Y8_UO5645,ID8_F8_m8f8_P8_Y6_UO3040,ID8_F8_m8f8_P8_Y7_UO1622,MXY,2,0.0,1,0,0.0,0,0,0,-9999.0,0.72265625,1,P7_CV0,1,2,0,2,0
8,44.087,-122.081,ID8_F8_m8f8_P8_Y8_UO2053,ID8_F8_m8f8_P8_Y5_UO798,ID8_F8_m8f8_P8_Y7_UO1051,MXY,2,0.0,1,0,0.0,0,0,0,-9999.0,0.71875,1,P7_CV0,1,2,0,0,2
8,44.087,-122.081,ID8_F8_m8f8_P8_Y8_UO5269,ID8_F8_m8f8_P8_Y6_UO2198,ID8_F8_m8f8_P8_Y6_UO5173,MXY,2,0.0,1,0,0.0,0,0,0,-9999.0,0.6953125,1,P7_CV0,1,2,0,1,1
8,44.087,-122.081,ID8_F8_m8f8_P8_Y8_UO6918,ID8_F8_m8f8_P8_Y6_UO3526,ID8_F8_m8f8_P8_Y5_UO1812,MXY,2,0.0,1,0,0.0,0,0,0,-9999.0,0.69921875,1,P7_CV0,1,2,0,1,1
8,44.087,-122.081,ID8_F8_m8f8_P8_Y8_UO5270,ID8_F8_m8f8_P8_Y6_UO2198,ID8_F8_m8f8_P8_Y6_UO5173,FXX,2,0.0,1,0,1.0,0,0,0,-9999.0,0.6953125,1,P7_CV0,1,2,0,1,1
8,44.087,-122.081,ID8_F8_m8f8_P8_Y8_UO1378,ID8_F8_m8f8_P8_Y6_UO6955,ID8_F8_m8f8_P8_Y7_UO5494,MXY,2,0.0,1,0,0.0,0,0,0,-9999.0,0.75,1,P7_CV0,1,2,0,1,1
8,44.087,-122.081,ID8_F8_m8f8_P8_Y8_UO1343,ID8_F8_m8f8_P8_Y6_UO467,ID8_F8_m8f8_P8_Y4_UO5629,MXY,2,0.0,1,0,0.0,0,0,0,-9999.0,0.82421875,1,P7_CV0,1,2,0,1,1
8,44.087,-122.081,ID8_F8_m8f8_P8_Y8_UO5229,ID8_F8_m8f8_P8_Y6_UO2759,ID8_F8_m8f8_P8_Y6_UO5428,FXX,2,0.0,1,0,1.0,0,0,0,-9999.0,0.6875,1,P7_CV0,1,2,0,0,2
8,44.087,-122.081,ID8_F8_m8f8_P8_Y8_UO4767,ID8_F8_m8f8_P8_Y6_UO2813,ID8_F8_m8f8_P8_Y7_UO3371,MXY,2,0.0,1,0,0.0,0,0,0,-9999.0,0.734375,1,P7_CV0,1,2,0,1,1
8,44.087,-122.081,ID8_F8_m8f8_P8_Y8_UO1381,ID8_F8_m8f8_P8_Y6_UO6955,ID8_F8_m8f8_P8_Y7_UO5494,MXY,2,0.0,1,0,0.0,0,0,0,-9999.0,0.75,1,P7_CV0,1,2,0,1,1
8,44.087,-122.081,ID8_F8_m8f8_P8_Y8_UO6920,ID8_F8_m8f8_P8_Y6_UO3526,ID8_F8_m8f8_P8_Y5_UO1812,FXX,2,0.0,1,0,1.0,0,0,0,-9999.0,0.69921875,1,P7_CV0,1,2,0,1,1
8,44.087,-122.081,ID8_F8_m8f8_P8_Y8_UO387,ID8_F8_m8f8_P8_Y5_UO2143,ID8_F8_m8f8_P8_Y7_UO1806,MXY,2,0.0,1,0,0.0,0,0,0,-9999.0,0.82421875,1,P7_CV0,1,2,0,1,1
8,44.087,-122.081,ID8_F8_m8f8_P8_Y8_UO6302,ID8_F8_m8f8_P8_Y5_UO4458,ID8_F8_m8f8_P8_Y7_UO3355,MXY,2,0.0,1,0,0.0,0,0,0,-9999.0,0.630859375,1,P7_CV0,1,2,0,1,1
8,44.087,-122.081,ID8_F8_m8f8_P8_Y8_UO5901,ID8_F8_m8f8_P8_Y6_UO3572,ID8_F8_m8f8_P8_Y7_UO2580,FXX,2,0.0,1,0,1.0,0,0,0,-9999.0,0.724609375,1,P7_CV0,1,2,0,1,1
8,44.087,-122.081,ID8_F8_m8f8_P8_Y8_UO5273,ID8_F8_m8f8_P8_Y6_UO2198,ID8_F8_m8f8_P8_Y6_UO5173,FXX,2,0.0,1,0,1.0,0,0,0,-9999.0,0.6953125,1,P7_CV0,1,2,0,1,1
8,44.087,-122.081,ID8_F8_m8f8_P8_Y8_UO1355,ID8_F8_m8f8_P8_Y6_UO2444,ID8_F8_m8f8_P8_Y7_UO3383,MXY,2,0.0,1,0,0.0,0,0,0,-9999.0,0.66015625,1,P7_CV0,1,2,0,1,1
8,44.087,-122.081,ID8_F8_m8f8_P8_Y8_UO2154,ID8_F8_m8f8_P8_Y6_UO3275,ID8_F8_m8f8_P8_Y7_UO458,FXX,2,0.0,1,0,1.0,0,0,0,-9999.0,0.736328125,1,P7_CV0,1,2,0,1,1
8,44.087,-122.081,ID8_F8_m8f8_P8_Y8_UO5664,ID8_F8_m8f8_P8_Y5_UO254,ID8_F8_m8f8_P8_Y7_UO3774,FXX,2,0.0,1,0,1.0,0,0,0,-9999.0,0.6953125,1,P7_CV0,1,2,0,2,0
8,44.087,-122.081,ID8_F8_m8f8_P8_Y8_UO5635,ID8_F8_m8f8_P8_Y6_UO3040,ID8_F8_m8f8_P8_Y7_UO1622,FXX,2,0.0,1,0,1.0,0,0,0,-9999.0,0.72265625,1,P7_CV0,1,2,0,2,0
8,44.087,-122.081,ID8_F8_m8f8_P8_Y8_UO6777,ID8_F8_m8f8_P8_Y6_UO6708,ID8_F8_m8f8_P8_Y6_UO5137,FXX,2,0.0,1,0,1.0,0,0,0,-9999.0,0.625,1,P7_CV0,1,2,0,0,2
8,44.087,-122.081,ID8_F8_m8f8_P8_Y8_UO6597,ID8_F8_m8f8_P8_Y6_UO2758,ID8_F8_m8f8_P8_Y7_UO4558,MXY,2,0.0,1,0,0.0,0,0,0,-9999.0,0.8046875,1,P7_CV0,1,2,0,0,2
8,44.087,-122.081,ID8_F8_m8f8_P8_Y8_UO5451,ID8_F8_m8f8_P8_Y6_UO6629,ID8_F8_m8f8_P8_Y7_UO5718,FXX,2,0.0,1,0,1.0,0,0,0,-9999.0,0.74609375,1,P7_CV0,1,2,0,0,2
8,44.087,-122.081,ID8_F8_m8f8_P8_Y8_UO6306,ID8_F8_m8f8_P8_Y5_UO4458,ID8_F8_m8f8_P8_Y7_UO3355,MXY,2,0.0,1,0,0.0,0,0,0,-9999.0,0.630859375,1,P7_CV0,1,2,0,2,0
8,44.087,-122.081,ID8_F8_m8f8_P8_Y8_UO5079,ID8_F8_m8f8_P8_Y4_UO6257,ID8_F8_m8f8_P8_Y6_UO4533,FXX,2,0.0,1,0,1.0,0,0,0,-9999.0,0.7890625,1,P7_CV0,1,2,0,1,1
8,44.087,-122.081,ID8_F8_m8f8_P8_Y8_UO5456,ID8_F8_m8f8_P8_Y6_UO6629,ID8_F8_m8f8_P8_Y7_UO5718,MXY,2,0.0,1,0,0.0,0,0,0,-9999.0,0.74609375,1,P7_CV0,1,2,0,0,2
8,44.087,-122.081,ID8_F8_m8f8_P8_Y8_UO6141,ID8_F8_m8f8_P8_Y6_UO3439,ID8_F8_m8f8_P8_Y5_UO3944,MXY,2,0.0,1,0,0.0,0,0,0,-9999.0,0.62109375,1,P7_CV0,1,2,0,1,1
8,44.087,-122.081,ID8_F8_m8f8_P8_Y8_UO2051,ID8_F8_m8f8_P8_Y5_UO798,ID8_F8_m8f8_P8_Y7_UO1051,MXY,2,0.0,1,0,0.0,0,0,0,-9999.0,0.71875,1,P7_CV0,1,2,0,0,2
8,44.087,-122.081,ID8_F8_m8f8_P8_Y8_UO6035,ID8_F8_m8f8_P8_Y6_UO7511,ID8_F8_m8f8_P8_Y7_UO1806,FXX,2,0.0,1,0,1.0,0,0,0,-9999.0,0.75,1,P7_CV0,1,2,0,2,0
8,44.087,-122.081,ID8_F8_m8f8_P8_Y8_UO1731,ID8_F8_m8f8_P8_Y4_UO5631,ID8_F8_m8f8_P8_Y4_UO6275,MXY,2,0.0,1,0,0.0,0,0,0,-9999.0,0.671875,1,P7_CV0,1,2,0,1,1
8,44.087,-122.081,ID8_F8_m8f8_P8_Y8_UO1377,ID8_F8_m8f8_P8_Y6_UO6955,ID8_F8_m8f8_P8_Y7_UO5494,MXY,2,0.0,1,0,0.0,0,0,0,-9999.0,0.75,1,P7_CV0,1,2,0,0,2
8,44.087,-122.081,ID8_F8_m8f8_P8_Y8_UO2591,ID8_F8_m8f8_P8_Y5_UO812,ID8_F8_m8f8_P8_Y6_UO6952,FXX,2,0.0,1,0,1.0,0,0,0,-9999.0,0.6640625,1,P7_CV0,1,2,0,1,1
8,44.087,-122.081,ID8_F8_m8f8_P8_Y8_UO3056,ID8_F8_m8f8_P8_Y4_UO6990,ID8_F8_m8f8_P8_Y7_UO2578,MXY,2,0.0,1,0,0.0,0,0,0,-9999.0,0.619140625,1,P7_CV0,1,2,0,2,0
8,44.087,-122.081,ID8_F8_m8f8_P8_Y8_UO7085,ID8_F8_m8f8_P8_Y6_UO4783,ID8_F8_m8f8_P8_Y7_UO3332,FXX,2,0.0,1,0,1.0,0,0,0,-9999.0,0.6875,1,P7_CV0,1,2,0,0,2
8,44.087,-122.081,ID8_F8_m8f8_P8_Y8_UO5637,ID8_F8_m8f8_P8_Y6_UO3040,ID8_F8_m8f8_P8_Y7_UO1622,MXY,2,0.0,1,0,0.0,0,0,0,-9999.0,0.72265625,1,P7_CV0,1,2,0,2,0
8,44.087,-122.081,ID8_F8_m8f8_P8_Y8_UO7162,ID8_F8_m8f8_P8_Y4_UO1967,ID8_F8_m8f8_P8_Y4_UO302,MXY,2,0.0,1,0,0.0,0,0,0,-9999.0,0.765625,1,P7_CV0,1,2,0,1,1
8,44.087,-122.081,ID8_F8_m8f8_P8_Y8_UO7602,ID8_F8_m8f8_P8_Y6_UO466,ID8_F8_m8f8_P8_Y5_UO5339,FXX,2,0.0,1,0,1.0,0,0,0,-9999.0,0.76171875,1,P7_CV0,1,2,0,1,1
8,44.087,-122.081,ID8_F8_m8f8_P8_Y8_UO6303,ID8_F8_m8f8_P8_Y5_UO4458,ID8_F8_m8f8_P8_Y7_UO3355,FXX,2,0.0,1,0,1.0,0,0,0,-9999.0,0.630859375,1,P7_CV0,1,2,0,1,1
8,44.087,-122.081,ID8_F8_m8f8_P8_Y8_UO6223,ID8_F8_m8f8_P8_Y6_UO4527,ID8_F8_m8f8_P8_Y7_UO1172,MXY,2,0.0,1,0,0.0,0,0,0,-9999.0,0.72265625,1,P7_CV0,1,2,0,0,2
8,44.087,-122.081,ID8_F8_m8f8_P8_Y8_UO7150,ID8_F8_m8f8_P8_Y5_UO1469,ID8_F8_m8f8_P8_Y5_UO4462,MXY,2,0.0,1,0,0.0,0,0,0,-9999.0,0.6484375,1,P7_CV0,1,2,0,0,2
8,44.087,-122.081,ID8_F8_m8f8_P8_Y8_UO7601,ID8_F8_m8f8_P8_Y6_UO466,ID8_F8_m8f8_P8_Y5_UO5339,MXY,2,0.0,1,0,0.0,0,0,0,-9999.0,0.76171875,1,P7_CV0,1,2,0,1,1
8,44.087,-122.081,ID8_F8_m8f8_P8_Y8_UO6592,ID8_F8_m8f8_P8_Y6_UO2758,ID8_F8_m8f8_P8_Y7_UO4558,MXY,2,0.0,1,0,0.0,0,0,0,-9999.0,0.8046875,1,P7_CV0,1,2,0,0,2
8,44.087,-122.081,ID8_F8_m8f8_P8_Y8_UO2130,ID8_F8_m8f8_P8_Y6_UO1410,ID8_F8_m8f8_P8_Y7_UO2439,MXY,2,0.0,1,0,0.0,0,0,0,-9999.0,0.74609375,1,P7_CV0,1,2,0,0,2
8,44.087,-122.081,ID8_F8_m8f8_P8_Y8_UO4087,ID8_F8_m8f8_P8_Y3_UO361,ID8_F8_m8f8_P8_Y7_UO5760,FXX,2,0.0,1,0,1.0,0,0,0,-9999.0,0.67578125,1,P7_CV0,1,2,0,1,1
8,44.087,-122.081,ID8_F8_m8f8_P8_Y8_UO4763,ID8_F8_m8f8_P8_Y6_UO2813,ID8_F8_m8f8_P8_Y7_UO3371,FXX,2,0.0,1,0,1.0,0,0,0,-9999.0,0.734375,1,P7_CV0,1,2,0,0,2
8,44.087,-122.081,ID8_F8_m8f8_P8_Y8_UO5460,ID8_F8_m8f8_P8_Y6_UO6629,ID8_F8_m8f8_P8_Y7_UO5718,FXX,2,0.0,1,0,1.0,0,0,0,-9999.0,0.74609375,1,P7_CV0,1,2,0,0,2
8,44.087,-122.081,ID8_F8_m8f8_P8_Y8_UO4759,ID8_F8_m8f8_P8_Y6_UO2813,ID8_F8_m8f8_P8_Y7_UO3371,FXX,2,0.0,1,0,1.0,0,0,0,-9999.0,0.734375,1,P7_CV0,1,2,0,1,1
8,44.087,-122.081,ID8_F8_m8f8_P8_Y8_UO7082,ID8_F8_m8f8_P8_Y6_UO4783,ID8_F8_m8f8_P8_Y7_UO3332,MXY,2,0.0,1,0,0.0,0,0,0,-9999.0,0.6875,1,P7_CV0,1,2,0,0,2
8,44.087,-122.081,ID8_F8_m8f8_P8_Y8_UO7603,ID8_F8_m8f8_P8_Y6_UO466,ID8_F8_m8f8_P8_Y5_UO5339,FXX,2,0.0,1,0,1.0,0,0,0,-9999.0,0.76171875,1,P7_CV0,1,2,0,1,1
8,44.087,-122.081,ID8_F8_m8f8_P8_Y8_UO7606,ID8_F8_m8f8_P8_Y6_UO466,ID8_F8_m8f8_P8_Y5_UO5339,MXY,2,0.0,1,0,0.0,0,0,0,-9999.0,0.76171875,1,P7_CV0,1,2,0,0,2
8,44.087,-122.081,ID8_F8_m8f8_P8_Y8_UO1415,ID8_F8_m8f8_P8_Y6_UO5530,ID8_F8_m8f8_P8_Y6_UO2452,FXX,2,0.0,1,0,1.0,0,0,0,-9999.0,0.78515625,1,P7_CV0,1,2,0,1,1
8,44.087,-122.081,ID8_F8_m8f8_P8_Y8_UO1372,ID8_F8_m8f8_P8_Y6_UO6955,ID8_F8_m8f8_P8_Y7_UO5494,FXX,2,0.0,1,0,1.0,0,0,0,-9999.0,0.75,1,P7_CV0,1,2,0,1,1
8,44.087,-122.081,ID8_F8_m8f8_P8_Y8_UO4758,ID8_F8_m8f8_P8_Y6_UO2813,ID8_F8_m8f8_P8_Y7_UO3371,MXY,2,0.0,1,0,0.0,0,0,0,-9999.0,0.734375,1,P7_CV0,1,2,0,1,1
8,44.087,-122.081,ID8_F8_m8f8_P8_Y7_UO3247,ID8_F8_m8f8_P8_Y5_UO817,ID8_F8_m8f8_P8_Y4_UO302,MXY,3,0.0,1,0,0.0,0,0,0,-9999.0,0.65625,1,P7_CV0,1,2,0,1,1
8,44.087,-122.081,ID8_F8_m8f8_P8_Y7_UO4378,ID8_F8_m8f8_P8_Y5_UO3007,ID8_F8_m8f8_P8_Y6_UO6954,MXY,3,0.0,1,0,0.0,0,0,0,-9999.0,0.8203125,1,P7_CV0,1,2,0,0,2
8,44.087,-122.081,ID8_F8_m8f8_P8_Y7_UO4048,ID8_F8_m8f8_P8_Y5_UO2912,ID8_F8_m8f8_P8_Y5_UO1812,MXY,3,0.0,1,0,0.0,0,0,0,-9999.0,0.6484375,1,P7_CV0,1,2,0,0,2
8,44.087,-122.081,ID8_F8_m8f8_P8_Y7_UO1807,ID8_F8_m8f8_P8_Y4_UO6257,ID8_F8_m8f8_P8_Y6_UO6954,MXY,3,0.0,1,0,0.0,0,0,0,-9999.0,0.7734375,1,P7_CV0,1,2,0,1,1
8,44.087,-122.081,ID8_F8_m8f8_P8_Y7_UO1422,ID8_F8_m8f8_P8_Y5_UO798,ID8_F8_m8f8_P8_Y5_UO5461,MXY,3,0.0,1,0,0.0,0,0,0,-9999.0,0.6875,1,P7_CV0,1,2,0,1,1
8,44.087,-122.081,ID8_F8_m8f8_P8_Y7_UO2409,ID8_F8_m8f8_P8_Y4_UO6099,ID8_F8_m8f8_P8_Y5_UO4462,FXX,3,0.0,1,0,1.0,0,0,0,-9999.0,0.625,1,P7_CV0,1,2,0,0,2
8,44.087,-122.081,ID8_F8_m8f8_P8_Y7_UO1454,ID8_F8_m8f8_P8_Y5_UO5337,ID8_F8_m8f8_P8_Y5_UO4802,MXY,3,0.0,1,0,0.0,0,0,0,-9999.0,0.703125,1,P7_CV0,1,2,0,0,2
8,44.087,-122.081,ID8_F8_m8f8_P8_Y7_UO3538,ID8_F8_m8f8_P8_Y5_UO4458,ID8_F8_m8f8_P8_Y6_UO3033,MXY,3,0.0,1,0,0.0,0,0,0,-9999.0,0.62109375,1,P7_CV0,1,2,0,0,2
8,44.087,-122.081,ID8_F8_m8f8_P8_Y7_UO5190,ID8_F8_m8f8_P8_Y4_UO4307,ID8_F8_m8f8_P8_Y6_UO2449,MXY,3,0.0,1,0,0.0,0,0,0,-9999.0,0.72265625,1,P7_CV0,1,2,0,2,0
8,44.087,-122.081,ID8_F8_m8f8_P8_Y7_UO3338,ID8_F8_m8f8_P8_Y5_UO200,ID8_F8_m8f8_P8_Y6_UO2811,FXX,3,0.0,1,0,1.0,0,0,0,-9999.0,0.734375,1,P7_CV0,1,2,0,0,2
8,44.087,-122.081,ID8_F8_m8f8_P8_Y7_UO4389,ID8_F8_m8f8_P8_Y5_UO3007,ID8_F8_m8f8_P8_Y6_UO6954,FXX,3,0.0,1,0,1.0,0,0,0,-9999.0,0.8203125,1,P7_CV0,1,2,0,1,1
8,44.087,-122.081,ID8_F8_m8f8_P8_Y7_UO1052,ID8_F8_m8f8_P8_Y4_UO1967,ID8_F8_m8f8_P8_Y6_UO5849,FXX,3,0.0,1,0,1.0,0,0,0,-9999.0,0.8125,1,P7_CV0,1,2,0,0,2
8,44.087,-122.081,ID8_F8_m8f8_P8_Y7_UO3336,ID8_F8_m8f8_P8_Y5_UO200,ID8_F8_m8f8_P8_Y6_UO2811,FXX,3,0.0,1,0,1.0,0,0,0,-9999.0,0.734375,1,P7_CV0,1,2,0,0,2
8,44.087,-122.081,ID8_F8_m8f8_P8_Y7_UO1427,ID8_F8_m8f8_P8_Y5_UO798,ID8_F8_m8f8_P8_Y5_UO5461,MXY,3,0.0,1,0,0.0,0,0,0,-9999.0,0.6875,1,P7_CV0,1,2,0,0,2
8,44.087,-122.081,ID8_F8_m8f8_P8_Y7_UO4049,ID8_F8_m8f8_P8_Y5_UO2912,ID8_F8_m8f8_P8_Y5_UO1812,MXY,3,0.0,1,0,0.0,0,0,0,-9999.0,0.6484375,1,P7_CV0,1,2,0,0,2
8,44.087,-122.081,ID8_F8_m8f8_P8_Y7_UO2444,ID8_F8_m8f8_P8_Y5_UO1054,ID8_F8_m8f8_P8_Y6_UO5538,FXX,3,0.0,1,0,1.0,0,0,0,-9999.0,0.7734375,1,P7_CV0,1,2,0,0,2
8,44.087,-122.081,ID8_F8_m8f8_P8_Y7_UO5755,ID8_F8_m8f8_P8_Y5_UO1911,ID8_F8_m8f8_P8_Y4_UO1917,FXX,3,0.0,1,0,1.0,0,0,0,-9999.0,0.6640625,1,P7_CV0,1,2,0,0,2
8,44.087,-122.081,ID8_F8_m8f8_P8_Y7_UO3386,ID8_F8_m8f8_P8_Y5_UO3063,ID8_F8_m8f8_P8_Y6_UO2721,FXX,3,0.0,1,0,1.0,0,0,0,-9999.0,0.578125,1,P7_CV0,1,2,0,0,2
8,44.087,-122.081,ID8_F8_m8f8_P8_Y7_UO5718,ID8_F8_m8f8_P8_Y5_UO5356,ID8_F8_m8f8_P8_Y4_UO1587,MXY,3,0.0,1,0,0.0,0,0,0,-9999.0,0.7421875,1,P7_CV0,1,2,0,0,2
8,44.087,-122.081,ID8_F8_m8f8_P8_Y7_UO1426,ID8_F8_m8f8_P8_Y5_UO798,ID8_F8_m8f8_P8_Y5_UO5461,FXX,3,0.0,1,0,1.0,0,0,0,-9999.0,0.6875,1,P7_CV0,1,2,0,0,2
8,44.087,-122.081,ID8_F8_m8f8_P8_Y7_UO3782,ID8_F8_m8f8_P8_Y5_UO2489,ID8_F8_m8f8_P8_Y6_UO1915,FXX,3,0.0,1,0,1.0,0,0,0,-9999.0,0.796875,1,P7_CV0,1,2,0,1,1
8,44.087,-122.081,ID8_F8_m8f8_P8_Y7_UO1425,ID8_F8_m8f8_P8_Y5_UO798,ID8_F8_m8f8_P8_Y5_UO5461,FXX,3,0.0,1,0,1.0,0,0,0,-9999.0,0.6875,1,P7_CV0,1,2,0,1,1
8,44.087,-122.081,ID8_F8_m8f8_P8_Y7_UO4913,ID8_F8_m8f8_P8_Y5_UO86,ID8_F8_m8f8_P8_Y6_UO2586,FXX,3,0.0,1,0,1.0,0,0,0,-9999.0,0.6796875,1,P7_CV0,1,2,0,2,0
8,44.087,-122.081,ID8_F8_m8f8_P8_Y7_UO4693,ID8_F8_m8f8_P8_Y4_UO4115,ID8_F8_m8f8_P8_Y5_UO1053,FXX,3,0.0,1,0,1.0,0,0,0,-9999.0,0.671875,1,P7_CV0,1,2,0,0,2
8,44.087,-122.081,ID8_F8_m8f8_P8_Y6_UO1914,ID8_F8_m8f8_P8_Y4_UO1589,ID8_F8_m8f8_P8_Y5_UO3060,FXX,4,0.0,1,0,1.0,0,0,0,-9999.0,0.640625,1,P7_CV0,1,2,0,1,1
8,44.087,-122.081,ID8_F8_m8f8_P8_Y6_UO5533,ID8_F8_m8f8_P8_Y4_UO3926,ID8_F8_m8f8_P8_Y4_UO1032,MXY,4,0.0,1,0,0.0,0,0,0,-9999.0,0.828125,1,P7_CV0,1,2,0,0,2
8,44.087,-122.081,ID8_F8_m8f8_P8_Y6_UO4799,ID8_F8_m8f8_P8_Y4_UO6233,ID8_F8_m8f8_P8_Y5_UO4462,FXX,4,0.0,1,0,1.0,0,0,0,-9999.0,0.609375,1,P7_CV0,1,2,0,0,2
8,44.087,-122.081,ID8_F8_m8f8_P8_Y6_UO3262,ID8_F8_m8f8_P8_Y4_UO6831,ID8_F8_m8f8_P8_Y5_UO5359,MXY,4,0.0,1,0,0.0,0,0,0,-9999.0,0.6640625,1,P7_CV0,1,2,0,1,1
8,44.087,-122.081,ID8_F8_m8f8_P8_Y6_UO7257,ID8_F8_m8f8_P8_Y4_UO2398,ID8_F8_m8f8_P8_Y2_UO397,FXX,4,0.0,1,0,1.0,0,0,0,-9999.0,0.84375,1,P7_CV0,1,2,0,1,1
8,44.087,-122.081,ID8_F8_m8f8_P8_Y6_UO3270,ID8_F8_m8f8_P8_Y4_UO4116,ID8_F8_m8f8_P8_Y4_UO1911,MXY,4,0.0,1,0,0.0,0,0,0,-9999.0,0.6640625,1,P7_CV0,1,2,0,0,2
8,44.087,-122.081,ID8_F8_m8f8_P8_Y6_UO5534,ID8_F8_m8f8_P8_Y4_UO3926,ID8_F8_m8f8_P8_Y4_UO1032,MXY,4,0.0,1,0,0.0,0,0,0,-9999.0,0.828125,1,P7_CV0,1,2,0,0,2
8,44.087,-122.081,ID8_F8_m8f8_P8_Y6_UO938,ID8_F8_m8f8_P8_Y4_UO1965,ID8_F8_m8f8_P8_Y5_UO5375,MXY,4,0.0,1,0,0.0,0,0,0,-9999.0,0.7421875,1,P7_CV0,1,2,0,1,1
8,44.087,-122.081,ID8_F8_m8f8_P8_Y6_UO2722,ID8_F8_m8f8_P8_Y3_UO365,ID8_F8_m8f8_P8_Y2_UO3364,MXY,4,0.0,1,0,0.0,0,0,0,-9999.0,0.65625,1,P7_CV0,1,2,0,1,1
8,44.087,-122.081,ID8_F8_m8f8_P8_Y6_UO3541,ID8_F8_m8f8_P8_Y4_UO513,ID8_F8_m8f8_P8_Y5_UO2127,FXX,4,0.0,1,0,1.0,0,0,0,-9999.0,0.7734375,1,P7_CV0,1,2,0,1,1
8,44.087,-122.081,ID8_F8_m8f8_P8_Y6_UO5539,ID8_F8_m8f8_P8_Y4_UO3926,ID8_F8_m8f8_P8_Y4_UO1032,FXX,4,0.0,1,0,1.0,0,0,0,-9999.0,0.828125,1,P7_CV0,1,2,0,0,2
8,44.087,-122.081,ID8_F8_m8f8_P8_Y6_UO7511,ID8_F8_m8f8_P8_Y3_UO4700,ID8_F8_m8f8_P8_Y5_UO5363,FXX,4,0.0,1,0,1.0,0,0,0,-9999.0,0.7265625,1,P7_CV0,1,2,0,2,0
8,44.087,-122.081,ID8_F8_m8f8_P8_Y6_UO4800,ID8_F8_m8f8_P8_Y4_UO6233,ID8_F8_m8f8_P8_Y5_UO4462,FXX,4,0.0,1,0,1.0,0,0,0,-9999.0,0.609375,1,P7_CV0,1,2,0,0,2
8,44.087,-122.081,ID8_F8_m8f8_P8_Y6_UO4750,ID8_F8_m8f8_P8_Y4_UO1568,ID8_F8_m8f8_P8_Y5_UO3756,MXY,4,0.0,1,0,0.0,0,0,0,-9999.0,0.8515625,1,P7_CV0,1,2,0,2,0
8,44.087,-122.081,ID8_F8_m8f8_P8_Y6_UO7490,ID8_F8_m8f8_P8_Y4_UO6776,ID8_F8_m8f8_P8_Y4_UO1572,FXX,4,0.0,1,0,1.0,0,0,0,-9999.0,0.765625,1,P7_CV0,1,2,0,0,2
8,44.087,-122.081,ID8_F8_m8f8_P8_Y5_UO4458,ID8_F8_m8f8_P8_Y3_UO3957,ID8_F8_m8f8_P8_Y2_UO2585,FXX,5,0.0,1,0,1.0,0,0,0,-9999.0,0.5,1,P7_CV0,1,2,0,1,1
8,44.087,-122.081,ID8_F8_m8f8_P8_Y5_UO3000,ID8_F8_m8f8_P8_Y3_UO4700,ID8_F8_m8f8_P8_Y3_UO1994,FXX,5,0.0,1,0,1.0,0,0,0,-9999.0,0.875,1,P7_CV0,1,2,0,2,0
8,44.087,-122.081,ID8_F8_m8f8_P8_Y5_UO3008,ID8_F8_m8f8_P8_Y3_UO4700,ID8_F8_m8f8_P8_Y3_UO1994,MXY,5,0.0,1,0,0.0,0,0,0,-9999.0,0.875,1,P7_CV0,1,2,0,2,0
9,44.232,-122.202,ID9_F9_m9f9_P9_Y9_UO56,ID9_F9_m9f9_P9_Y7_UO278,ID9_F9_m9f9_P9_Y8_UO1043,MXY,1,0.0,1,0,0.0,0,0,0,-9999.0,0.798828125,1,P8_CV0,1,2,0,1,1
9,44.232,-122.202,ID9_F9_m9f9_P9_Y9_UO57,ID9_F9_m9f9_P9_Y7_UO278,ID9_F9_m9f9_P9_Y8_UO1043,FXX,1,0.0,1,0,1.0,0,0,0,-9999.0,0.798828125,1,P8_CV0,1,2,0,0,2
9,44.232,-122.202,ID9_F9_m9f9_P9_Y9_UO58,ID9_F9_m9f9_P9_Y7_UO278,ID9_F9_m9f9_P9_Y8_UO1043,MXY,1,0.0,1,0,0.0,0,0,0,-9999.0,0.798828125,1,P8_CV0,1,2,0,0,2
9,44.232,-122.202,ID9_F9_m9f9_P9_Y9_UO59,ID9_F9_m9f9_P9_Y7_UO278,ID9_F9_m9f9_P9_Y8_UO1043,FXX,1,0.0,1,0,1.0,0,0,0,-9999.0,0.798828125,1,P8_CV0,1,2,0,0,2
9,44.232,-122.202,ID9_F9_m9f9_P9_Y9_UO67,ID9_F9_m9f9_P9_Y7_UO1189,ID9_F9_m9f9_P9_Y8_UO6367,MXY,1,0.0,1,0,0.0,0,0,0,-9999.0,0.751953125,1,P8_CV0,1,2,0,2,0
9,44.232,-122.202,ID9_F9_m9f9_P9_Y9_UO69,ID9_F9_m9f9_P9_Y7_UO1189,ID9_F9_m9f9_P9_Y8_UO6367,MXY,1,0.0,1,0,0.0,0,0,0,-9999.0,0.751953125,1,P8_CV0,1,2,0,1,1
9,44.232,-122.202,ID9_F9_m9f9_P9_Y9_UO71,ID9_F9_m9f9_P9_Y7_UO1189,ID9_F9_m9f9_P9_Y8_UO6367,FXX,1,0.0,1,0,1.0,0,0,0,-9999.0,0.751953125,1,P8_CV0,1,2,0,2,0
9,44.232,-122.202,ID9_F9_m9f9_P9_Y9_UO75,ID9_F9_m9f9_P9_Y7_UO1189,ID9_F9_m9f9_P9_Y8_UO6367,FXX,1,0.0,1,0,1.0,0,0,0,-9999.0,0.751953125,1,P8_CV0,1,2,0,1,1
9,44.232,-122.202,ID9_F9_m9f9_P9_Y9_UO76,ID9_F9_m9f9_P9_Y7_UO1189,ID9_F9_m9f9_P9_Y8_UO6367,FXX,1,0.0,1,0,1.0,0,0,0,-9999.0,0.751953125,1,P8_CV0,1,2,0,1,1
9,44.232,-122.202,ID9_F9_m9f9_P9_Y9_UO77,ID9_F9_m9f9_P9_Y7_UO1189,ID9_F9_m9f9_P9_Y8_UO6367,FXX,1,0.0,1,0,1.0,0,0,0,-9999.0,0.751953125,1,P8_CV0,1,2,0,2,0
9,44.232,-122.202,ID9_F9_m9f9_P9_Y9_UO166,ID9_F9_m9f9_P9_Y7_UO3410,ID9_F9_m9f9_P9_Y7_UO3412,MXY,1,0.0,1,0,0.0,0,0,0,-9999.0,0.8125,1,P8_CV0,1,2,0,2,0
9,44.232,-122.202,ID9_F9_m9f9_P9_Y9_UO168,ID9_F9_m9f9_P9_Y7_UO3410,ID9_F9_m9f9_P9_Y7_UO3412,FXX,1,0.0,1,0,1.0,0,0,0,-9999.0,0.8125,1,P8_CV0,1,2,0,2,0
9,44.232,-122.202,ID9_F9_m9f9_P9_Y9_UO169,ID9_F9_m9f9_P9_Y7_UO3410,ID9_F9_m9f9_P9_Y7_UO3412,MXY,1,0.0,1,0,0.0,0,0,0,-9999.0,0.8125,1,P8_CV0,1,2,0,2,0
9,44.232,-122.202,ID9_F9_m9f9_P9_Y9_UO170,ID9_F9_m9f9_P9_Y7_UO3410,ID9_F9_m9f9_P9_Y7_UO3412,FXX,1,0.0,1,0,1.0,0,0,0,-9999.0,0.8125,1,P8_CV0,1,2,0,1,1
9,44.232,-122.202,ID9_F9_m9f9_P9_Y9_UO171,ID9_F9_m9f9_P9_Y7_UO3410,ID9_F9_m9f9_P9_Y7_UO3412,FXX,1,0.0,1,0,1.0,0,0,0,-9999.0,0.8125,1,P8_CV0,1,2,0,1,1
9,44.232,-122.202,ID9_F9_m9f9_P9_Y9_UO172,ID9_F9_m9f9_P9_Y7_UO3410,ID9_F9_m9f9_P9_Y7_UO3412,FXX,1,0.0,1,0,1.0,0,0,0,-9999.0,0.8125,1,P8_CV0,1,2,0,1,1
9,44.232,-122.202,ID9_F9_m9f9_P9_Y9_UO176,ID9_F9_m9f9_P9_Y7_UO3410,ID9_F9_m9f9_P9_Y7_UO3412,FXX,1,0.0,1,0,1.0,0,0,0,-9999.0,0.8125,1,P8_CV0,1,2,0,2,0
9,44.232,-122.202,ID9_F9_m9f9_P9_Y9_UO236,ID9_F9_m9f9_P9_Y7_UO1186,ID9_F9_m9f9_P9_Y8_UO1025,MXY,1,0.0,1,0,0.0,0,0,0,-9999.0,0.76171875,1,P8_CV0,1,2,0,1,1
9,44.232,-122.202,ID9_F9_m9f9_P9_Y9_UO237,ID9_F9_m9f9_P9_Y7_UO1186,ID9_F9_m9f9_P9_Y8_UO1025,MXY,1,0.0,1,0,0.0,0,0,0,-9999.0,0.76171875,1,P8_CV0,1,2,0,1,1
9,44.232,-122.202,ID9_F9_m9f9_P9_Y9_UO238,ID9_F9_m9f9_P9_Y7_UO1186,ID9_F9_m9f9_P9_Y8_UO1025,FXX,1,0.0,1,0,1.0,0,0,0,-9999.0,0.76171875,1,P8_CV0,1,2,0,1,1
9,44.232,-122.202,ID9_F9_m9f9_P9_Y9_UO239,ID9_F9_m9f9_P9_Y7_UO1186,ID9_F9_m9f9_P9_Y8_UO1025,FXX,1,0.0,1,0,1.0,0,0,0,-9999.0,0.76171875,1,P8_CV0,1,2,0,1,1
9,44.232,-122.202,ID9_F9_m9f9_P9_Y9_UO240,ID9_F9_m9f9_P9_Y7_UO1186,ID9_F9_m9f9_P9_Y8_UO1025,MXY,1,0.0,1,0,0.0,0,0,0,-9999.0,0.76171875,1,P8_CV0,1,2,0,1,1
9,44.232,-122.202,ID9_F9_m9f9_P9_Y9_UO242,ID9_F9_m9f9_P9_Y7_UO1186,ID9_F9_m9f9_P9_Y8_UO1025,FXX,1,0.0,1,0,1.0,0,0,0,-9999.0,0.76171875,1,P8_CV0,1,2,0,1,1
9,44.232,-122.202,ID9_F9_m9f9_P9_Y9_UO245,ID9_F9_m9f9_P9_Y7_UO1186,ID9_F9_m9f9_P9_Y8_UO1025,MXY,1,0.0,1,0,0.0,0,0,0,-9999.0,0.76171875,1,P8_CV0,1,2,0,1,1
9,44.232,-122.202,ID9_F9_m9f9_P9_Y9_UO246,ID9_F9_m9f9_P9_Y7_UO1186,ID9_F9_m9f9_P9_Y8_UO1025,FXX,1,0.0,1,0,1.0,0,0,0,-9999.0,0.76171875,1,P8_CV0,1,2,0,1,1
9,44.232,-122.202,ID9_F9_m9f9_P9_Y9_UO429,ID9_F9_m9f9_P9_Y7_UO3738,ID9_F9_m9f9_P9_Y6_UO2921,MXY,1,0.0,1,0,0.0,0,0,0,-9999.0,0.85546875,1,P8_CV0,1,2,0,1,1
9,44.232,-122.202,ID9_F9_m9f9_P9_Y9_UO430,ID9_F9_m9f9_P9_Y7_UO3738,ID9_F9_m9f9_P9_Y6_UO2921,FXX,1,0.0,1,0,1.0,0,0,0,-9999.0,0.85546875,1,P8_CV0,1,2,0,1,1
9,44.232,-122.202,ID9_F9_m9f9_P9_Y9_UO431,ID9_F9_m9f9_P9_Y7_UO3738,ID9_F9_m9f9_P9_Y6_UO2921,FXX,1,0.0,1,0,1.0,0,0,0,-9999.0,0.85546875,1,P8_CV0,1,2,0,2,0
9,44.232,-122.202,ID9_F9_m9f9_P9_Y9_UO432,ID9_F9_m9f9_P9_Y7_UO3738,ID9_F9_m9f9_P9_Y6_UO2921,MXY,1,0.0,1,0,0.0,0,0,0,-9999.0,0.85546875,1,P8_CV0,1,2,0,1,1
9,44.232,-122.202,ID9_F9_m9f9_P9_Y9_UO433,ID9_F9_m9f9_P9_Y7_UO3738,ID9_F9_m9f9_P9_Y6_UO2921,FXX,1,0.0,1,0,1.0,0,0,0,-9999.0,0.85546875,1,P8_CV0,1,2,0,2,0
9,44.232,-122.202,ID9_F9_m9f9_P9_Y9_UO564,ID9_F9_m9f9_P9_Y6_UO2927,ID9_F9_m9f9_P9_Y6_UO6823,MXY,1,0.0,1,0,0.0,0,0,0,-9999.0,0.87890625,1,P8_CV0,1,2,0,2,0
9,44.232,-122.202,ID9_F9_m9f9_P9_Y9_UO566,ID9_F9_m9f9_P9_Y6_UO2927,ID9_F9_m9f9_P9_Y6_UO6823,MXY,1,0.0,1,0,0.0,0,0,0,-9999.0,0.87890625,1,P8_CV0,1,2,0,2,0
9,44.232,-122.202,ID9_F9_m9f9_P9_Y9_UO568,ID9_F9_m9f9_P9_Y6_UO2927,ID9_F9_m9f9_P9_Y6_UO6823,FXX,1,0.0,1,0,1.0,0,0,0,-9999.0,0.87890625,1,P8_CV0,1,2,0,1,1
9,44.232,-122.202,ID9_F9_m9f9_P9_Y9_UO569,ID9_F9_m9f9_P9_Y6_UO2927,ID9_F9_m9f9_P9_Y6_UO6823,MXY,1,0.0,1,0,0.0,0,0,0,-9999.0,0.87890625,1,P8_CV0,1,2,0,1,1
9,44.232,-122.202,ID9_F9_m9f9_P9_Y9_UO933,ID9_F9_m9f9_P9_Y7_UO2515,ID9_F9_m9f9_P9_Y8_UO6638,MXY,1,0.0,1,0,0.0,0,0,0,-9999.0,0.8466796875,1,P8_CV0,1,2,0,0,2
9,44.232,-122.202,ID9_F9_m9f9_P9_Y9_UO936,ID9_F9_m9f9_P9_Y7_UO2515,ID9_F9_m9f9_P9_Y8_UO6638,FXX,1,0.0,1,0,1.0,0,0,0,-9999.0,0.8466796875,1,P8_CV0,1,2,0,1,1
9,44.232,-122.202,ID9_F9_m9f9_P9_Y9_UO939,ID9_F9_m9f9_P9_Y7_UO2515,ID9_F9_m9f9_P9_Y8_UO6638,FXX,1,0.0,1,0,1.0,0,0,0,-9999.0,0.8466796875,1,P8_CV0,1,2,0,0,2
9,44.232,-122.202,ID9_F9_m9f9_P9_Y9_UO969,ID9_F9_m9f9_P9_Y7_UO126,ID9_F9_m9f9_P9_Y7_UO172,FXX,1,0.0,1,0,1.0,0,0,0,-9999.0,0.83203125,1,P8_CV0,1,2,0,2,0
9,44.232,-122.202,ID9_F9_m9f9_P9_Y9_UO970,ID9_F9_m9f9_P9_Y7_UO126,ID9_F9_m9f9_P9_Y7_UO172,FXX,1,0.0,1,0,1.0,0,0,0,-9999.0,0.83203125,1,P8_CV0,1,2,0,2,0
9,44.232,-122.202,ID9_F9_m9f9_P9_Y9_UO973,ID9_F9_m9f9_P9_Y7_UO479,ID9_F9_m9f9_P9_Y7_UO169,FXX,1,0.0,1,0,1.0,0,0,0,-9999.0,0.80859375,1,P8_CV0,1,2,0,0,2
9,44.232,-122.202,ID9_F9_m9f9_P9_Y9_UO975,ID9_F9_m9f9_P9_Y7_UO479,ID9_F9_m9f9_P9_Y7_UO169,MXY,1,0.0,1,0,0.0,0,0,0,-9999.0,0.80859375,1,P8_CV0,1,2,0,1,1
9,44.232,-122.202,ID9_F9_m9f9_P9_Y9_UO977,ID9_F9_m9f9_P9_Y7_UO479,ID9_F9_m9f9_P9_Y7_UO169,MXY,1,0.0,1,0,0.0,0,0,0,-9999.0,0.80859375,1,P8_CV0,1,2,0,0,2
9,44.232,-122.202,ID9_F9_m9f9_P9_Y9_UO1224,ID9_F9_m9f9_P9_Y6_UO2976,ID9_F9_m9f9_P9_Y8_UO1047,FXX,1,0.0,1,0,1.0,0,0,0,-9999.0,0.806640625,1,P8_CV0,1,2,0,1,1
9,44.232,-122.202,ID9_F9_m9f9_P9_Y9_UO1225,ID9_F9_m9f9_P9_Y6_UO2976,ID9_F9_m9f9_P9_Y8_UO1047,MXY,1,0.0,1,0,0.0,0,0,0,-9999.0,0.806640625,1,P8_CV0,1,2,0,0,2
9,44.232,-122.202,ID9_F9_m9f9_P9_Y9_UO1226,ID9_F9_m9f9_P9_Y6_UO2976,ID9_F9_m9f9_P9_Y8_UO1047,MXY,1,0.0,1,0,0.0,0,0,0,-9999.0,0.806640625,1,P8_CV0,1,2,0,0,2
9,44.232,-122.202,ID9_F9_m9f9_P9_Y9_UO1243,ID9_F9_m9f9_P9_Y6_UO5163,ID9_F9_m9f9_P9_Y7_UO5345,MXY,1,0.0,1,0,0.0,0,0,0,-9999.0,0.759765625,1,P8_CV0,1,2,0,0,2
9,44.232,-122.202,ID9_F9_m9f9_P9_Y9_UO1244,ID9_F9_m9f9_P9_Y6_UO5163,ID9_F9_m9f9_P9_Y7_UO5345,FXX,1,0.0,1,0,1.0,0,0,0,-9999.0,0.759765625,1,P8_CV0,1,2,0,0,2
9,44.232,-122.202,ID9_F9_m9f9_P9_Y9_UO1392,ID9_F9_m9f9_P9_Y6_UO4475,ID9_F9_m9f9_P9_Y8_UO136,MXY,1,0.0,1,0,0.0,0,0,0,-9999.0,0.80859375,1,P8_CV0,1,2,0,0,2
9,44.232,-122.202,ID9_F9_m9f9_P9_Y9_UO1393,ID9_F9_m9f9_P9_Y6_UO4475,ID9_F9_m9f9_P9_Y8_UO136,MXY,1,0.0,1,0,0.0,0,0,0,-9999.0,0.80859375,1,P8_CV0,1,2,0,0,2
9,44.232,-122.202,ID9_F9_m9f9_P9_Y9_UO1446,ID9_F9_m9f9_P9_Y7_UO4310,ID9_F9_m9f9_P9_Y8_UO4378,FXX,1,0.0,1,0,1.0,0,0,0,-9999.0,0.794921875,1,P8_CV0,1,2,0,1,1
9,44.232,-122.202,ID9_F9_m9f9_P9_Y9_UO1447,ID9_F9_m9f9_P9_Y7_UO4310,ID9_F9_m9f9_P9_Y8_UO4378,MXY,1,0.0,1,0,0.0,0,0,0,-9999.0,0.794921875,1,P8_CV0,1,2,0,2,0
9,44.232,-122.202,ID9_F9_m9f9_P9_Y9_UO1448,ID9_F9_m9f9_P9_Y7_UO4310,ID9_F9_m9f9_P9_Y8_UO4378,MXY,1,0.0,1,0,0.0,0,0,0,-9999.0,0.794921875,1,P8_CV0,1,2,0,2,0
9,44.232,-122.202,ID9_F9_m9f9_P9_Y9_UO1450,ID9_F9_m9f9_P9_Y7_UO4310,ID9_F9_m9f9_P9_Y8_UO4378,FXX,1,0.0,1,0,1.0,0,0,0,-9999.0,0.794921875,1,P8_CV0,1,2,0,1,1
9,44.232,-122.202,ID9_F9_m9f9_P9_Y9_UO1451,ID9_F9_m9f9_P9_Y7_UO4310,ID9_F9_m9f9_P9_Y8_UO4378,MXY,1,0.0,1,0,0.0,0,0,0,-9999.0,0.794921875,1,P8_CV0,1,2,0,1,1
9,44.232,-122.202,ID9_F9_m9f9_P9_Y9_UO1452,ID9_F9_m9f9_P9_Y7_UO4310,ID9_F9_m9f9_P9_Y8_UO4378,FXX,1,0.0,1,0,1.0,0,0,0,-9999.0,0.794921875,1,P8_CV0,1,2,0,1,1
9,44.232,-122.202,ID9_F9_m9f9_P9_Y9_UO1453,ID9_F9_m9f9_P9_Y7_UO4310,ID9_F9_m9f9_P9_Y8_UO4378,FXX,1,0.0,1,0,1.0,0,0,0,-9999.0,0.794921875,1,P8_CV0,1,2,0,1,1
9,44.232,-122.202,ID9_F9_m9f9_P9_Y9_UO1455,ID9_F9_m9f9_P9_Y7_UO4310,ID9_F9_m9f9_P9_Y8_UO4378,FXX,1,0.0,1,0,1.0,0,0,0,-9999.0,0.794921875,1,P8_CV0,1,2,0,2,0
9,44.232,-122.202,ID9_F9_m9f9_P9_Y9_UO1456,ID9_F9_m9f9_P9_Y7_UO4310,ID9_F9_m9f9_P9_Y8_UO4378,MXY,1,0.0,1,0,0.0,0,0,0,-9999.0,0.794921875,1,P8_CV0,1,2,0,1,1
9,44.232,-122.202,ID9_F9_m9f9_P9_Y9_UO1533,ID9_F9_m9f9_P9_Y7_UO1955,ID9_F9_m9f9_P9_Y5_UO719,FXX,1,0.0,1,0,1.0,0,0,0,-9999.0,0.798828125,1,P8_CV0,1,2,0,0,2
9,44.232,-122.202,ID9_F9_m9f9_P9_Y9_UO1534,ID9_F9_m9f9_P9_Y7_UO1955,ID9_F9_m9f9_P9_Y5_UO719,MXY,1,0.0,1,0,0.0,0,0,0,-9999.0,0.798828125,1,P8_CV0,1,2,0,0,2
9,44.232,-122.202,ID9_F9_m9f9_P9_Y9_UO1535,ID9_F9_m9f9_P9_Y7_UO1955,ID9_F9_m9f9_P9_Y5_UO719,MXY,1,0.0,1,0,0.0,0,0,0,-9999.0,0.798828125,1,P8_CV0,1,2,0,1,1
9,44.232,-122.202,ID9_F9_m9f9_P9_Y9_UO1537,ID9_F9_m9f9_P9_Y7_UO1955,ID9_F9_m9f9_P9_Y5_UO719,MXY,1,0.0,1,0,0.0,0,0,0,-9999.0,0.798828125,1,P8_CV0,1,2,0,0,2
9,44.232,-122.202,ID9_F9_m9f9_P9_Y9_UO1538,ID9_F9_m9f9_P9_Y7_UO1955,ID9_F9_m9f9_P9_Y5_UO719,MXY,1,0.0,1,0,0.0,0,0,0,-9999.0,0.798828125,1,P8_CV0,1,2,0,1,1
9,44.232,-122.202,ID9_F9_m9f9_P9_Y9_UO1539,ID9_F9_m9f9_P9_Y7_UO1955,ID9_F9_m9f9_P9_Y5_UO719,FXX,1,0.0,1,0,1.0,0,0,0,-9999.0,0.798828125,1,P8_CV0,1,2,0,1,1
9,44.232,-122.202,ID9_F9_m9f9_P9_Y9_UO1540,ID9_F9_m9f9_P9_Y7_UO1955,ID9_F9_m9f9_P9_Y5_UO719,FXX,1,0.0,1,0,1.0,0,0,0,-9999.0,0.798828125,1,P8_CV0,1,2,0,0,2
9,44.232,-122.202,ID9_F9_m9f9_P9_Y9_UO1542,ID9_F9_m9f9_P9_Y7_UO1955,ID9_F9_m9f9_P9_Y5_UO719,FXX,1,0.0,1,0,1.0,0,0,0,-9999.0,0.798828125,1,P8_CV0,1,2,0,0,2
9,44.232,-122.202,ID9_F9_m9f9_P9_Y9_UO1543,ID9_F9_m9f9_P9_Y7_UO1955,ID9_F9_m9f9_P9_Y5_UO719,FXX,1,0.0,1,0,1.0,0,0,0,-9999.0,0.798828125,1,P8_CV0,1,2,0,1,1
9,44.232,-122.202,ID9_F9_m9f9_P9_Y9_UO1776,ID9_F9_m9f9_P9_Y7_UO2131,ID9_F9_m9f9_P9_Y8_UO5438,MXY,1,0.0,1,0,0.0,0,0,0,-9999.0,0.775390625,1,P8_CV0,1,2,0,1,1
9,44.232,-122.202,ID9_F9_m9f9_P9_Y9_UO1777,ID9_F9_m9f9_P9_Y7_UO2131,ID9_F9_m9f9_P9_Y8_UO5438,FXX,1,0.0,1,0,1.0,0,0,0,-9999.0,0.775390625,1,P8_CV0,1,2,0,1,1
9,44.232,-122.202,ID9_F9_m9f9_P9_Y9_UO1778,ID9_F9_m9f9_P9_Y7_UO2131,ID9_F9_m9f9_P9_Y8_UO5438,MXY,1,0.0,1,0,0.0,0,0,0,-9999.0,0.775390625,1,P8_CV0,1,2,0,2,0
9,44.232,-122.202,ID9_F9_m9f9_P9_Y9_UO1781,ID9_F9_m9f9_P9_Y7_UO2131,ID9_F9_m9f9_P9_Y8_UO5438,MXY,1,0.0,1,0,0.0,0,0,0,-9999.0,0.775390625,1,P8_CV0,1,2,0,2,0
9,44.232,-122.202,ID9_F9_m9f9_P9_Y9_UO1782,ID9_F9_m9f9_P9_Y7_UO2131,ID9_F9_m9f9_P9_Y8_UO5438,FXX,1,0.0,1,0,1.0,0,0,0,-9999.0,0.775390625,1,P8_CV0,1,2,0,2,0
9,44.232,-122.202,ID9_F9_m9f9_P9_Y9_UO1946,ID9_F9_m9f9_P9_Y6_UO6154,ID9_F9_m9f9_P9_Y8_UO4294,FXX,1,0.0,1,0,1.0,0,0,0,-9999.0,0.8115234375,1,P8_CV0,1,2,0,2,0
9,44.232,-122.202,ID9_F9_m9f9_P9_Y9_UO1950,ID9_F9_m9f9_P9_Y6_UO6154,ID9_F9_m9f9_P9_Y8_UO4294,MXY,1,0.0,1,0,0.0,0,0,0,-9999.0,0.8115234375,1,P8_CV0,1,2,0,2,0
9,44.232,-122.202,ID9_F9_m9f9_P9_Y9_UO1951,ID9_F9_m9f9_P9_Y6_UO6154,ID9_F9_m9f9_P9_Y8_UO4294,FXX,1,0.0,1,0,1.0,0,0,0,-9999.0,0.8115234375,1,P8_CV0,1,2,0,1,1
9,44.232,-122.202,ID9_F9_m9f9_P9_Y9_UO2032,ID9_F9_m9f9_P9_Y7_UO4059,ID9_F9_m9f9_P9_Y8_UO6365,MXY,1,0.0,1,0,0.0,0,0,0,-9999.0,0.7900390625,1,P8_CV0,1,2,0,1,1
9,44.232,-122.202,ID9_F9_m9f9_P9_Y9_UO2035,ID9_F9_m9f9_P9_Y7_UO4059,ID9_F9_m9f9_P9_Y8_UO6365,MXY,1,0.0,1,0,0.0,0,0,0,-9999.0,0.7900390625,1,P8_CV0,1,2,0,1,1
9,44.232,-122.202,ID9_F9_m9f9_P9_Y9_UO2036,ID9_F9_m9f9_P9_Y7_UO4059,ID9_F9_m9f9_P9_Y8_UO6365,FXX,1,0.0,1,0,1.0,0,0,0,-9999.0,0.7900390625,1,P8_CV0,1,2,0,1,1
9,44.232,-122.202,ID9_F9_m9f9_P9_Y9_UO2135,ID9_F9_m9f9_P9_Y7_UO3738,ID9_F9_m9f9_P9_Y8_UO6475,FXX,1,0.0,1,0,1.0,0,0,0,-9999.0,0.8310546875,1,P8_CV0,1,2,0,1,1
9,44.232,-122.202,ID9_F9_m9f9_P9_Y9_UO2136,ID9_F9_m9f9_P9_Y7_UO3738,ID9_F9_m9f9_P9_Y8_UO6475,MXY,1,0.0,1,0,0.0,0,0,0,-9999.0,0.8310546875,1,P8_CV0,1,2,0,1,1
9,44.232,-122.202,ID9_F9_m9f9_P9_Y9_UO2137,ID9_F9_m9f9_P9_Y7_UO3738,ID9_F9_m9f9_P9_Y8_UO6475,MXY,1,0.0,1,0,0.0,0,0,0,-9999.0,0.8310546875,1,P8_CV0,1,2,0,1,1
9,44.232,-122.202,ID9_F9_m9f9_P9_Y9_UO2225,ID9_F9_m9f9_P9_Y5_UO206,ID9_F9_m9f9_P9_Y7_UO172,FXX,1,0.0,1,0,1.0,0,0,0,-9999.0,0.86328125,1,P8_CV0,1,2,0,0,2
9,44.232,-122.202,ID9_F9_m9f9_P9_Y9_UO2226,ID9_F9_m9f9_P9_Y5_UO206,ID9_F9_m9f9_P9_Y7_UO172,MXY,1,0.0,1,0,0.0,0,0,0,-9999.0,0.86328125,1,P8_CV0,1,2,0,1,1
9,44.232,-122.202,ID9_F9_m9f9_P9_Y9_UO2228,ID9_F9_m9f9_P9_Y5_UO206,ID9_F9_m9f9_P9_Y7_UO172,FXX,1,0.0,1,0,1.0,0,0,0,-9999.0,0.86328125,1,P8_CV0,1,2,0,0,2
9,44.232,-122.202,ID9_F9_m9f9_P9_Y9_UO2229,ID9_F9_m9f9_P9_Y5_UO206,ID9_F9_m9f9_P9_Y7_UO172,MXY,1,0.0,1,0,0.0,0,0,0,-9999.0,0.86328125,1,P8_CV0,1,2,0,1,1
9,44.232,-122.202,ID9_F9_m9f9_P9_Y9_UO2230,ID9_F9_m9f9_P9_Y5_UO206,ID9_F9_m9f9_P9_Y7_UO172,FXX,1,0.0,1,0,1.0,0,0,0,-9999.0,0.86328125,1,P8_CV0,1,2,0,1,1
9,44.232,-122.202,ID9_F9_m9f9_P9_Y9_UO2231,ID9_F9_m9f9_P9_Y5_UO206,ID9_F9_m9f9_P9_Y7_UO172,MXY,1,0.0,1,0,0.0,0,0,0,-9999.0,0.86328125,1,P8_CV0,1,2,0,0,2
9,44.232,-122.202,ID9_F9_m9f9_P9_Y9_UO2232,ID9_F9_m9f9_P9_Y5_UO206,ID9_F9_m9f9_P9_Y7_UO172,FXX,1,0.0,1,0,1.0,0,0,0,-9999.0,0.86328125,1,P8_CV0,1,2,0,0,2
9,44.232,-122.202,ID9_F9_m9f9_P9_Y9_UO2286,ID9_F9_m9f9_P9_Y5_UO1622,ID9_F9_m9f9_P9_Y6_UO1212,FXX,1,0.0,1,0,1.0,0,0,0,-9999.0,0.8671875,1,P8_CV0,1,2,0,1,1
9,44.232,-122.202,ID9_F9_m9f9_P9_Y9_UO2287,ID9_F9_m9f9_P9_Y5_UO1622,ID9_F9_m9f9_P9_Y6_UO1212,MXY,1,0.0,1,0,0.0,0,0,0,-9999.0,0.8671875,1,P8_CV0,1,2,0,0,2
9,44.232,-122.202,ID9_F9_m9f9_P9_Y9_UO2290,ID9_F9_m9f9_P9_Y5_UO1622,ID9_F9_m9f9_P9_Y6_UO1212,MXY,1,0.0,1,0,0.0,0,0,0,-9999.0,0.8671875,1,P8_CV0,1,2,0,1,1
9,44.232,-122.202,ID9_F9_m9f9_P9_Y9_UO2326,ID9_F9_m9f9_P9_Y7_UO1195,ID9_F9_m9f9_P9_Y8_UO6677,FXX,1,0.0,1,0,1.0,0,0,0,-9999.0,0.7626953125,1,P8_CV0,1,2,0,1,1
9,44.232,-122.202,ID9_F9_m9f9_P9_Y9_UO2327,ID9_F9_m9f9_P9_Y7_UO1195,ID9_F9_m9f9_P9_Y8_UO6677,MXY,1,0.0,1,0,0.0,0,0,0,-9999.0,0.7626953125,1,P8_CV0,1,2,0,1,1
9,44.232,-122.202,ID9_F9_m9f9_P9_Y9_UO2328,ID9_F9_m9f9_P9_Y7_UO1195,ID9_F9_m9f9_P9_Y8_UO6677,FXX,1,0.0,1,0,1.0,0,0,0,-9999.0,0.7626953125,1,P8_CV0,1,2,0,1,1
9,44.232,-122.202,ID9_F9_m9f9_P9_Y9_UO2329,ID9_F9_m9f9_P9_Y7_UO1195,ID9_F9_m9f9_P9_Y8_UO6677,MXY,1,0.0,1,0,0.0,0,0,0,-9999.0,0.7626953125,1,P8_CV0,1,2,0,1,1
9,44.232,-122.202,ID9_F9_m9f9_P9_Y9_UO2330,ID9_F9_m9f9_P9_Y7_UO1195,ID9_F9_m9f9_P9_Y8_UO6677,FXX,1,0.0,1,0,1.0,0,0,0,-9999.0,0.7626953125,1,P8_CV0,1,2,0,1,1
9,44.232,-122.202,ID9_F9_m9f9_P9_Y9_UO2332,ID9_F9_m9f9_P9_Y7_UO1195,ID9_F9_m9f9_P9_Y8_UO6677,FXX,1,0.0,1,0,1.0,0,0,0,-9999.0,0.7626953125,1,P8_CV0,1,2,0,1,1
9,44.232,-122.202,ID9_F9_m9f9_P9_Y9_UO2335,ID9_F9_m9f9_P9_Y7_UO1195,ID9_F9_m9f9_P9_Y8_UO6677,MXY,1,0.0,1,0,0.0,0,0,0,-9999.0,0.7626953125,1,P8_CV0,1,2,0,1,1
9,44.232,-122.202,ID9_F9_m9f9_P9_Y9_UO2394,ID9_F9_m9f9_P9_Y7_UO5241,ID9_F9_m9f9_P9_Y5_UO3886,FXX,1,0.0,1,0,1.0,0,0,0,-9999.0,0.81640625,1,P8_CV0,1,2,0,2,0
9,44.232,-122.202,ID9_F9_m9f9_P9_Y9_UO2395,ID9_F9_m9f9_P9_Y7_UO5241,ID9_F9_m9f9_P9_Y5_UO3886,MXY,1,0.0,1,0,0.0,0,0,0,-9999.0,0.81640625,1,P8_CV0,1,2,0,2,0
9,44.232,-122.202,ID9_F9_m9f9_P9_Y9_UO2398,ID9_F9_m9f9_P9_Y7_UO5241,ID9_F9_m9f9_P9_Y5_UO3886,FXX,1,0.0,1,0,1.0,0,0,0,-9999.0,0.81640625,1,P8_CV0,1,2,0,2,0
9,44.232,-122.202,ID9_F9_m9f9_P9_Y9_UO2466,ID9_F9_m9f9_P9_Y6_UO5163,ID9_F9_m9f9_P9_Y7_UO3178,MXY,1,0.0,1,0,0.0,0,0,0,-9999.0,0.76953125,1,P8_CV0,1,2,0,1,1
9,44.232,-122.202,ID9_F9_m9f9_P9_Y9_UO2467,ID9_F9_m9f9_P9_Y6_UO5163,ID9_F9_m9f9_P9_Y7_UO3178,FXX,1,0.0,1,0,1.0,0,0,0,-9999.0,0.76953125,1,P8_CV0,1,2,0,1,1
9,44.232,-122.202,ID9_F9_m9f9_P9_Y9_UO2468,ID9_F9_m9f9_P9_Y6_UO5163,ID9_F9_m9f9_P9_Y7_UO3178,MXY,1,0.0,1,0,0.0,0,0,0,-9999.0,0.76953125,1,P8_CV0,1,2,0,0,2
9,44.232,-122.202,ID9_F9_m9f9_P9_Y9_UO2718,ID9_F9_m9f9_P9_Y7_UO126,ID9_F9_m9f9_P9_Y8_UO1047,FXX,1,0.0,1,0,1.0,0,0,0,-9999.0,0.794921875,1,P8_CV0,1,2,0,1,1
9,44.232,-122.202,ID9_F9_m9f9_P9_Y9_UO2719,ID9_F9_m9f9_P9_Y7_UO126,ID9_F9_m9f9_P9_Y8_UO1047,MXY,1,0.0,1,0,0.0,0,0,0,-9999.0,0.794921875,1,P8_CV0,1,2,0,1,1
9,44.232,-122.202,ID9_F9_m9f9_P9_Y9_UO2722,ID9_F9_m9f9_P9_Y6_UO4475,ID9_F9_m9f9_P9_Y8_UO5168,FXX,1,0.0,1,0,1.0,0,0,0,-9999.0,0.8203125,1,P8_CV0,1,2,0,0,2
9,44.232,-122.202,ID9_F9_m9f9_P9_Y9_UO2920,ID9_F9_m9f9_P9_Y7_UO4318,ID9_F9_m9f9_P9_Y7_UO364,MXY,1,0.0,1,0,0.0,0,0,0,-9999.0,0.814453125,1,P8_CV0,1,2,0,1,1
9,44.232,-122.202,ID9_F9_m9f9_P9_Y9_UO2921,ID9_F9_m9f9_P9_Y7_UO4318,ID9_F9_m9f9_P9_Y7_UO364,MXY,1,0.0,1,0,0.0,0,0,0,-9999.0,0.814453125,1,P8_CV0,1,2,0,1,1
9,44.232,-122.202,ID9_F9_m9f9_P9_Y9_UO2922,ID9_F9_m9f9_P9_Y7_UO4318,ID9_F9_m9f9_P9_Y7_UO364,FXX,1,0.0,1,0,1.0,0,0,0,-9999.0,0.814453125,1,P8_CV0,1,2,0,1,1
9,44.232,-122.202,ID9_F9_m9f9_P9_Y9_UO2923,ID9_F9_m9f9_P9_Y7_UO4318,ID9_F9_m9f9_P9_Y7_UO364,MXY,1,0.0,1,0,0.0,0,0,0,-9999.0,0.814453125,1,P8_CV0,1,2,0,1,1
9,44.232,-122.202,ID9_F9_m9f9_P9_Y9_UO2925,ID9_F9_m9f9_P9_Y7_UO4318,ID9_F9_m9f9_P9_Y7_UO364,MXY,1,0.0,1,0,0.0,0,0,0,-9999.0,0.814453125,1,P8_CV0,1,2,0,1,1
9,44.232,-122.202,ID9_F9_m9f9_P9_Y9_UO2928,ID9_F9_m9f9_P9_Y7_UO4318,ID9_F9_m9f9_P9_Y7_UO364,FXX,1,0.0,1,0,1.0,0,0,0,-9999.0,0.814453125,1,P8_CV0,1,2,0,1,1
9,44.232,-122.202,ID9_F9_m9f9_P9_Y9_UO2929,ID9_F9_m9f9_P9_Y7_UO4318,ID9_F9_m9f9_P9_Y7_UO364,FXX,1,0.0,1,0,1.0,0,0,0,-9999.0,0.814453125,1,P8_CV0,1,2,0,1,1
9,44.232,-122.202,ID9_F9_m9f9_P9_Y9_UO3036,ID9_F9_m9f9_P9_Y6_UO95,ID9_F9_m9f9_P9_Y8_UO805,FXX,1,0.0,1,0,1.0,0,0,0,-9999.0,0.8466796875,1,P8_CV0,1,2,0,1,1
9,44.232,-122.202,ID9_F9_m9f9_P9_Y9_UO3038,ID9_F9_m9f9_P9_Y6_UO95,ID9_F9_m9f9_P9_Y8_UO805,MXY,1,0.0,1,0,0.0,0,0,0,-9999.0,0.8466796875,1,P8_CV0,1,2,0,1,1
9,44.232,-122.202,ID9_F9_m9f9_P9_Y9_UO3131,ID9_F9_m9f9_P9_Y7_UO4059,ID9_F9_m9f9_P9_Y5_UO5555,MXY,1,0.0,1,0,0.0,0,0,0,-9999.0,0.7890625,1,P8_CV0,1,2,0,1,1
9,44.232,-122.202,ID9_F9_m9f9_P9_Y9_UO3133,ID9_F9_m9f9_P9_Y7_UO4059,ID9_F9_m9f9_P9_Y5_UO5555,FXX,1,0.0,1,0,1.0,0,0,0,-9999.0,0.7890625,1,P8_CV0,1,2,0,0,2
9,44.232,-122.202,ID9_F9_m9f9_P9_Y9_UO3134,ID9_F9_m9f9_P9_Y7_UO4059,ID9_F9_m9f9_P9_Y5_UO5555,MXY,1,0.0,1,0,0.0,0,0,0,-9999.0,0.7890625,1,P8_CV0,1,2,0,0,2
9,44.232,-122.202,ID9_F9_m9f9_P9_Y9_UO3168,ID9_F9_m9f9_P9_Y6_UO2422,ID9_F9_m9f9_P9_Y8_UO2512,MXY,1,0.0,1,0,0.0,0,0,0,-9999.0,0.8203125,1,P8_CV0,1,2,0,1,1
9,44.232,-122.202,ID9_F9_m9f9_P9_Y9_UO3169,ID9_F9_m9f9_P9_Y6_UO2422,ID9_F9_m9f9_P9_Y8_UO2512,FXX,1,0.0,1,0,1.0,0,0,0,-9999.0,0.8203125,1,P8_CV0,1,2,0,2,0
9,44.232,-122.202,ID9_F9_m9f9_P9_Y9_UO3172,ID9_F9_m9f9_P9_Y6_UO2422,ID9_F9_m9f9_P9_Y8_UO2512,FXX,1,0.0,1,0,1.0,0,0,0,-9999.0,0.8203125,1,P8_CV0,1,2,0,2,0
9,44.232,-122.202,ID9_F9_m9f9_P9_Y9_UO3173,ID9_F9_m9f9_P9_Y6_UO2422,ID9_F9_m9f9_P9_Y8_UO2512,MXY,1,0.0,1,0,0.0,0,0,0,-9999.0,0.8203125,1,P8_CV0,1,2,0,1,1
9,44.232,-122.202,ID9_F9_m9f9_P9_Y9_UO3174,ID9_F9_m9f9_P9_Y6_UO2422,ID9_F9_m9f9_P9_Y8_UO2512,FXX,1,0.0,1,0,1.0,0,0,0,-9999.0,0.8203125,1,P8_CV0,1,2,0,1,1
9,44.232,-122.202,ID9_F9_m9f9_P9_Y9_UO3619,ID9_F9_m9f9_P9_Y6_UO95,ID9_F9_m9f9_P9_Y7_UO2659,FXX,1,0.0,1,0,1.0,0,0,0,-9999.0,0.8359375,1,P8_CV0,1,2,0,0,2
9,44.232,-122.202,ID9_F9_m9f9_P9_Y9_UO3620,ID9_F9_m9f9_P9_Y6_UO95,ID9_F9_m9f9_P9_Y7_UO2659,FXX,1,0.0,1,0,1.0,0,0,0,-9999.0,0.8359375,1,P8_CV0,1,2,0,1,1
9,44.232,-122.202,ID9_F9_m9f9_P9_Y9_UO3622,ID9_F9_m9f9_P9_Y6_UO95,ID9_F9_m9f9_P9_Y7_UO2659,MXY,1,0.0,1,0,0.0,0,0,0,-9999.0,0.8359375,1,P8_CV0,1,2,0,1,1
9,44.232,-122.202,ID9_F9_m9f9_P9_Y9_UO3628,ID9_F9_m9f9_P9_Y7_UO5117,ID9_F9_m9f9_P9_Y8_UO6608,MXY,1,0.0,1,0,0.0,0,0,0,-9999.0,0.83984375,1,P8_CV0,1,2,0,1,1
9,44.232,-122.202,ID9_F9_m9f9_P9_Y9_UO3631,ID9_F9_m9f9_P9_Y7_UO5117,ID9_F9_m9f9_P9_Y8_UO6608,FXX,1,0.0,1,0,1.0,0,0,0,-9999.0,0.83984375,1,P8_CV0,1,2,0,1,1
9,44.232,-122.202,ID9_F9_m9f9_P9_Y9_UO3632,ID9_F9_m9f9_P9_Y7_UO5117,ID9_F9_m9f9_P9_Y8_UO6608,FXX,1,0.0,1,0,1.0,0,0,0,-9999.0,0.83984375,1,P8_CV0,1,2,0,1,1
9,44.232,-122.202,ID9_F9_m9f9_P9_Y9_UO3784,ID9_F9_m9f9_P9_Y7_UO3915,ID9_F9_m9f9_P9_Y8_UO2949,MXY,1,0.0,1,0,0.0,0,0,0,-9999.0,0.853515625,1,P8_CV0,1,2,0,1,1
9,44.232,-122.202,ID9_F9_m9f9_P9_Y9_UO3822,ID9_F9_m9f9_P9_Y7_UO1586,ID9_F9_m9f9_P9_Y5_UO5555,FXX,1,0.0,1,0,1.0,0,0,0,-9999.0,0.8125,1,P8_CV0,1,2,0,1,1
9,44.232,-122.202,ID9_F9_m9f9_P9_Y9_UO3823,ID9_F9_m9f9_P9_Y7_UO1586,ID9_F9_m9f9_P9_Y5_UO5555,MXY,1,0.0,1,0,0.0,0,0,0,-9999.0,0.8125,1,P8_CV0,1,2,0,1,1
9,44.232,-122.202,ID9_F9_m9f9_P9_Y9_UO3880,ID9_F9_m9f9_P9_Y7_UO1586,ID9_F9_m9f9_P9_Y8_UO2147,MXY,1,0.0,1,0,0.0,0,0,0,-9999.0,0.7900390625,1,P8_CV0,1,2,0,2,0
9,44.232,-122.202,ID9_F9_m9f9_P9_Y9_UO4075,ID9_F9_m9f9_P9_Y7_UO480,ID9_F9_m9f9_P9_Y8_UO509,MXY,1,0.0,1,0,0.0,0,0,0,-9999.0,0.794921875,1,P8_CV0,1,2,0,1,1
9,44.232,-122.202,ID9_F9_m9f9_P9_Y9_UO4078,ID9_F9_m9f9_P9_Y7_UO480,ID9_F9_m9f9_P9_Y8_UO509,FXX,1,0.0,1,0,1.0,0,0,0,-9999.0,0.794921875,1,P8_CV0,1,2,0,0,2
9,44.232,-122.202,ID9_F9_m9f9_P9_Y9_UO4171,ID9_F9_m9f9_P9_Y7_UO5241,ID9_F9_m9f9_P9_Y6_UO5889,MXY,1,0.0,1,0,0.0,0,0,0,-9999.0,0.81640625,1,P8_CV0,1,2,0,1,1
9,44.232,-122.202,ID9_F9_m9f9_P9_Y9_UO4173,ID9_F9_m9f9_P9_Y7_UO5241,ID9_F9_m9f9_P9_Y6_UO5889,FXX,1,0.0,1,0,1.0,0,0,0,-9999.0,0.81640625,1,P8_CV0,1,2,0,1,1
9,44.232,-122.202,ID9_F9_m9f9_P9_Y9_UO4175,ID9_F9_m9f9_P9_Y7_UO5241,ID9_F9_m9f9_P9_Y6_UO5889,FXX,1,0.0,1,0,1.0,0,0,0,-9999.0,0.81640625,1,P8_CV0,1,2,0,1,1
9,44.232,-122.202,ID9_F9_m9f9_P9_Y9_UO4183,ID9_F9_m9f9_P9_Y7_UO5291,ID9_F9_m9f9_P9_Y7_UO4311,FXX,1,0.0,1,0,1.0,0,0,0,-9999.0,0.78515625,1,P8_CV0,1,2,0,1,1
9,44.232,-122.202,ID9_F9_m9f9_P9_Y9_UO4184,ID9_F9_m9f9_P9_Y7_UO5291,ID9_F9_m9f9_P9_Y7_UO4311,FXX,1,0.0,1,0,1.0,0,0,0,-9999.0,0.78515625,1,P8_CV0,1,2,0,1,1
9,44.232,-122.202,ID9_F9_m9f9_P9_Y9_UO4185,ID9_F9_m9f9_P9_Y7_UO5291,ID9_F9_m9f9_P9_Y7_UO4311,FXX,1,0.0,1,0,1.0,0,0,0,-9999.0,0.78515625,1,P8_CV0,1,2,0,1,1
9,44.232,-122.202,ID9_F9_m9f9_P9_Y9_UO4187,ID9_F9_m9f9_P9_Y7_UO5291,ID9_F9_m9f9_P9_Y7_UO4311,FXX,1,0.0,1,0,1.0,0,0,0,-9999.0,0.78515625,1,P8_CV0,1,2,0,1,1
9,44.232,-122.202,ID9_F9_m9f9_P9_Y9_UO4190,ID9_F9_m9f9_P9_Y7_UO5291,ID9_F9_m9f9_P9_Y7_UO4311,MXY,1,0.0,1,0,0.0,0,0,0,-9999.0,0.78515625,1,P8_CV0,1,2,0,1,1
9,44.232,-122.202,ID9_F9_m9f9_P9_Y9_UO4191,ID9_F9_m9f9_P9_Y7_UO5291,ID9_F9_m9f9_P9_Y7_UO4311,MXY,1,0.0,1,0,0.0,0,0,0,-9999.0,0.78515625,1,P8_CV0,1,2,0,2,0
9,44.232,-122.202,ID9_F9_m9f9_P9_Y9_UO4192,ID9_F9_m9f9_P9_Y7_UO5291,ID9_F9_m9f9_P9_Y7_UO4311,FXX,1,0.0,1,0,1.0,0,0,0,-9999.0,0.78515625,1,P8_CV0,1,2,0,1,1
9,44.232,-122.202,ID9_F9_m9f9_P9_Y9_UO4477,ID9_F9_m9f9_P9_Y7_UO126,ID9_F9_m9f9_P9_Y6_UO6910,FXX,1,0.0,1,0,1.0,0,0,0,-9999.0,0.796875,1,P8_CV0,1,2,0,2,0
9,44.232,-122.202,ID9_F9_m9f9_P9_Y9_UO4532,ID9_F9_m9f9_P9_Y7_UO3743,ID9_F9_m9f9_P9_Y8_UO5631,MXY,1,0.0,1,0,0.0,0,0,0,-9999.0,0.84375,1,P8_CV0,1,2,0,1,1
9,44.232,-122.202,ID9_F9_m9f9_P9_Y9_UO4533,ID9_F9_m9f9_P9_Y7_UO3743,ID9_F9_m9f9_P9_Y8_UO5631,FXX,1,0.0,1,0,1.0,0,0,0,-9999.0,0.84375,1,P8_CV0,1,2,0,1,1
9,44.232,-122.202,ID9_F9_m9f9_P9_Y9_UO4535,ID9_F9_m9f9_P9_Y7_UO3743,ID9_F9_m9f9_P9_Y8_UO5631,FXX,1,0.0,1,0,1.0,0,0,0,-9999.0,0.84375,1,P8_CV0,1,2,0,1,1
9,44.232,-122.202,ID9_F9_m9f9_P9_Y9_UO4539,ID9_F9_m9f9_P9_Y7_UO3743,ID9_F9_m9f9_P9_Y8_UO5631,FXX,1,0.0,1,0,1.0,0,0,0,-9999.0,0.84375,1,P8_CV0,1,2,0,1,1
9,44.232,-122.202,ID9_F9_m9f9_P9_Y9_UO4540,ID9_F9_m9f9_P9_Y7_UO3743,ID9_F9_m9f9_P9_Y8_UO5631,FXX,1,0.0,1,0,1.0,0,0,0,-9999.0,0.84375,1,P8_CV0,1,2,0,1,1
9,44.232,-122.202,ID9_F9_m9f9_P9_Y9_UO4541,ID9_F9_m9f9_P9_Y7_UO3743,ID9_F9_m9f9_P9_Y8_UO5631,FXX,1,0.0,1,0,1.0,0,0,0,-9999.0,0.84375,1,P8_CV0,1,2,0,1,1
9,44.232,-122.202,ID9_F9_m9f9_P9_Y9_UO4578,ID9_F9_m9f9_P9_Y7_UO278,ID9_F9_m9f9_P9_Y8_UO5170,MXY,1,0.0,1,0,0.0,0,0,0,-9999.0,0.80078125,1,P8_CV0,1,2,0,1,1
9,44.232,-122.202,ID9_F9_m9f9_P9_Y9_UO4579,ID9_F9_m9f9_P9_Y7_UO278,ID9_F9_m9f9_P9_Y8_UO5170,FXX,1,0.0,1,0,1.0,0,0,0,-9999.0,0.80078125,1,P8_CV0,1,2,0,2,0
9,44.232,-122.202,ID9_F9_m9f9_P9_Y9_UO4782,ID9_F9_m9f9_P9_Y7_UO38,ID9_F9_m9f9_P9_Y8_UO3170,FXX,1,0.0,1,0,1.0,0,0,0,-9999.0,0.755859375,1,P8_CV0,1,2,0,0,2
9,44.232,-122.202,ID9_F9_m9f9_P9_Y9_UO4784,ID9_F9_m9f9_P9_Y7_UO38,ID9_F9_m9f9_P9_Y8_UO3170,FXX,1,0.0,1,0,1.0,0,0,0,-9999.0,0.755859375,1,P8_CV0,1,2,0,1,1
9,44.232,-122.202,ID9_F9_m9f9_P9_Y9_UO4785,ID9_F9_m9f9_P9_Y7_UO38,ID9_F9_m9f9_P9_Y8_UO3170,FXX,1,0.0,1,0,1.0,0,0,0,-9999.0,0.755859375,1,P8_CV0,1,2,0,0,2
9,44.232,-122.202,ID9_F9_m9f9_P9_Y9_UO4860,ID9_F9_m9f9_P9_Y4_UO4229,ID9_F9_m9f9_P9_Y8_UO4385,FXX,1,0.0,1,0,1.0,0,0,0,-9999.0,0.822265625,1,P8_CV0,1,2,0,1,1
9,44.232,-122.202,ID9_F9_m9f9_P9_Y9_UO4862,ID9_F9_m9f9_P9_Y4_UO4229,ID9_F9_m9f9_P9_Y8_UO4385,FXX,1,0.0,1,0,1.0,0,0,0,-9999.0,0.822265625,1,P8_CV0,1,2,0,1,1
9,44.232,-122.202,ID9_F9_m9f9_P9_Y9_UO4974,ID9_F9_m9f9_P9_Y7_UO4402,ID9_F9_m9f9_P9_Y8_UO5518,FXX,1,0.0,1,0,1.0,0,0,0,-9999.0,0.8154296875,1,P8_CV0,1,2,0,2,0
9,44.232,-122.202,ID9_F9_m9f9_P9_Y9_UO4975,ID9_F9_m9f9_P9_Y7_UO4402,ID9_F9_m9f9_P9_Y8_UO5518,FXX,1,0.0,1,0,1.0,0,0,0,-9999.0,0.8154296875,1,P8_CV0,1,2,0,0,2
9,44.232,-122.202,ID9_F9_m9f9_P9_Y9_UO4977,ID9_F9_m9f9_P9_Y7_UO4402,ID9_F9_m9f9_P9_Y8_UO5518,MXY,1,0.0,1,0,0.0,0,0,0,-9999.0,0.8154296875,1,P8_CV0,1,2,0,2,0
9,44.232,-122.202,ID9_F9_m9f9_P9_Y9_UO4982,ID9_F9_m9f9_P9_Y7_UO4402,ID9_F9_m9f9_P9_Y8_UO5518,FXX,1,0.0,1,0,1.0,0,0,0,-9999.0,0.8154296875,1,P8_CV0,1,2,0,0,2
9,44.232,-122.202,ID9_F9_m9f9_P9_Y9_UO4983,ID9_F9_m9f9_P9_Y7_UO4402,ID9_F9_m9f9_P9_Y8_UO5518,FXX,1,0.0,1,0,1.0,0,0,0,-9999.0,0.8154296875,1,P8_CV0,1,2,0,0,2
9,44.232,-122.202,ID9_F9_m9f9_P9_Y9_UO5010,ID9_F9_m9f9_P9_Y7_UO5011,ID9_F9_m9f9_P9_Y8_UO5197,FXX,1,0.0,1,0,1.0,0,0,0,-9999.0,0.837890625,1,P8_CV0,1,2,0,1,1
9,44.232,-122.202,ID9_F9_m9f9_P9_Y9_UO5012,ID9_F9_m9f9_P9_Y7_UO5011,ID9_F9_m9f9_P9_Y8_UO5197,MXY,1,0.0,1,0,0.0,0,0,0,-9999.0,0.837890625,1,P8_CV0,1,2,0,1,1
9,44.232,-122.202,ID9_F9_m9f9_P9_Y9_UO5014,ID9_F9_m9f9_P9_Y7_UO5011,ID9_F9_m9f9_P9_Y8_UO5197,FXX,1,0.0,1,0,1.0,0,0,0,-9999.0,0.837890625,1,P8_CV0,1,2,0,1,1
9,44.232,-122.202,ID9_F9_m9f9_P9_Y9_UO5019,ID9_F9_m9f9_P9_Y7_UO5011,ID9_F9_m9f9_P9_Y8_UO5197,MXY,1,0.0,1,0,0.0,0,0,0,-9999.0,0.837890625,1,P8_CV0,1,2,0,1,1
9,44.232,-122.202,ID9_F9_m9f9_P9_Y9_UO5020,ID9_F9_m9f9_P9_Y7_UO5011,ID9_F9_m9f9_P9_Y8_UO5197,MXY,1,0.0,1,0,0.0,0,0,0,-9999.0,0.837890625,1,P8_CV0,1,2,0,1,1
9,44.232,-122.202,ID9_F9_m9f9_P9_Y9_UO5280,ID9_F9_m9f9_P9_Y7_UO4319,ID9_F9_m9f9_P9_Y8_UO5168,FXX,1,0.0,1,0,1.0,0,0,0,-9999.0,0.8125,1,P8_CV0,1,2,0,1,1
9,44.232,-122.202,ID9_F9_m9f9_P9_Y9_UO5281,ID9_F9_m9f9_P9_Y7_UO4319,ID9_F9_m9f9_P9_Y8_UO5168,FXX,1,0.0,1,0,1.0,0,0,0,-9999.0,0.8125,1,P8_CV0,1,2,0,1,1
9,44.232,-122.202,ID9_F9_m9f9_P9_Y9_UO5282,ID9_F9_m9f9_P9_Y7_UO4319,ID9_F9_m9f9_P9_Y8_UO5168,MXY,1,0.0,1,0,0.0,0,0,0,-9999.0,0.8125,1,P8_CV0,1,2,0,1,1
9,44.232,-122.202,ID9_F9_m9f9_P9_Y9_UO5287,ID9_F9_m9f9_P9_Y7_UO4319,ID9_F9_m9f9_P9_Y8_UO5168,MXY,1,0.0,1,0,0.0,0,0,0,-9999.0,0.8125,1,P8_CV0,1,2,0,1,1
9,44.232,-122.202,ID9_F9_m9f9_P9_Y9_UO5288,ID9_F9_m9f9_P9_Y7_UO4319,ID9_F9_m9f9_P9_Y8_UO5168,MXY,1,0.0,1,0,0.0,0,0,0,-9999.0,0.8125,1,P8_CV0,1,2,0,1,1
9,44.232,-122.202,ID9_F9_m9f9_P9_Y9_UO5289,ID9_F9_m9f9_P9_Y7_UO4319,ID9_F9_m9f9_P9_Y8_UO5168,FXX,1,0.0,1,0,1.0,0,0,0,-9999.0,0.8125,1,P8_CV0,1,2,0,1,1
9,44.232,-122.202,ID9_F9_m9f9_P9_Y9_UO5352,ID9_F9_m9f9_P9_Y7_UO2515,ID9_F9_m9f9_P9_Y7_UO986,FXX,1,0.0,1,0,1.0,0,0,0,-9999.0,0.857421875,1,P8_CV0,1,2,0,1,1
9,44.232,-122.202,ID9_F9_m9f9_P9_Y9_UO5428,ID9_F9_m9f9_P9_Y7_UO229,ID9_F9_m9f9_P9_Y7_UO5566,FXX,1,0.0,1,0,1.0,0,0,0,-9999.0,0.8515625,1,P8_CV0,1,2,0,0,2
9,44.232,-122.202,ID9_F9_m9f9_P9_Y9_UO5430,ID9_F9_m9f9_P9_Y7_UO229,ID9_F9_m9f9_P9_Y7_UO5566,MXY,1,0.0,1,0,0.0,0,0,0,-9999.0,0.8515625,1,P8_CV0,1,2,0,0,2
9,44.232,-122.202,ID9_F9_m9f9_P9_Y9_UO5432,ID9_F9_m9f9_P9_Y7_UO229,ID9_F9_m9f9_P9_Y7_UO5566,MXY,1,0.0,1,0,0.0,0,0,0,-9999.0,0.8515625,1,P8_CV0,1,2,0,0,2
9,44.232,-122.202,ID9_F9_m9f9_P9_Y9_UO5434,ID9_F9_m9f9_P9_Y7_UO229,ID9_F9_m9f9_P9_Y7_UO5566,FXX,1,0.0,1,0,1.0,0,0,0,-9999.0,0.8515625,1,P8_CV0,1,2,0,0,2
9,44.232,-122.202,ID9_F9_m9f9_P9_Y9_UO5435,ID9_F9_m9f9_P9_Y7_UO229,ID9_F9_m9f9_P9_Y7_UO5566,FXX,1,0.0,1,0,1.0,0,0,0,-9999.0,0.8515625,1,P8_CV0,1,2,0,0,2
9,44.232,-122.202,ID9_F9_m9f9_P9_Y9_UO5471,ID9_F9_m9f9_P9_Y7_UO126,ID9_F9_m9f9_P9_Y8_UO136,MXY,1,0.0,1,0,0.0,0,0,0,-9999.0,0.79296875,1,P8_CV0,1,2,0,1,1
9,44.232,-122.202,ID9_F9_m9f9_P9_Y9_UO5473,ID9_F9_m9f9_P9_Y7_UO126,ID9_F9_m9f9_P9_Y8_UO136,FXX,1,0.0,1,0,1.0,0,0,0,-9999.0,0.79296875,1,P8_CV0,1,2,0,1,1
9,44.232,-122.202,ID9_F9_m9f9_P9_Y9_UO5488,ID9_F9_m9f9_P9_Y6_UO4479,ID9_F9_m9f9_P9_Y8_UO6375,MXY,1,0.0,1,0,0.0,0,0,0,-9999.0,0.8291015625,1,P8_CV0,1,2,0,2,0
9,44.232,-122.202,ID9_F9_m9f9_P9_Y9_UO5489,ID9_F9_m9f9_P9_Y6_UO4479,ID9_F9_m9f9_P9_Y8_UO6375,MXY,1,0.0,1,0,0.0,0,0,0,-9999.0,0.8291015625,1,P8_CV0,1,2,0,2,0
9,44.232,-122.202,ID9_F9_m9f9_P9_Y9_UO5490,ID9_F9_m9f9_P9_Y6_UO4479,ID9_F9_m9f9_P9_Y8_UO6375,FXX,1,0.0,1,0,1.0,0,0,0,-9999.0,0.8291015625,1,P8_CV0,1,2,0,1,1
9,44.232,-122.202,ID9_F9_m9f9_P9_Y9_UO5782,ID9_F9_m9f9_P9_Y7_UO1586,ID9_F9_m9f9_P9_Y5_UO5564,MXY,1,0.0,1,0,0.0,0,0,0,-9999.0,0.8125,1,P8_CV0,1,2,0,0,2
9,44.232,-122.202,ID9_F9_m9f9_P9_Y9_UO5783,ID9_F9_m9f9_P9_Y7_UO1586,ID9_F9_m9f9_P9_Y5_UO5564,FXX,1,0.0,1,0,1.0,0,0,0,-9999.0,0.8125,1,P8_CV0,1,2,0,1,1
9,44.232,-122.202,ID9_F9_m9f9_P9_Y9_UO5785,ID9_F9_m9f9_P9_Y7_UO1586,ID9_F9_m9f9_P9_Y5_UO5564,MXY,1,0.0,1,0,0.0,0,0,0,-9999.0,0.8125,1,P8_CV0,1,2,0,1,1
9,44.232,-122.202,ID9_F9_m9f9_P9_Y9_UO5792,ID9_F9_m9f9_P9_Y7_UO3619,ID9_F9_m9f9_P9_Y8_UO694,MXY,1,0.0,1,0,0.0,0,0,0,-9999.0,0.791015625,1,P8_CV0,1,2,0,1,1
9,44.232,-122.202,ID9_F9_m9f9_P9_Y9_UO5795,ID9_F9_m9f9_P9_Y7_UO3619,ID9_F9_m9f9_P9_Y8_UO694,MXY,1,0.0,1,0,0.0,0,0,0,-9999.0,0.791015625,1,P8_CV0,1,2,0,0,2
9,44.232,-122.202,ID9_F9_m9f9_P9_Y9_UO5797,ID9_F9_m9f9_P9_Y7_UO3619,ID9_F9_m9f9_P9_Y8_UO694,MXY,1,0.0,1,0,0.0,0,0,0,-9999.0,0.791015625,1,P8_CV0,1,2,0,1,1
9,44.232,-122.202,ID9_F9_m9f9_P9_Y9_UO5798,ID9_F9_m9f9_P9_Y7_UO3619,ID9_F9_m9f9_P9_Y8_UO694,MXY,1,0.0,1,0,0.0,0,0,0,-9999.0,0.791015625,1,P8_CV0,1,2,0,0,2
9,44.232,-122.202,ID9_F9_m9f9_P9_Y9_UO5799,ID9_F9_m9f9_P9_Y7_UO3619,ID9_F9_m9f9_P9_Y8_UO694,MXY,1,0.0,1,0,0.0,0,0,0,-9999.0,0.791015625,1,P8_CV0,1,2,0,0,2
9,44.232,-122.202,ID9_F9_m9f9_P9_Y9_UO5984,ID9_F9_m9f9_P9_Y6_UO4912,ID9_F9_m9f9_P9_Y8_UO6961,MXY,1,0.0,1,0,0.0,0,0,0,-9999.0,0.833984375,1,P8_CV0,1,2,0,1,1
9,44.232,-122.202,ID9_F9_m9f9_P9_Y9_UO5986,ID9_F9_m9f9_P9_Y6_UO4912,ID9_F9_m9f9_P9_Y8_UO6961,MXY,1,0.0,1,0,0.0,0,0,0,-9999.0,0.833984375,1,P8_CV0,1,2,0,0,2
9,44.232,-122.202,ID9_F9_m9f9_P9_Y9_UO5987,ID9_F9_m9f9_P9_Y6_UO4912,ID9_F9_m9f9_P9_Y8_UO6961,FXX,1,0.0,1,0,1.0,0,0,0,-9999.0,0.833984375,1,P8_CV0,1,2,0,1,1
9,44.232,-122.202,ID9_F9_m9f9_P9_Y9_UO5988,ID9_F9_m9f9_P9_Y6_UO4912,ID9_F9_m9f9_P9_Y8_UO6961,MXY,1,0.0,1,0,0.0,0,0,0,-9999.0,0.833984375,1,P8_CV0,1,2,0,0,2
9,44.232,-122.202,ID9_F9_m9f9_P9_Y9_UO5989,ID9_F9_m9f9_P9_Y6_UO4912,ID9_F9_m9f9_P9_Y8_UO6961,MXY,1,0.0,1,0,0.0,0,0,0,-9999.0,0.833984375,1,P8_CV0,1,2,0,1,1
9,44.232,-122.202,ID9_F9_m9f9_P9_Y8_UO479,ID9_F9_m9f9_P9_Y6_UO597,ID9_F9_m9f9_P9_Y6_UO5574,FXX,2,0.0,1,0,1.0,0,0,0,-9999.0,0.84765625,1,P8_CV0,1,2,0,1,1
9,44.232,-122.202,ID9_F9_m9f9_P9_Y8_UO1286,ID9_F9_m9f9_P9_Y5_UO206,ID9_F9_m9f9_P9_Y7_UO4321,FXX,2,0.0,1,0,1.0,0,0,0,-9999.0,0.8515625,1,P8_CV0,1,2,0,1,1
9,44.232,-122.202,ID9_F9_m9f9_P9_Y8_UO696,ID9_F9_m9f9_P9_Y6_UO2941,ID9_F9_m9f9_P9_Y5_UO5555,FXX,2,0.0,1,0,1.0,0,0,0,-9999.0,0.79296875,1,P8_CV0,1,2,0,0,2
9,44.232,-122.202,ID9_F9_m9f9_P9_Y8_UO509,ID9_F9_m9f9_P9_Y3_UO1550,ID9_F9_m9f9_P9_Y7_UO681,MXY,2,0.0,1,0,0.0,0,0,0,-9999.0,0.82421875,1,P8_CV0,1,2,0,1,1
9,44.232,-122.202,ID9_F9_m9f9_P9_Y8_UO4390,ID9_F9_m9f9_P9_Y6_UO5163,ID9_F9_m9f9_P9_Y7_UO5102,MXY,2,0.0,1,0,0.0,0,0,0,-9999.0,0.83203125,1,P8_CV0,1,2,0,0,2
9,44.232,-122.202,ID9_F9_m9f9_P9_Y8_UO265,ID9_F9_m9f9_P9_Y6_UO95,ID9_F9_m9f9_P9_Y6_UO5898,MXY,2,0.0,1,0,0.0,0,0,0,-9999.0,0.8359375,1,P8_CV0,1,2,0,0,2
9,44.232,-122.202,ID9_F9_m9f9_P9_Y8_UO5030,ID9_F9_m9f9_P9_Y6_UO1448,ID9_F9_m9f9_P9_Y6_UO3516,FXX,2,0.0,1,0,1.0,0,0,0,-9999.0,0.84375,1,P8_CV0,1,2,0,1,1
9,44.232,-122.202,ID9_F9_m9f9_P9_Y8_UO6576,ID9_F9_m9f9_P9_Y5_UO2053,ID9_F9_m9f9_P9_Y5_UO3086,FXX,2,0.0,1,0,1.0,0,0,0,-9999.0,0.828125,1,P8_CV0,1,2,0,1,1
9,44.232,-122.202,ID9_F9_m9f9_P9_Y8_UO510,ID9_F9_m9f9_P9_Y3_UO1550,ID9_F9_m9f9_P9_Y7_UO681,MXY,2,0.0,1,0,0.0,0,0,0,-9999.0,0.82421875,1,P8_CV0,1,2,0,1,1
9,44.232,-122.202,ID9_F9_m9f9_P9_Y8_UO786,ID9_F9_m9f9_P9_Y6_UO4468,ID9_F9_m9f9_P9_Y7_UO5208,MXY,2,0.0,1,0,0.0,0,0,0,-9999.0,0.818359375,1,P8_CV0,1,2,0,1,1
9,44.232,-122.202,ID9_F9_m9f9_P9_Y8_UO785,ID9_F9_m9f9_P9_Y6_UO4468,ID9_F9_m9f9_P9_Y7_UO5208,MXY,2,0.0,1,0,0.0,0,0,0,-9999.0,0.818359375,1,P8_CV0,1,2,0,1,1
9,44.232,-122.202,ID9_F9_m9f9_P9_Y8_UO1282,ID9_F9_m9f9_P9_Y5_UO206,ID9_F9_m9f9_P9_Y7_UO4321,FXX,2,0.0,1,0,1.0,0,0,0,-9999.0,0.8515625,1,P8_CV0,1,2,0,1,1
9,44.232,-122.202,ID9_F9_m9f9_P9_Y8_UO5437,ID9_F9_m9f9_P9_Y6_UO4469,ID9_F9_m9f9_P9_Y6_UO368,MXY,2,0.0,1,0,0.0,0,0,0,-9999.0,0.88671875,1,P8_CV0,1,2,0,1,1
9,44.232,-122.202,ID9_F9_m9f9_P9_Y8_UO704,ID9_F9_m9f9_P9_Y6_UO2941,ID9_F9_m9f9_P9_Y5_UO5555,FXX,2,0.0,1,0,1.0,0,0,0,-9999.0,0.79296875,1,P8_CV0,1,2,0,0,2
9,44.232,-122.202,ID9_F9_m9f9_P9_Y8_UO6474,ID9_F9_m9f9_P9_Y5_UO3701,ID9_F9_m9f9_P9_Y7_UO5345,MXY,2,0.0,1,0,0.0,0,0,0,-9999.0,0.833984375,1,P8_CV0,1,2,0,0,2
9,44.232,-122.202,ID9_F9_m9f9_P9_Y8_UO5631,ID9_F9_m9f9_P9_Y6_UO6154,ID9_F9_m9f9_P9_Y7_UO689,MXY,2,0.0,1,0,0.0,0,0,0,-9999.0,0.859375,1,P8_CV0,1,2,0,0,2
9,44.232,-122.202,ID9_F9_m9f9_P9_Y8_UO1044,ID9_F9_m9f9_P9_Y6_UO5163,ID9_F9_m9f9_P9_Y6_UO713,FXX,2,0.0,1,0,1.0,0,0,0,-9999.0,0.77734375,1,P8_CV0,1,2,0,1,1
9,44.232,-122.202,ID9_F9_m9f9_P9_Y8_UO2213,ID9_F9_m9f9_P9_Y6_UO2976,ID9_F9_m9f9_P9_Y7_UO750,FXX,2,0.0,1,0,1.0,0,0,0,-9999.0,0.83203125,1,P8_CV0,1,2,0,0,2
9,44.232,-122.202,ID9_F9_m9f9_P9_Y8_UO1038,ID9_F9_m9f9_P9_Y5_UO5434,ID9_F9_m9f9_P9_Y7_UO169,MXY,2,0.0,1,0,0.0,0,0,0,-9999.0,0.79296875,1,P8_CV0,1,2,0,0,2
9,44.232,-122.202,ID9_F9_m9f9_P9_Y8_UO5516,ID9_F9_m9f9_P9_Y4_UO1934,ID9_F9_m9f9_P9_Y7_UO5588,FXX,2,0.0,1,0,1.0,0,0,0,-9999.0,0.787109375,1,P8_CV0,1,2,0,1,1
9,44.232,-122.202,ID9_F9_m9f9_P9_Y8_UO672,ID9_F9_m9f9_P9_Y4_UO2418,ID9_F9_m9f9_P9_Y7_UO3179,FXX,2,0.0,1,0,1.0,0,0,0,-9999.0,0.81640625,1,P8_CV0,1,2,0,0,2
9,44.232,-122.202,ID9_F9_m9f9_P9_Y8_UO960,ID9_F9_m9f9_P9_Y6_UO597,ID9_F9_m9f9_P9_Y7_UO5560,MXY,2,0.0,1,0,0.0,0,0,0,-9999.0,0.875,1,P8_CV0,1,2,0,0,2
9,44.232,-122.202,ID9_F9_m9f9_P9_Y8_UO5025,ID9_F9_m9f9_P9_Y6_UO1448,ID9_F9_m9f9_P9_Y6_UO3516,MXY,2,0.0,1,0,0.0,0,0,0,-9999.0,0.84375,1,P8_CV0,1,2,0,1,1
9,44.232,-122.202,ID9_F9_m9f9_P9_Y8_UO4380,ID9_F9_m9f9_P9_Y6_UO4912,ID9_F9_m9f9_P9_Y3_UO4520,FXX,2,0.0,1,0,1.0,0,0,0,-9999.0,0.76171875,1,P8_CV0,1,2,0,1,1
9,44.232,-122.202,ID9_F9_m9f9_P9_Y8_UO2946,ID9_F9_m9f9_P9_Y6_UO2419,ID9_F9_m9f9_P9_Y7_UO580,MXY,2,0.0,1,0,0.0,0,0,0,-9999.0,0.87890625,1,P8_CV0,1,2,0,0,2
9,44.232,-122.202,ID9_F9_m9f9_P9_Y8_UO2742,ID9_F9_m9f9_P9_Y6_UO4475,ID9_F9_m9f9_P9_Y7_UO470,FXX,2,0.0,1,0,1.0,0,0,0,-9999.0,0.8046875,1,P8_CV0,1,2,0,1,1
9,44.232,-122.202,ID9_F9_m9f9_P9_Y8_UO6956,ID9_F9_m9f9_P9_Y5_UO1630,ID9_F9_m9f9_P9_Y7_UO579,FXX,2,0.0,1,0,1.0,0,0,0,-9999.0,0.89453125,1,P8_CV0,1,2,0,0,2
9,44.232,-122.202,ID9_F9_m9f9_P9_Y8_UO2948,ID9_F9_m9f9_P9_Y6_UO2419,ID9_F9_m9f9_P9_Y7_UO580,MXY,2,0.0,1,0,0.0,0,0,0,-9999.0,0.87890625,1,P8_CV0,1,2,0,0,2
9,44.232,-122.202,ID9_F9_m9f9_P9_Y8_UO135,ID9_F9_m9f9_P9_Y4_UO2056,ID9_F9_m9f9_P9_Y5_UO2417,MXY,2,0.0,1,0,0.0,0,0,0,-9999.0,0.7734375,1,P8_CV0,1,2,0,0,2
9,44.232,-122.202,ID9_F9_m9f9_P9_Y8_UO1042,ID9_F9_m9f9_P9_Y5_UO5434,ID9_F9_m9f9_P9_Y7_UO169,FXX,2,0.0,1,0,1.0,0,0,0,-9999.0,0.79296875,1,P8_CV0,1,2,0,0,2
9,44.232,-122.202,ID9_F9_m9f9_P9_Y8_UO4592,ID9_F9_m9f9_P9_Y6_UO2565,ID9_F9_m9f9_P9_Y7_UO168,FXX,2,0.0,1,0,1.0,0,0,0,-9999.0,0.8671875,1,P8_CV0,1,2,0,1,1
9,44.232,-122.202,ID9_F9_m9f9_P9_Y8_UO6012,ID9_F9_m9f9_P9_Y4_UO2862,ID9_F9_m9f9_P9_Y5_UO79,FXX,2,0.0,1,0,1.0,0,0,0,-9999.0,0.71875,1,P8_CV0,1,2,0,0,2
9,44.232,-122.202,ID9_F9_m9f9_P9_Y8_UO6598,ID9_F9_m9f9_P9_Y6_UO2127,ID9_F9_m9f9_P9_Y7_UO35,MXY,2,0.0,1,0,0.0,0,0,0,-9999.0,0.8125,1,P8_CV0,1,2,0,1,1
9,44.232,-122.202,ID9_F9_m9f9_P9_Y8_UO2949,ID9_F9_m9f9_P9_Y6_UO2419,ID9_F9_m9f9_P9_Y7_UO580,MXY,2,0.0,1,0,0.0,0,0,0,-9999.0,0.87890625,1,P8_CV0,1,2,0,1,1
9,44.232,-122.202,ID9_F9_m9f9_P9_Y8_UO2212,ID9_F9_m9f9_P9_Y6_UO2976,ID9_F9_m9f9_P9_Y7_UO750,FXX,2,0.0,1,0,1.0,0,0,0,-9999.0,0.83203125,1,P8_CV0,1,2,0,0,2
9,44.232,-122.202,ID9_F9_m9f9_P9_Y8_UO1043,ID9_F9_m9f9_P9_Y5_UO5434,ID9_F9_m9f9_P9_Y7_UO169,MXY,2,0.0,1,0,0.0,0,0,0,-9999.0,0.79296875,1,P8_CV0,1,2,0,0,2
9,44.232,-122.202,ID9_F9_m9f9_P9_Y8_UO5197,ID9_F9_m9f9_P9_Y6_UO4479,ID9_F9_m9f9_P9_Y7_UO470,MXY,2,0.0,1,0,0.0,0,0,0,-9999.0,0.8046875,1,P8_CV0,1,2,0,2,0
9,44.232,-122.202,ID9_F9_m9f9_P9_Y8_UO2508,ID9_F9_m9f9_P9_Y4_UO4229,ID9_F9_m9f9_P9_Y5_UO719,MXY,2,0.0,1,0,0.0,0,0,0,-9999.0,0.78125,1,P8_CV0,1,2,0,1,1
9,44.232,-122.202,ID9_F9_m9f9_P9_Y8_UO6250,ID9_F9_m9f9_P9_Y5_UO2422,ID9_F9_m9f9_P9_Y6_UO1149,FXX,2,0.0,1,0,1.0,0,0,0,-9999.0,0.76953125,1,P8_CV0,1,2,0,1,1
9,44.232,-122.202,ID9_F9_m9f9_P9_Y8_UO6640,ID9_F9_m9f9_P9_Y5_UO1622,ID9_F9_m9f9_P9_Y7_UO5208,FXX,2,0.0,1,0,1.0,0,0,0,-9999.0,0.826171875,1,P8_CV0,1,2,0,1,1
9,44.232,-122.202,ID9_F9_m9f9_P9_Y8_UO5201,ID9_F9_m9f9_P9_Y6_UO4479,ID9_F9_m9f9_P9_Y7_UO470,FXX,2,0.0,1,0,1.0,0,0,0,-9999.0,0.8046875,1,P8_CV0,1,2,0,1,1
9,44.232,-122.202,ID9_F9_m9f9_P9_Y8_UO2301,ID9_F9_m9f9_P9_Y5_UO2360,ID9_F9_m9f9_P9_Y7_UO581,FXX,2,0.0,1,0,1.0,0,0,0,-9999.0,0.8515625,1,P8_CV0,1,2,0,0,2
9,44.232,-122.202,ID9_F9_m9f9_P9_Y8_UO5520,ID9_F9_m9f9_P9_Y4_UO1934,ID9_F9_m9f9_P9_Y7_UO5588,FXX,2,0.0,1,0,1.0,0,0,0,-9999.0,0.787109375,1,P8_CV0,1,2,0,0,2
9,44.232,-122.202,ID9_F9_m9f9_P9_Y8_UO4375,ID9_F9_m9f9_P9_Y6_UO4912,ID9_F9_m9f9_P9_Y3_UO4520,MXY,2,0.0,1,0,0.0,0,0,0,-9999.0,0.76171875,1,P8_CV0,1,2,0,1,1
9,44.232,-122.202,ID9_F9_m9f9_P9_Y8_UO6573,ID9_F9_m9f9_P9_Y6_UO597,ID9_F9_m9f9_P9_Y7_UO4159,FXX,2,0.0,1,0,1.0,0,0,0,-9999.0,0.8359375,1,P8_CV0,1,2,0,1,1
9,44.232,-122.202,ID9_F9_m9f9_P9_Y8_UO2947,ID9_F9_m9f9_P9_Y6_UO2419,ID9_F9_m9f9_P9_Y7_UO580,FXX,2,0.0,1,0,1.0,0,0,0,-9999.0,0.87890625,1,P8_CV0,1,2,0,1,1
9,44.232,-122.202,ID9_F9_m9f9_P9_Y8_UO702,ID9_F9_m9f9_P9_Y6_UO2941,ID9_F9_m9f9_P9_Y5_UO5555,FXX,2,0.0,1,0,1.0,0,0,0,-9999.0,0.79296875,1,P8_CV0,1,2,0,0,2
9,44.232,-122.202,ID9_F9_m9f9_P9_Y8_UO5036,ID9_F9_m9f9_P9_Y6_UO1448,ID9_F9_m9f9_P9_Y6_UO3516,MXY,2,0.0,1,0,0.0,0,0,0,-9999.0,0.84375,1,P8_CV0,1,2,0,1,1
9,44.232,-122.202,ID9_F9_m9f9_P9_Y8_UO5167,ID9_F9_m9f9_P9_Y6_UO382,ID9_F9_m9f9_P9_Y6_UO5157,MXY,2,0.0,1,0,0.0,0,0,0,-9999.0,0.796875,1,P8_CV0,1,2,0,1,1
9,44.232,-122.202,ID9_F9_m9f9_P9_Y8_UO2152,ID9_F9_m9f9_P9_Y5_UO1409,ID9_F9_m9f9_P9_Y7_UO5350,MXY,2,0.0,1,0,0.0,0,0,0,-9999.0,0.767578125,1,P8_CV0,1,2,0,1,1
9,44.232,-122.202,ID9_F9_m9f9_P9_Y8_UO805,ID9_F9_m9f9_P9_Y6_UO3512,ID9_F9_m9f9_P9_Y7_UO984,MXY,2,0.0,1,0,0.0,0,0,0,-9999.0,0.849609375,1,P8_CV0,1,2,0,2,0
9,44.232,-122.202,ID9_F9_m9f9_P9_Y8_UO1025,ID9_F9_m9f9_P9_Y6_UO6154,ID9_F9_m9f9_P9_Y7_UO989,MXY,2,0.0,1,0,0.0,0,0,0,-9999.0,0.833984375,1,P8_CV0,1,2,0,0,2
9,44.232,-122.202,ID9_F9_m9f9_P9_Y8_UO1047,ID9_F9_m9f9_P9_Y6_UO5163,ID9_F9_m9f9_P9_Y6_UO713,MXY,2,0.0,1,0,0.0,0,0,0,-9999.0,0.77734375,1,P8_CV0,1,2,0,1,1
9,44.232,-122.202,ID9_F9_m9f9_P9_Y8_UO6375,ID9_F9_m9f9_P9_Y6_UO4911,ID9_F9_m9f9_P9_Y7_UO1320,MXY,2,0.0,1,0,0.0,0,0,0,-9999.0,0.814453125,1,P8_CV0,1,2,0,2,0
9,44.232,-122.202,ID9_F9_m9f9_P9_Y8_UO2438,ID9_F9_m9f9_P9_Y6_UO4468,ID9_F9_m9f9_P9_Y6_UO5157,FXX,2,0.0,1,0,1.0,0,0,0,-9999.0,0.828125,1,P8_CV0,1,2,0,0,2
9,44.232,-122.202,ID9_F9_m9f9_P9_Y8_UO6472,ID9_F9_m9f9_P9_Y5_UO3701,ID9_F9_m9f9_P9_Y7_UO5345,FXX,2,0.0,1,0,1.0,0,0,0,-9999.0,0.833984375,1,P8_CV0,1,2,0,1,1
9,44.232,-122.202,ID9_F9_m9f9_P9_Y8_UO6603,ID9_F9_m9f9_P9_Y6_UO2127,ID9_F9_m9f9_P9_Y7_UO35,FXX,2,0.0,1,0,1.0,0,0,0,-9999.0,0.8125,1,P8_CV0,1,2,0,1,1
9,44.232,-122.202,ID9_F9_m9f9_P9_Y8_UO3166,ID9_F9_m9f9_P9_Y4_UO6398,ID9_F9_m9f9_P9_Y6_UO713,FXX,2,0.0,1,0,1.0,0,0,0,-9999.0,0.71484375,1,P8_CV0,1,2,0,1,1
9,44.232,-122.202,ID9_F9_m9f9_P9_Y8_UO5443,ID9_F9_m9f9_P9_Y6_UO4469,ID9_F9_m9f9_P9_Y6_UO368,FXX,2,0.0,1,0,1.0,0,0,0,-9999.0,0.88671875,1,P8_CV0,1,2,0,1,1
9,44.232,-122.202,ID9_F9_m9f9_P9_Y8_UO695,ID9_F9_m9f9_P9_Y6_UO2941,ID9_F9_m9f9_P9_Y5_UO5555,FXX,2,0.0,1,0,1.0,0,0,0,-9999.0,0.79296875,1,P8_CV0,1,2,0,0,2
9,44.232,-122.202,ID9_F9_m9f9_P9_Y8_UO804,ID9_F9_m9f9_P9_Y6_UO3512,ID9_F9_m9f9_P9_Y7_UO984,FXX,2,0.0,1,0,1.0,0,0,0,-9999.0,0.849609375,1,P8_CV0,1,2,0,0,2
9,44.232,-122.202,ID9_F9_m9f9_P9_Y8_UO4388,ID9_F9_m9f9_P9_Y6_UO5163,ID9_F9_m9f9_P9_Y7_UO5102,FXX,2,0.0,1,0,1.0,0,0,0,-9999.0,0.83203125,1,P8_CV0,1,2,0,0,2
9,44.232,-122.202,ID9_F9_m9f9_P9_Y8_UO7214,ID9_F9_m9f9_P9_Y4_UO2418,ID9_F9_m9f9_P9_Y7_UO234,FXX,2,0.0,1,0,1.0,0,0,0,-9999.0,0.8359375,1,P8_CV0,1,2,0,0,2
9,44.232,-122.202,ID9_F9_m9f9_P9_Y8_UO6638,ID9_F9_m9f9_P9_Y5_UO1622,ID9_F9_m9f9_P9_Y7_UO5208,MXY,2,0.0,1,0,0.0,0,0,0,-9999.0,0.826171875,1,P8_CV0,1,2,0,0,2
9,44.232,-122.202,ID9_F9_m9f9_P9_Y8_UO6218,ID9_F9_m9f9_P9_Y5_UO470,ID9_F9_m9f9_P9_Y5_UO3886,FXX,2,0.0,1,0,1.0,0,0,0,-9999.0,0.828125,1,P8_CV0,1,2,0,2,0
9,44.232,-122.202,ID9_F9_m9f9_P9_Y7_UO471,ID9_F9_m9f9_P9_Y5_UO3321,ID9_F9_m9f9_P9_Y5_UO2424,MXY,3,0.0,1,0,0.0,0,0,0,-9999.0,0.765625,1,P8_CV0,1,2,0,2,0
9,44.232,-122.202,ID9_F9_m9f9_P9_Y7_UO169,ID9_F9_m9f9_P9_Y5_UO4132,ID9_F9_m9f9_P9_Y6_UO5898,MXY,3,0.0,1,0,0.0,0,0,0,-9999.0,0.8515625,1,P8_CV0,1,2,0,0,2
9,44.232,-122.202,ID9_F9_m9f9_P9_Y7_UO4318,ID9_F9_m9f9_P9_Y5_UO4133,ID9_F9_m9f9_P9_Y6_UO6909,FXX,3,0.0,1,0,1.0,0,0,0,-9999.0,0.828125,1,P8_CV0,1,2,0,2,0
9,44.232,-122.202,ID9_F9_m9f9_P9_Y7_UO2515,ID9_F9_m9f9_P9_Y5_UO209,ID9_F9_m9f9_P9_Y6_UO2420,FXX,3,0.0,1,0,1.0,0,0,0,-9999.0,0.8671875,1,P8_CV0,1,2,0,1,1
9,44.232,-122.202,ID9_F9_m9f9_P9_Y7_UO992,ID9_F9_m9f9_P9_Y5_UO768,ID9_F9_m9f9_P9_Y6_UO1675,MXY,3,0.0,1,0,0.0,0,0,0,-9999.0,0.84765625,1,P8_CV0,1,2,0,0,2
9,44.232,-122.202,ID9_F9_m9f9_P9_Y7_UO5566,ID9_F9_m9f9_P9_Y5_UO2053,ID9_F9_m9f9_P9_Y5_UO4533,MXY,3,0.0,1,0,0.0,0,0,0,-9999.0,0.90625,1,P8_CV0,1,2,0,0,2
9,44.232,-122.202,ID9_F9_m9f9_P9_Y7_UO4986,ID9_F9_m9f9_P9_Y4_UO2412,ID9_F9_m9f9_P9_Y5_UO3316,FXX,3,0.0,1,0,1.0,0,0,0,-9999.0,0.8203125,1,P8_CV0,1,2,0,1,1
9,44.232,-122.202,ID9_F9_m9f9_P9_Y7_UO5011,ID9_F9_m9f9_P9_Y4_UO2862,ID9_F9_m9f9_P9_Y6_UO367,FXX,3,0.0,1,0,1.0,0,0,0,-9999.0,0.87109375,1,P8_CV0,1,2,0,0,2
9,44.232,-122.202,ID9_F9_m9f9_P9_Y7_UO38,ID9_F9_m9f9_P9_Y5_UO5434,ID9_F9_m9f9_P9_Y5_UO3940,FXX,3,0.0,1,0,1.0,0,0,0,-9999.0,0.796875,1,P8_CV0,1,2,0,0,2
9,44.232,-122.202,ID9_F9_m9f9_P9_Y7_UO1186,ID9_F9_m9f9_P9_Y5_UO787,ID9_F9_m9f9_P9_Y6_UO6378,FXX,3,0.0,1,0,1.0,0,0,0,-9999.0,0.689453125,1,P8_CV0,1,2,0,2,0
9,44.232,-122.202,ID9_F9_m9f9_P9_Y7_UO4984,ID9_F9_m9f9_P9_Y4_UO2412,ID9_F9_m9f9_P9_Y5_UO3316,MXY,3,0.0,1,0,0.0,0,0,0,-9999.0,0.8203125,1,P8_CV0,1,2,0,0,2
9,44.232,-122.202,ID9_F9_m9f9_P9_Y7_UO4581,ID9_F9_m9f9_P9_Y5_UO1622,ID9_F9_m9f9_P9_Y5_UO770,FXX,3,0.0,1,0,1.0,0,0,0,-9999.0,0.8828125,1,P8_CV0,1,2,0,0,2
9,44.232,-122.202,ID9_F9_m9f9_P9_Y7_UO479,ID9_F9_m9f9_P9_Y5_UO3321,ID9_F9_m9f9_P9_Y5_UO2424,FXX,3,0.0,1,0,1.0,0,0,0,-9999.0,0.765625,1,P8_CV0,1,2,0,1,1
9,44.232,-122.202,ID9_F9_m9f9_P9_Y7_UO4310,ID9_F9_m9f9_P9_Y5_UO4133,ID9_F9_m9f9_P9_Y6_UO6909,FXX,3,0.0,1,0,1.0,0,0,0,-9999.0,0.828125,1,P8_CV0,1,2,0,1,1
9,44.232,-122.202,ID9_F9_m9f9_P9_Y7_UO986,ID9_F9_m9f9_P9_Y5_UO768,ID9_F9_m9f9_P9_Y6_UO1675,MXY,3,0.0,1,0,0.0,0,0,0,-9999.0,0.84765625,1,P8_CV0,1,2,0,0,2
9,44.232,-122.202,ID9_F9_m9f9_P9_Y7_UO583,ID9_F9_m9f9_P9_Y5_UO4155,ID9_F9_m9f9_P9_Y6_UO6824,FXX,3,0.0,1,0,1.0,0,0,0,-9999.0,0.8984375,1,P8_CV0,1,2,0,1,1
9,44.232,-122.202,ID9_F9_m9f9_P9_Y7_UO3915,ID9_F9_m9f9_P9_Y4_UO11,ID9_F9_m9f9_P9_Y6_UO6910,FXX,3,0.0,1,0,1.0,0,0,0,-9999.0,0.828125,1,P8_CV0,1,2,0,1,1
9,44.232,-122.202,ID9_F9_m9f9_P9_Y7_UO3619,ID9_F9_m9f9_P9_Y3_UO1550,ID9_F9_m9f9_P9_Y6_UO2124,FXX,3,0.0,1,0,1.0,0,0,0,-9999.0,0.7890625,1,P8_CV0,1,2,0,1,1
9,44.232,-122.202,ID9_F9_m9f9_P9_Y7_UO5291,ID9_F9_m9f9_P9_Y4_UO6398,ID9_F9_m9f9_P9_Y5_UO3886,FXX,3,0.0,1,0,1.0,0,0,0,-9999.0,0.7421875,1,P8_CV0,1,2,0,1,1
9,44.232,-122.202,ID9_F9_m9f9_P9_Y7_UO3412,ID9_F9_m9f9_P9_Y5_UO1402,ID9_F9_m9f9_P9_Y6_UO2119,MXY,3,0.0,1,0,0.0,0,0,0,-9999.0,0.8125,1,P8_CV0,1,2,0,2,0
9,44.232,-122.202,ID9_F9_m9f9_P9_Y7_UO469,ID9_F9_m9f9_P9_Y5_UO3321,ID9_F9_m9f9_P9_Y5_UO2424,MXY,3,0.0,1,0,0.0,0,0,0,-9999.0,0.765625,1,P8_CV0,1,2,0,2,0
9,44.232,-122.202,ID9_F9_m9f9_P9_Y7_UO5212,ID9_F9_m9f9_P9_Y4_UO4229,ID9_F9_m9f9_P9_Y6_UO334,MXY,3,0.0,1,0,0.0,0,0,0,-9999.0,0.76171875,1,P8_CV0,1,2,0,1,1
9,44.232,-122.202,ID9_F9_m9f9_P9_Y7_UO229,ID9_F9_m9f9_P9_Y3_UO3865,ID9_F9_m9f9_P9_Y6_UO4471,FXX,3,0.0,1,0,1.0,0,0,0,-9999.0,0.796875,1,P8_CV0,1,2,0,0,2
9,44.232,-122.202,ID9_F9_m9f9_P9_Y6_UO5163,ID9_F9_m9f9_P9_Y4_UO4797,ID9_F9_m9f9_P9_Y3_UO260,FXX,4,0.0,1,0,1.0,0,0,0,-9999.0,0.78125,1,P8_CV0,1,2,0,0,2
9,44.232,-122.202,ID9_F9_m9f9_P9_Y6_UO6823,ID9_F9_m9f9_P9_Y4_UO5725,ID9_F9_m9f9_P9_Y5_UO5018,MXY,4,0.0,1,0,0.0,0,0,0,-9999.0,0.875,1,P8_CV0,1,2,0,1,1
9,44.232,-122.202,ID9_F9_m9f9_P9_Y6_UO2850,ID9_F9_m9f9_P9_Y4_UO3015,ID9_F9_m9f9_P9_Y5_UO915,MXY,4,0.0,1,0,0.0,0,0,0,-9999.0,0.8046875,1,P8_CV0,1,2,0,0,2
9,44.232,-122.202,ID9_F9_m9f9_P9_Y6_UO4753,ID9_F9_m9f9_P9_Y4_UO5277,ID9_F9_m9f9_P9_Y2_UO1519,FXX,4,0.0,1,0,1.0,0,0,0,-9999.0,0.765625,1,P8_CV0,1,2,0,2,0
9,44.232,-122.202,ID9_F9_m9f9_P9_Y6_UO4912,ID9_F9_m9f9_P9_Y2_UO6198,ID9_F9_m9f9_P9_Y5_UO4726,FXX,4,0.0,1,0,1.0,0,0,0,-9999.0,0.7734375,1,P8_CV0,1,2,0,1,1
9,44.232,-122.202,ID9_F9_m9f9_P9_Y6_UO5126,ID9_F9_m9f9_P9_Y4_UO1671,ID9_F9_m9f9_P9_Y5_UO2423,MXY,4,0.0,1,0,0.0,0,0,0,-9999.0,0.7734375,1,P8_CV0,1,2,0,1,1
9,44.232,-122.202,ID9_F9_m9f9_P9_Y6_UO367,ID9_F9_m9f9_P9_Y4_UO3500,ID9_F9_m9f9_P9_Y5_UO1005,MXY,4,0.0,1,0,0.0,0,0,0,-9999.0,0.8984375,1,P8_CV0,1,2,0,0,2
9,44.232,-122.202,ID9_F9_m9f9_P9_Y6_UO1212,ID9_F9_m9f9_P9_Y4_UO6230,ID9_F9_m9f9_P9_Y5_UO1621,MXY,4,0.0,1,0,0.0,0,0,0,-9999.0,0.84375,1,P8_CV0,1,2,0,1,1
9,44.232,-122.202,ID9_F9_m9f9_P9_Y6_UO6154,ID9_F9_m9f9_P9_Y4_UO4229,ID9_F9_m9f9_P9_Y5_UO3889,FXX,4,0.0,1,0,1.0,0,0,0,-9999.0,0.8203125,1,P8_CV0,1,2,0,1,1
9,44.232,-122.202,ID9_F9_m9f9_P9_Y6_UO4460,ID9_F9_m9f9_P9_Y4_UO4554,ID9_F9_m9f9_P9_Y3_UO260,FXX,4,0.0,1,0,1.0,0,0,0,-9999.0,0.875,1,P8_CV0,1,2,0,2,0
9,44.232,-122.202,ID9_F9_m9f9_P9_Y5_UO1397,ID9_F9_m9f9_P9_Y3_UO1083,ID9_F9_m9f9_P9_Y4_UO794,MXY,5,0.0,1,0,0.0,0,0,0,-9999.0,0.796875,1,P8_CV0,1,2,0,2,0
9,44.232,-122.202,ID9_F9_m9f9_P9_Y5_UO206,ID9_F9_m9f9_P9_Y3_UO975,ID9_F9_m9f9_P9_Y4_UO1620,FXX,5,0.0,1,0,1.0,0,0,0,-9999.0,0.875,1,P8_CV0,1,2,0,0,2
9,44.232,-122.202,ID9_F9_m9f9_P9_Y5_UO3886,ID9_F9_m9f9_P9_Y3_UO3634,ID9_F9_m9f9_P9_Y2_UO333,MXY,5,0.0,1,0,0.0,0,0,0,-9999.0,0.828125,1,P8_CV0,1,2,0,2,0
9,44.232,-122.202,ID9_F9_m9f9_P9_Y5_UO5555,ID9_F9_m9f9_P9_Y3_UO3865,ID9_F9_m9f9_P9_Y4_UO1583,MXY,5,0.0,1,0,0.0,0,0,0,-9999.0,0.8125,1,P8_CV0,1,2,0,0,2
9,44.232,-122.202,ID9_F9_m9f9_P9_Y5_UO5564,ID9_F9_m9f9_P9_Y3_UO3865,ID9_F9_m9f9_P9_Y4_UO1583,MXY,5,0.0,1,0,0.0,0,0,0,-9999.0,0.8125,1,P8_CV0,1,2,0,1,1
9,44.232,-122.202,ID9_F9_m9f9_P9_Y5_UO2417,ID9_F9_m9f9_P9_Y2_UO6198,ID9_F9_m9f9_P9_Y4_UO1896,MXY,5,0.0,1,0,0.0,0,0,0,-9999.0,0.765625,1,P8_CV0,1,2,0,0,2
9,44.232,-122.202,ID9_F9_m9f9_P9_Y5_UO719,ID9_F9_m9f9_P9_Y0_UO258,ID9_F9_m9f9_P9_Y0_UO6839,MXY,5,0.0,1,0,0.0,0,0,0,-9999.0,0.75,1,P8_CV0,1,2,0,1,1
9,44.232,-122.202,ID9_F9_m9f9_P9_Y5_UO1622,ID9_F9_m9f9_P9_Y3_UO1073,ID9_F9_m9f9_P9_Y4_UO4546,FXX,5,0.0,1,0,1.0,0,0,0,-9999.0,0.890625,1,P8_CV0,1,2,0,0,2
10,44.097,-122.493,ID10_F10_m10f10_P10_Y9_UO0,ID10_F10_m10f10_P10_Y7_UO2608,ID10_F10_m10f10_P10_Y8_UO4604,FXX,1,0.0,1,0,1.0,0,0,0,-9999.0,0.1640625,1,P9_CV0,2,0,2,0,2
10,44.097,-122.493,ID10_F10_m10f10_P10_Y9_UO1,ID10_F10_m10f10_P10_Y7_UO2608,ID10_F10_m10f10_P10_Y8_UO4604,MXY,1,0.0,1,0,0.0,0,0,0,-9999.0,0.1640625,1,P9_CV0,2,0,2,0,2
10,44.097,-122.493,ID10_F10_m10f10_P10_Y9_UO4,ID10_F10_m10f10_P10_Y7_UO2608,ID10_F10_m10f10_P10_Y8_UO4604,FXX,1,0.0,1,0,1.0,0,0,0,-9999.0,0.1640625,1,P9_CV0,2,0,2,0,2
10,44.097,-122.493,ID10_F10_m10f10_P10_Y9_UO328,ID10_F10_m10f10_P10_Y7_UO4648,ID10_F10_m10f10_P10_Y8_UO2171,MXY,1,0.0,1,0,0.0,0,0,0,-9999.0,0.2265625,1,P9_CV0,2,0,2,1,1
10,44.097,-122.493,ID10_F10_m10f10_P10_Y9_UO330,ID10_F10_m10f10_P10_Y3_UO683,ID10_F10_m10f10_P10_Y8_UO2171,MXY,1,0.0,1,0,0.0,0,0,0,-9999.0,0.23828125,1,P9_CV0,2,0,2,0,2
10,44.097,-122.493,ID10_F10_m10f10_P10_Y9_UO331,ID10_F10_m10f10_P10_Y3_UO683,ID10_F10_m10f10_P10_Y8_UO2171,FXX,1,0.0,1,0,1.0,0,0,0,-9999.0,0.23828125,1,P9_CV0,2,0,2,0,2
10,44.097,-122.493,ID10_F10_m10f10_P10_Y9_UO511,ID10_F10_m10f10_P10_Y7_UO4794,ID10_F10_m10f10_P10_Y7_UO1692,FXX,1,0.0,1,0,1.0,0,0,0,-9999.0,0.18359375,1,P9_CV0,2,0,2,1,1
10,44.097,-122.493,ID10_F10_m10f10_P10_Y9_UO512,ID10_F10_m10f10_P10_Y7_UO4794,ID10_F10_m10f10_P10_Y7_UO1692,MXY,1,0.0,1,0,0.0,0,0,0,-9999.0,0.18359375,1,P9_CV0,2,0,2,1,1
10,44.097,-122.493,ID10_F10_m10f10_P10_Y9_UO513,ID10_F10_m10f10_P10_Y7_UO4794,ID10_F10_m10f10_P10_Y7_UO1692,FXX,1,0.0,1,0,1.0,0,0,0,-9999.0,0.18359375,1,P9_CV0,2,0,2,1,1
10,44.097,-122.493,ID10_F10_m10f10_P10_Y9_UO516,ID10_F10_m10f10_P10_Y7_UO4794,ID10_F10_m10f10_P10_Y7_UO1692,MXY,1,0.0,1,0,0.0,0,0,0,-9999.0,0.18359375,1,P9_CV0,2,0,2,0,2
10,44.097,-122.493,ID10_F10_m10f10_P10_Y9_UO521,ID10_F10_m10f10_P10_Y7_UO4794,ID10_F10_m10f10_P10_Y7_UO1692,MXY,1,0.0,1,0,0.0,0,0,0,-9999.0,0.18359375,1,P9_CV0,2,0,2,1,1
10,44.097,-122.493,ID10_F10_m10f10_P10_Y9_UO1022,ID10_F10_m10f10_P10_Y7_UO2005,ID10_F10_m10f10_P10_Y8_UO2176,MXY,1,0.0,1,0,0.0,0,0,0,-9999.0,0.24609375,1,P9_CV0,2,0,2,1,1
10,44.097,-122.493,ID10_F10_m10f10_P10_Y9_UO1023,ID10_F10_m10f10_P10_Y7_UO2005,ID10_F10_m10f10_P10_Y8_UO2176,FXX,1,0.0,1,0,1.0,0,0,0,-9999.0,0.24609375,1,P9_CV0,2,0,2,0,2
10,44.097,-122.493,ID10_F10_m10f10_P10_Y9_UO1026,ID10_F10_m10f10_P10_Y7_UO2005,ID10_F10_m10f10_P10_Y8_UO2176,FXX,1,0.0,1,0,1.0,0,0,0,-9999.0,0.24609375,1,P9_CV0,2,0,2,1,1
10,44.097,-122.493,ID10_F10_m10f10_P10_Y9_UO1027,ID10_F10_m10f10_P10_Y7_UO2005,ID10_F10_m10f10_P10_Y8_UO2176,MXY,1,0.0,1,0,0.0,0,0,0,-9999.0,0.24609375,1,P9_CV0,2,0,2,1,1
10,44.097,-122.493,ID10_F10_m10f10_P10_Y9_UO1029,ID10_F10_m10f10_P10_Y7_UO2005,ID10_F10_m10f10_P10_Y8_UO2176,MXY,1,0.0,1,0,0.0,0,0,0,-9999.0,0.24609375,1,P9_CV0,2,0,2,1,1
10,44.097,-122.493,ID10_F10_m10f10_P10_Y9_UO1030,ID10_F10_m10f10_P10_Y7_UO2005,ID10_F10_m10f10_P10_Y8_UO2176,FXX,1,0.0,1,0,1.0,0,0,0,-9999.0,0.24609375,1,P9_CV0,2,0,2,0,2
10,44.097,-122.493,ID10_F10_m10f10_P10_Y9_UO1031,ID10_F10_m10f10_P10_Y7_UO2005,ID10_F10_m10f10_P10_Y8_UO2176,FXX,1,0.0,1,0,1.0,0,0,0,-9999.0,0.24609375,1,P9_CV0,2,0,2,1,1
10,44.097,-122.493,ID10_F10_m10f10_P10_Y9_UO1032,ID10_F10_m10f10_P10_Y7_UO2005,ID10_F10_m10f10_P10_Y8_UO2176,MXY,1,0.0,1,0,0.0,0,0,0,-9999.0,0.24609375,1,P9_CV0,2,0,2,0,2
10,44.097,-122.493,ID10_F10_m10f10_P10_Y9_UO1033,ID10_F10_m10f10_P10_Y7_UO2005,ID10_F10_m10f10_P10_Y8_UO2176,FXX,1,0.0,1,0,1.0,0,0,0,-9999.0,0.24609375,1,P9_CV0,2,0,2,0,2
10,44.097,-122.493,ID10_F10_m10f10_P10_Y9_UO1065,ID10_F10_m10f10_P10_Y7_UO4089,ID10_F10_m10f10_P10_Y7_UO3820,MXY,1,0.0,1,0,0.0,0,0,0,-9999.0,0.19921875,1,P9_CV0,2,0,2,1,1
10,44.097,-122.493,ID10_F10_m10f10_P10_Y9_UO1066,ID10_F10_m10f10_P10_Y7_UO4089,ID10_F10_m10f10_P10_Y7_UO3820,MXY,1,0.0,1,0,0.0,0,0,0,-9999.0,0.19921875,1,P9_CV0,2,0,2,1,1
10,44.097,-122.493,ID10_F10_m10f10_P10_Y9_UO1067,ID10_F10_m10f10_P10_Y7_UO4089,ID10_F10_m10f10_P10_Y7_UO3820,MXY,1,0.0,1,0,0.0,0,0,0,-9999.0,0.19921875,1,P9_CV0,2,0,2,1,1
10,44.097,-122.493,ID10_F10_m10f10_P10_Y9_UO1071,ID10_F10_m10f10_P10_Y7_UO4089,ID10_F10_m10f10_P10_Y7_UO3820,FXX,1,0.0,1,0,1.0,0,0,0,-9999.0,0.19921875,1,P9_CV0,2,0,2,1,1
10,44.097,-122.493,ID10_F10_m10f10_P10_Y9_UO1075,ID10_F10_m10f10_P10_Y7_UO4089,ID10_F10_m10f10_P10_Y7_UO3820,MXY,1,0.0,1,0,0.0,0,0,0,-9999.0,0.19921875,1,P9_CV0,2,0,2,1,1
10,44.097,-122.493,ID10_F10_m10f10_P10_Y9_UO1076,ID10_F10_m10f10_P10_Y7_UO4089,ID10_F10_m10f10_P10_Y7_UO3820,FXX,1,0.0,1,0,1.0,0,0,0,-9999.0,0.19921875,1,P9_CV0,2,0,2,1,1
10,44.097,-122.493,ID10_F10_m10f10_P10_Y9_UO1118,ID10_F10_m10f10_P10_Y7_UO1239,ID10_F10_m10f10_P10_Y8_UO7032,FXX,1,0.0,1,0,1.0,0,0,0,-9999.0,0.189453125,1,P9_CV0,2,0,2,0,2
10,44.097,-122.493,ID10_F10_m10f10_P10_Y9_UO1121,ID10_F10_m10f10_P10_Y7_UO1239,ID10_F10_m10f10_P10_Y8_UO7032,FXX,1,0.0,1,0,1.0,0,0,0,-9999.0,0.189453125,1,P9_CV0,2,0,2,0,2
10,44.097,-122.493,ID10_F10_m10f10_P10_Y9_UO1122,ID10_F10_m10f10_P10_Y7_UO1239,ID10_F10_m10f10_P10_Y8_UO7032,MXY,1,0.0,1,0,0.0,0,0,0,-9999.0,0.189453125,1,P9_CV0,2,0,2,0,2
10,44.097,-122.493,ID10_F10_m10f10_P10_Y9_UO1123,ID10_F10_m10f10_P10_Y7_UO1239,ID10_F10_m10f10_P10_Y8_UO7032,FXX,1,0.0,1,0,1.0,0,0,0,-9999.0,0.189453125,1,P9_CV0,2,0,2,1,1
10,44.097,-122.493,ID10_F10_m10f10_P10_Y9_UO1124,ID10_F10_m10f10_P10_Y7_UO1239,ID10_F10_m10f10_P10_Y8_UO7032,MXY,1,0.0,1,0,0.0,0,0,0,-9999.0,0.189453125,1,P9_CV0,2,0,2,1,1
10,44.097,-122.493,ID10_F10_m10f10_P10_Y9_UO1126,ID10_F10_m10f10_P10_Y7_UO1239,ID10_F10_m10f10_P10_Y8_UO7032,MXY,1,0.0,1,0,0.0,0,0,0,-9999.0,0.189453125,1,P9_CV0,2,0,2,1,1
10,44.097,-122.493,ID10_F10_m10f10_P10_Y9_UO1127,ID10_F10_m10f10_P10_Y7_UO1239,ID10_F10_m10f10_P10_Y8_UO7032,MXY,1,0.0,1,0,0.0,0,0,0,-9999.0,0.189453125,1,P9_CV0,2,0,2,1,1
10,44.097,-122.493,ID10_F10_m10f10_P10_Y9_UO1128,ID10_F10_m10f10_P10_Y7_UO1239,ID10_F10_m10f10_P10_Y8_UO7032,FXX,1,0.0,1,0,1.0,0,0,0,-9999.0,0.189453125,1,P9_CV0,2,0,2,0,2
10,44.097,-122.493,ID10_F10_m10f10_P10_Y9_UO1298,ID10_F10_m10f10_P10_Y6_UO3619,ID10_F10_m10f10_P10_Y8_UO3622,MXY,1,0.0,1,0,0.0,0,0,0,-9999.0,0.224609375,1,P9_CV0,2,0,2,0,2
10,44.097,-122.493,ID10_F10_m10f10_P10_Y9_UO1299,ID10_F10_m10f10_P10_Y6_UO3619,ID10_F10_m10f10_P10_Y8_UO3622,FXX,1,0.0,1,0,1.0,0,0,0,-9999.0,0.224609375,1,P9_CV0,2,0,2,0,2
10,44.097,-122.493,ID10_F10_m10f10_P10_Y9_UO1300,ID10_F10_m10f10_P10_Y6_UO3619,ID10_F10_m10f10_P10_Y8_UO3622,MXY,1,0.0,1,0,0.0,0,0,0,-9999.0,0.224609375,1,P9_CV0,2,0,2,0,2
10,44.097,-122.493,ID10_F10_m10f10_P10_Y9_UO1301,ID10_F10_m10f10_P10_Y6_UO3619,ID10_F10_m10f10_P10_Y8_UO3622,MXY,1,0.0,1,0,0.0,0,0,0,-9999.0,0.224609375,1,P9_CV0,2,0,2,0,2
10,44.097,-122.493,ID10_F10_m10f10_P10_Y9_UO1304,ID10_F10_m10f10_P10_Y6_UO3619,ID10_F10_m10f10_P10_Y8_UO3622,FXX,1,0.0,1,0,1.0,0,0,0,-9999.0,0.224609375,1,P9_CV0,2,0,2,0,2
10,44.097,-122.493,ID10_F10_m10f10_P10_Y9_UO1328,ID10_F10_m10f10_P10_Y6_UO6202,ID10_F10_m10f10_P10_Y6_UO3489,MXY,1,0.0,1,0,0.0,0,0,0,-9999.0,0.2265625,1,P9_CV0,2,0,2,1,1
10,44.097,-122.493,ID10_F10_m10f10_P10_Y9_UO1329,ID10_F10_m10f10_P10_Y6_UO6202,ID10_F10_m10f10_P10_Y6_UO3489,MXY,1,0.0,1,0,0.0,0,0,0,-9999.0,0.2265625,1,P9_CV0,2,0,2,1,1
10,44.097,-122.493,ID10_F10_m10f10_P10_Y9_UO1330,ID10_F10_m10f10_P10_Y6_UO6202,ID10_F10_m10f10_P10_Y6_UO3489,FXX,1,0.0,1,0,1.0,0,0,0,-9999.0,0.2265625,1,P9_CV0,2,0,2,1,1
10,44.097,-122.493,ID10_F10_m10f10_P10_Y9_UO1332,ID10_F10_m10f10_P10_Y6_UO6202,ID10_F10_m10f10_P10_Y6_UO3489,FXX,1,0.0,1,0,1.0,0,0,0,-9999.0,0.2265625,1,P9_CV0,2,0,2,2,0
10,44.097,-122.493,ID10_F10_m10f10_P10_Y9_UO1497,ID10_F10_m10f10_P10_Y7_UO4880,ID10_F10_m10f10_P10_Y7_UO5779,MXY,1,0.0,1,0,0.0,0,0,0,-9999.0,0.2421875,1,P9_CV0,2,0,2,1,1
10,44.097,-122.493,ID10_F10_m10f10_P10_Y9_UO1498,ID10_F10_m10f10_P10_Y7_UO4880,ID10_F10_m10f10_P10_Y7_UO5779,FXX,1,0.0,1,0,1.0,0,0,0,-9999.0,0.2421875,1,P9_CV0,2,0,2,0,2
10,44.097,-122.493,ID10_F10_m10f10_P10_Y9_UO1500,ID10_F10_m10f10_P10_Y7_UO4880,ID10_F10_m10f10_P10_Y7_UO5779,MXY,1,0.0,1,0,0.0,0,0,0,-9999.0,0.2421875,1,P9_CV0,2,0,2,1,1
10,44.097,-122.493,ID10_F10_m10f10_P10_Y9_UO1594,ID10_F10_m10f10_P10_Y6_UO6638,ID10_F10_m10f10_P10_Y7_UO4429,MXY,1,0.0,1,0,0.0,0,0,0,-9999.0,0.203125,1,P9_CV0,2,0,2,2,0
10,44.097,-122.493,ID10_F10_m10f10_P10_Y9_UO1595,ID10_F10_m10f10_P10_Y6_UO6638,ID10_F10_m10f10_P10_Y7_UO4429,FXX,1,0.0,1,0,1.0,0,0,0,-9999.0,0.203125,1,P9_CV0,2,0,2,2,0
10,44.097,-122.493,ID10_F10_m10f10_P10_Y9_UO1599,ID10_F10_m10f10_P10_Y6_UO6638,ID10_F10_m10f10_P10_Y7_UO4429,MXY,1,0.0,1,0,0.0,0,0,0,-9999.0,0.203125,1,P9_CV0,2,0,2,0,2
10,44.097,-122.493,ID10_F10_m10f10_P10_Y9_UO1600,ID10_F10_m10f10_P10_Y6_UO6638,ID10_F10_m10f10_P10_Y7_UO4429,MXY,1,0.0,1,0,0.0,0,0,0,-9999.0,0.203125,1,P9_CV0,2,0,2,1,1
10,44.097,-122.493,ID10_F10_m10f10_P10_Y9_UO1601,ID10_F10_m10f10_P10_Y6_UO6638,ID10_F10_m10f10_P10_Y7_UO4429,FXX,1,0.0,1,0,1.0,0,0,0,-9999.0,0.203125,1,P9_CV0,2,0,2,2,0
10,44.097,-122.493,ID10_F10_m10f10_P10_Y9_UO1800,ID10_F10_m10f10_P10_Y7_UO2608,ID10_F10_m10f10_P10_Y7_UO4435,FXX,1,0.0,1,0,1.0,0,0,0,-9999.0,0.1953125,1,P9_CV0,2,0,2,1,1
10,44.097,-122.493,ID10_F10_m10f10_P10_Y9_UO1801,ID10_F10_m10f10_P10_Y7_UO2608,ID10_F10_m10f10_P10_Y7_UO4435,FXX,1,0.0,1,0,1.0,0,0,0,-9999.0,0.1953125,1,P9_CV0,2,0,2,1,1
10,44.097,-122.493,ID10_F10_m10f10_P10_Y9_UO1804,ID10_F10_m10f10_P10_Y7_UO2608,ID10_F10_m10f10_P10_Y7_UO4435,MXY,1,0.0,1,0,0.0,0,0,0,-9999.0,0.1953125,1,P9_CV0,2,0,2,1,1
10,44.097,-122.493,ID10_F10_m10f10_P10_Y9_UO1805,ID10_F10_m10f10_P10_Y7_UO2608,ID10_F10_m10f10_P10_Y7_UO4435,MXY,1,0.0,1,0,0.0,0,0,0,-9999.0,0.1953125,1,P9_CV0,2,0,2,0,2
10,44.097,-122.493,ID10_F10_m10f10_P10_Y9_UO1806,ID10_F10_m10f10_P10_Y7_UO2608,ID10_F10_m10f10_P10_Y7_UO4435,MXY,1,0.0,1,0,0.0,0,0,0,-9999.0,0.1953125,1,P9_CV0,2,0,2,0,2
10,44.097,-122.493,ID10_F10_m10f10_P10_Y9_UO1809,ID10_F10_m10f10_P10_Y7_UO1249,ID10_F10_m10f10_P10_Y7_UO1707,FXX,1,0.0,1,0,1.0,0,0,0,-9999.0,0.2109375,1,P9_CV0,2,0,2,0,2
10,44.097,-122.493,ID10_F10_m10f10_P10_Y9_UO1810,ID10_F10_m10f10_P10_Y7_UO1249,ID10_F10_m10f10_P10_Y7_UO1707,MXY,1,0.0,1,0,0.0,0,0,0,-9999.0,0.2109375,1,P9_CV0,2,0,2,1,1
10,44.097,-122.493,ID10_F10_m10f10_P10_Y9_UO1816,ID10_F10_m10f10_P10_Y7_UO1249,ID10_F10_m10f10_P10_Y7_UO1707,MXY,1,0.0,1,0,0.0,0,0,0,-9999.0,0.2109375,1,P9_CV0,2,0,2,0,2
10,44.097,-122.493,ID10_F10_m10f10_P10_Y9_UO1817,ID10_F10_m10f10_P10_Y7_UO1249,ID10_F10_m10f10_P10_Y7_UO1707,MXY,1,0.0,1,0,0.0,0,0,0,-9999.0,0.2109375,1,P9_CV0,2,0,2,0,2
10,44.097,-122.493,ID10_F10_m10f10_P10_Y9_UO1821,ID10_F10_m10f10_P10_Y7_UO1249,ID10_F10_m10f10_P10_Y7_UO1707,FXX,1,0.0,1,0,1.0,0,0,0,-9999.0,0.2109375,1,P9_CV0,2,0,2,0,2
10,44.097,-122.493,ID10_F10_m10f10_P10_Y9_UO2270,ID10_F10_m10f10_P10_Y7_UO4648,ID10_F10_m10f10_P10_Y8_UO7032,MXY,1,0.0,1,0,0.0,0,0,0,-9999.0,0.205078125,1,P9_CV0,2,0,2,1,1
10,44.097,-122.493,ID10_F10_m10f10_P10_Y9_UO2486,ID10_F10_m10f10_P10_Y7_UO4787,ID10_F10_m10f10_P10_Y8_UO4906,FXX,1,0.0,1,0,1.0,0,0,0,-9999.0,0.23828125,1,P9_CV0,2,0,2,0,2
10,44.097,-122.493,ID10_F10_m10f10_P10_Y9_UO2487,ID10_F10_m10f10_P10_Y7_UO4787,ID10_F10_m10f10_P10_Y8_UO4906,MXY,1,0.0,1,0,0.0,0,0,0,-9999.0,0.23828125,1,P9_CV0,2,0,2,0,2
10,44.097,-122.493,ID10_F10_m10f10_P10_Y9_UO2489,ID10_F10_m10f10_P10_Y7_UO4787,ID10_F10_m10f10_P10_Y8_UO4906,FXX,1,0.0,1,0,1.0,0,0,0,-9999.0,0.23828125,1,P9_CV0,2,0,2,0,2
10,44.097,-122.493,ID10_F10_m10f10_P10_Y9_UO2491,ID10_F10_m10f10_P10_Y7_UO4787,ID10_F10_m10f10_P10_Y8_UO4906,MXY,1,0.0,1,0,0.0,0,0,0,-9999.0,0.23828125,1,P9_CV0,2,0,2,0,2
10,44.097,-122.493,ID10_F10_m10f10_P10_Y9_UO2492,ID10_F10_m10f10_P10_Y7_UO4787,ID10_F10_m10f10_P10_Y8_UO4906,FXX,1,0.0,1,0,1.0,0,0,0,-9999.0,0.23828125,1,P9_CV0,2,0,2,0,2
10,44.097,-122.493,ID10_F10_m10f10_P10_Y9_UO2493,ID10_F10_m10f10_P10_Y7_UO4787,ID10_F10_m10f10_P10_Y8_UO4906,MXY,1,0.0,1,0,0.0,0,0,0,-9999.0,0.23828125,1,P9_CV0,2,0,2,0,2
10,44.097,-122.493,ID10_F10_m10f10_P10_Y9_UO2494,ID10_F10_m10f10_P10_Y7_UO4787,ID10_F10_m10f10_P10_Y8_UO4906,MXY,1,0.0,1,0,0.0,0,0,0,-9999.0,0.23828125,1,P9_CV0,2,0,2,0,2
10,44.097,-122.493,ID10_F10_m10f10_P10_Y9_UO2680,ID10_F10_m10f10_P10_Y6_UO4943,ID10_F10_m10f10_P10_Y8_UO3628,FXX,1,0.0,1,0,1.0,0,0,0,-9999.0,0.169921875,1,P9_CV0,2,0,2,1,1
10,44.097,-122.493,ID10_F10_m10f10_P10_Y9_UO2740,ID10_F10_m10f10_P10_Y6_UO6202,ID10_F10_m10f10_P10_Y8_UO14,FXX,1,0.0,1,0,1.0,0,0,0,-9999.0,0.216796875,1,P9_CV0,2,0,2,0,2
10,44.097,-122.493,ID10_F10_m10f10_P10_Y9_UO2776,ID10_F10_m10f10_P10_Y7_UO1138,ID10_F10_m10f10_P10_Y7_UO1707,MXY,1,0.0,1,0,0.0,0,0,0,-9999.0,0.21875,1,P9_CV0,2,0,2,0,2
10,44.097,-122.493,ID10_F10_m10f10_P10_Y9_UO2777,ID10_F10_m10f10_P10_Y7_UO1138,ID10_F10_m10f10_P10_Y7_UO1707,FXX,1,0.0,1,0,1.0,0,0,0,-9999.0,0.21875,1,P9_CV0,2,0,2,0,2
10,44.097,-122.493,ID10_F10_m10f10_P10_Y9_UO2778,ID10_F10_m10f10_P10_Y7_UO1138,ID10_F10_m10f10_P10_Y7_UO1707,FXX,1,0.0,1,0,1.0,0,0,0,-9999.0,0.21875,1,P9_CV0,2,0,2,0,2
10,44.097,-122.493,ID10_F10_m10f10_P10_Y9_UO2779,ID10_F10_m10f10_P10_Y7_UO1138,ID10_F10_m10f10_P10_Y7_UO1707,FXX,1,0.0,1,0,1.0,0,0,0,-9999.0,0.21875,1,P9_CV0,2,0,2,0,2
10,44.097,-122.493,ID10_F10_m10f10_P10_Y9_UO2780,ID10_F10_m10f10_P10_Y7_UO1138,ID10_F10_m10f10_P10_Y7_UO1707,FXX,1,0.0,1,0,1.0,0,0,0,-9999.0,0.21875,1,P9_CV0,2,0,2,0,2
10,44.097,-122.493,ID10_F10_m10f10_P10_Y9_UO2781,ID10_F10_m10f10_P10_Y7_UO1138,ID10_F10_m10f10_P10_Y7_UO1707,MXY,1,0.0,1,0,0.0,0,0,0,-9999.0,0.21875,1,P9_CV0,2,0,2,0,2
10,44.097,-122.493,ID10_F10_m10f10_P10_Y9_UO2856,ID10_F10_m10f10_P10_Y7_UO4789,ID10_F10_m10f10_P10_Y8_UO4657,FXX,1,0.0,1,0,1.0,0,0,0,-9999.0,0.201171875,1,P9_CV0,2,0,2,0,2
10,44.097,-122.493,ID10_F10_m10f10_P10_Y9_UO2860,ID10_F10_m10f10_P10_Y7_UO4789,ID10_F10_m10f10_P10_Y8_UO4657,MXY,1,0.0,1,0,0.0,0,0,0,-9999.0,0.201171875,1,P9_CV0,2,0,2,0,2
10,44.097,-122.493,ID10_F10_m10f10_P10_Y9_UO2862,ID10_F10_m10f10_P10_Y7_UO4789,ID10_F10_m10f10_P10_Y8_UO4657,FXX,1,0.0,1,0,1.0,0,0,0,-9999.0,0.201171875,1,P9_CV0,2,0,2,0,2
10,44.097,-122.493,ID10_F10_m10f10_P10_Y9_UO2863,ID10_F10_m10f10_P10_Y7_UO4789,ID10_F10_m10f10_P10_Y8_UO4657,MXY,1,0.0,1,0,0.0,0,0,0,-9999.0,0.201171875,1,P9_CV0,2,0,2,0,2
10,44.097,-122.493,ID10_F10_m10f10_P10_Y9_UO2865,ID10_F10_m10f10_P10_Y7_UO4789,ID10_F10_m10f10_P10_Y8_UO4657,MXY,1,0.0,1,0,0.0,0,0,0,-9999.0,0.201171875,1,P9_CV0,2,0,2,0,2
10,44.097,-122.493,ID10_F10_m10f10_P10_Y9_UO2867,ID10_F10_m10f10_P10_Y7_UO4789,ID10_F10_m10f10_P10_Y8_UO4657,FXX,1,0.0,1,0,1.0,0,0,0,-9999.0,0.201171875,1,P9_CV0,2,0,2,0,2
10,44.097,-122.493,ID10_F10_m10f10_P10_Y9_UO2894,ID10_F10_m10f10_P10_Y4_UO7029,ID10_F10_m10f10_P10_Y6_UO7023,MXY,1,0.0,1,0,0.0,0,0,0,-9999.0,0.19921875,1,P9_CV0,2,0,2,0,2
10,44.097,-122.493,ID10_F10_m10f10_P10_Y9_UO3121,ID10_F10_m10f10_P10_Y4_UO4633,ID10_F10_m10f10_P10_Y8_UO2690,FXX,1,0.0,1,0,1.0,0,0,0,-9999.0,0.232421875,1,P9_CV0,2,0,2,2,0
10,44.097,-122.493,ID10_F10_m10f10_P10_Y9_UO3125,ID10_F10_m10f10_P10_Y4_UO4633,ID10_F10_m10f10_P10_Y8_UO2690,FXX,1,0.0,1,0,1.0,0,0,0,-9999.0,0.232421875,1,P9_CV0,2,0,2,2,0
10,44.097,-122.493,ID10_F10_m10f10_P10_Y9_UO3126,ID10_F10_m10f10_P10_Y4_UO4633,ID10_F10_m10f10_P10_Y8_UO2690,MXY,1,0.0,1,0,0.0,0,0,0,-9999.0,0.232421875,1,P9_CV0,2,0,2,2,0
10,44.097,-122.493,ID10_F10_m10f10_P10_Y9_UO3128,ID10_F10_m10f10_P10_Y4_UO4633,ID10_F10_m10f10_P10_Y8_UO2690,FXX,1,0.0,1,0,1.0,0,0,0,-9999.0,0.232421875,1,P9_CV0,2,0,2,2,0
10,44.097,-122.493,ID10_F10_m10f10_P10_Y9_UO3129,ID10_F10_m10f10_P10_Y4_UO4633,ID10_F10_m10f10_P10_Y8_UO2690,MXY,1,0.0,1,0,0.0,0,0,0,-9999.0,0.232421875,1,P9_CV0,2,0,2,1,1
10,44.097,-122.493,ID10_F10_m10f10_P10_Y9_UO3142,ID10_F10_m10f10_P10_Y5_UO2117,ID10_F10_m10f10_P10_Y8_UO7431,MXY,1,0.0,1,0,0.0,0,0,0,-9999.0,0.201171875,1,P9_CV0,2,0,2,0,2
10,44.097,-122.493,ID10_F10_m10f10_P10_Y9_UO3143,ID10_F10_m10f10_P10_Y5_UO2117,ID10_F10_m10f10_P10_Y8_UO7431,MXY,1,0.0,1,0,0.0,0,0,0,-9999.0,0.201171875,1,P9_CV0,2,0,2,0,2
10,44.097,-122.493,ID10_F10_m10f10_P10_Y9_UO3144,ID10_F10_m10f10_P10_Y5_UO2117,ID10_F10_m10f10_P10_Y8_UO7431,MXY,1,0.0,1,0,0.0,0,0,0,-9999.0,0.201171875,1,P9_CV0,2,0,2,1,1
10,44.097,-122.493,ID10_F10_m10f10_P10_Y9_UO3146,ID10_F10_m10f10_P10_Y5_UO2117,ID10_F10_m10f10_P10_Y8_UO7431,FXX,1,0.0,1,0,1.0,0,0,0,-9999.0,0.201171875,1,P9_CV0,2,0,2,0,2
10,44.097,-122.493,ID10_F10_m10f10_P10_Y9_UO3192,ID10_F10_m10f10_P10_Y7_UO3637,ID10_F10_m10f10_P10_Y8_UO7429,MXY,1,0.0,1,0,0.0,0,0,0,-9999.0,0.232421875,1,P9_CV0,2,0,2,0,2
10,44.097,-122.493,ID10_F10_m10f10_P10_Y9_UO3193,ID10_F10_m10f10_P10_Y7_UO3637,ID10_F10_m10f10_P10_Y8_UO7429,MXY,1,0.0,1,0,0.0,0,0,0,-9999.0,0.232421875,1,P9_CV0,2,0,2,1,1
10,44.097,-122.493,ID10_F10_m10f10_P10_Y9_UO3327,ID10_F10_m10f10_P10_Y6_UO5439,ID10_F10_m10f10_P10_Y8_UO4604,MXY,1,0.0,1,0,0.0,0,0,0,-9999.0,0.15234375,1,P9_CV0,2,0,2,1,1
10,44.097,-122.493,ID10_F10_m10f10_P10_Y9_UO3329,ID10_F10_m10f10_P10_Y6_UO5439,ID10_F10_m10f10_P10_Y8_UO4604,MXY,1,0.0,1,0,0.0,0,0,0,-9999.0,0.15234375,1,P9_CV0,2,0,2,1,1
10,44.097,-122.493,ID10_F10_m10f10_P10_Y9_UO3330,ID10_F10_m10f10_P10_Y6_UO5439,ID10_F10_m10f10_P10_Y8_UO4604,MXY,1,0.0,1,0,0.0,0,0,0,-9999.0,0.15234375,1,P9_CV0,2,0,2,1,1
10,44.097,-122.493,ID10_F10_m10f10_P10_Y9_UO3331,ID10_F10_m10f10_P10_Y6_UO5439,ID10_F10_m10f10_P10_Y8_UO4604,FXX,1,0.0,1,0,1.0,0,0,0,-9999.0,0.15234375,1,P9_CV0,2,0,2,1,1
10,44.097,-122.493,ID10_F10_m10f10_P10_Y9_UO3480,ID10_F10_m10f10_P10_Y7_UO4481,ID10_F10_m10f10_P10_Y8_UO5152,FXX,1,0.0,1,0,1.0,0,0,0,-9999.0,0.19921875,1,P9_CV0,2,0,2,1,1
10,44.097,-122.493,ID10_F10_m10f10_P10_Y9_UO3481,ID10_F10_m10f10_P10_Y7_UO4481,ID10_F10_m10f10_P10_Y8_UO5152,MXY,1,0.0,1,0,0.0,0,0,0,-9999.0,0.19921875,1,P9_CV0,2,0,2,1,1
10,44.097,-122.493,ID10_F10_m10f10_P10_Y9_UO3482,ID10_F10_m10f10_P10_Y7_UO4481,ID10_F10_m10f10_P10_Y8_UO5152,FXX,1,0.0,1,0,1.0,0,0,0,-9999.0,0.19921875,1,P9_CV0,2,0,2,1,1
10,44.097,-122.493,ID10_F10_m10f10_P10_Y9_UO3484,ID10_F10_m10f10_P10_Y7_UO4481,ID10_F10_m10f10_P10_Y8_UO5152,FXX,1,0.0,1,0,1.0,0,0,0,-9999.0,0.19921875,1,P9_CV0,2,0,2,1,1
10,44.097,-122.493,ID10_F10_m10f10_P10_Y9_UO3488,ID10_F10_m10f10_P10_Y7_UO4481,ID10_F10_m10f10_P10_Y8_UO5152,MXY,1,0.0,1,0,0.0,0,0,0,-9999.0,0.19921875,1,P9_CV0,2,0,2,1,1
10,44.097,-122.493,ID10_F10_m10f10_P10_Y9_UO3491,ID10_F10_m10f10_P10_Y7_UO4481,ID10_F10_m10f10_P10_Y8_UO5152,FXX,1,0.0,1,0,1.0,0,0,0,-9999.0,0.19921875,1,P9_CV0,2,0,2,1,1
10,44.097,-122.493,ID10_F10_m10f10_P10_Y9_UO3545,ID10_F10_m10f10_P10_Y4_UO7029,ID10_F10_m10f10_P10_Y8_UO3622,FXX,1,0.0,1,0,1.0,0,0,0,-9999.0,0.224609375,1,P9_CV0,2,0,2,0,2
10,44.097,-122.493,ID10_F10_m10f10_P10_Y9_UO3547,ID10_F10_m10f10_P10_Y4_UO7029,ID10_F10_m10f10_P10_Y8_UO3622,MXY,1,0.0,1,0,0.0,0,0,0,-9999.0,0.224609375,1,P9_CV0,2,0,2,0,2
10,44.097,-122.493,ID10_F10_m10f10_P10_Y9_UO3548,ID10_F10_m10f10_P10_Y4_UO7029,ID10_F10_m10f10_P10_Y8_UO3622,MXY,1,0.0,1,0,0.0,0,0,0,-9999.0,0.224609375,1,P9_CV0,2,0,2,0,2
10,44.097,-122.493,ID10_F10_m10f10_P10_Y9_UO3549,ID10_F10_m10f10_P10_Y4_UO7029,ID10_F10_m10f10_P10_Y8_UO3622,FXX,1,0.0,1,0,1.0,0,0,0,-9999.0,0.224609375,1,P9_CV0,2,0,2,0,2
10,44.097,-122.493,ID10_F10_m10f10_P10_Y9_UO3645,ID10_F10_m10f10_P10_Y6_UO4943,ID10_F10_m10f10_P10_Y7_UO1707,MXY,1,0.0,1,0,0.0,0,0,0,-9999.0,0.18359375,1,P9_CV0,2,0,2,0,2
10,44.097,-122.493,ID10_F10_m10f10_P10_Y9_UO3646,ID10_F10_m10f10_P10_Y6_UO4943,ID10_F10_m10f10_P10_Y7_UO1707,MXY,1,0.0,1,0,0.0,0,0,0,-9999.0,0.18359375,1,P9_CV0,2,0,2,1,1
10,44.097,-122.493,ID10_F10_m10f10_P10_Y9_UO3648,ID10_F10_m10f10_P10_Y6_UO4943,ID10_F10_m10f10_P10_Y7_UO1707,FXX,1,0.0,1,0,1.0,0,0,0,-9999.0,0.18359375,1,P9_CV0,2,0,2,0,2
10,44.097,-122.493,ID10_F10_m10f10_P10_Y9_UO3909,ID10_F10_m10f10_P10_Y7_UO4648,ID10_F10_m10f10_P10_Y8_UO2558,FXX,1,0.0,1,0,1.0,0,0,0,-9999.0,0.23046875,1,P9_CV0,2,0,2,1,1
10,44.097,-122.493,ID10_F10_m10f10_P10_Y9_UO3910,ID10_F10_m10f10_P10_Y7_UO4648,ID10_F10_m10f10_P10_Y8_UO2558,MXY,1,0.0,1,0,0.0,0,0,0,-9999.0,0.23046875,1,P9_CV0,2,0,2,2,0
10,44.097,-122.493,ID10_F10_m10f10_P10_Y9_UO3929,ID10_F10_m10f10_P10_Y6_UO3483,ID10_F10_m10f10_P10_Y7_UO2799,MXY,1,0.0,1,0,0.0,0,0,0,-9999.0,0.19921875,1,P9_CV0,2,0,2,0,2
10,44.097,-122.493,ID10_F10_m10f10_P10_Y9_UO3931,ID10_F10_m10f10_P10_Y6_UO3483,ID10_F10_m10f10_P10_Y7_UO2799,FXX,1,0.0,1,0,1.0,0,0,0,-9999.0,0.19921875,1,P9_CV0,2,0,2,0,2
10,44.097,-122.493,ID10_F10_m10f10_P10_Y9_UO3933,ID10_F10_m10f10_P10_Y6_UO3483,ID10_F10_m10f10_P10_Y7_UO2799,FXX,1,0.0,1,0,1.0,0,0,0,-9999.0,0.19921875,1,P9_CV0,2,0,2,0,2
10,44.097,-122.493,ID10_F10_m10f10_P10_Y9_UO3935,ID10_F10_m10f10_P10_Y6_UO3483,ID10_F10_m10f10_P10_Y7_UO2799,MXY,1,0.0,1,0,0.0,0,0,0,-9999.0,0.19921875,1,P9_CV0,2,0,2,0,2
10,44.097,-122.493,ID10_F10_m10f10_P10_Y9_UO3936,ID10_F10_m10f10_P10_Y6_UO3483,ID10_F10_m10f10_P10_Y7_UO2799,FXX,1,0.0,1,0,1.0,0,0,0,-9999.0,0.19921875,1,P9_CV0,2,0,2,0,2
10,44.097,-122.493,ID10_F10_m10f10_P10_Y9_UO4138,ID10_F10_m10f10_P10_Y7_UO4482,ID10_F10_m10f10_P10_Y7_UO1705,FXX,1,0.0,1,0,1.0,0,0,0,-9999.0,0.22265625,1,P9_CV0,2,0,2,0,2
10,44.097,-122.493,ID10_F10_m10f10_P10_Y9_UO4139,ID10_F10_m10f10_P10_Y7_UO4482,ID10_F10_m10f10_P10_Y7_UO1705,FXX,1,0.0,1,0,1.0,0,0,0,-9999.0,0.22265625,1,P9_CV0,2,0,2,0,2
10,44.097,-122.493,ID10_F10_m10f10_P10_Y9_UO4141,ID10_F10_m10f10_P10_Y7_UO4482,ID10_F10_m10f10_P10_Y7_UO1705,MXY,1,0.0,1,0,0.0,0,0,0,-9999.0,0.22265625,1,P9_CV0,2,0,2,0,2
10,44.097,-122.493,ID10_F10_m10f10_P10_Y9_UO4142,ID10_F10_m10f10_P10_Y7_UO4482,ID10_F10_m10f10_P10_Y7_UO1705,FXX,1,0.0,1,0,1.0,0,0,0,-9999.0,0.22265625,1,P9_CV0,2,0,2,0,2
10,44.097,-122.493,ID10_F10_m10f10_P10_Y9_UO4146,ID10_F10_m10f10_P10_Y7_UO4482,ID10_F10_m10f10_P10_Y7_UO1705,FXX,1,0.0,1,0,1.0,0,0,0,-9999.0,0.22265625,1,P9_CV0,2,0,2,0,2
10,44.097,-122.493,ID10_F10_m10f10_P10_Y9_UO4148,ID10_F10_m10f10_P10_Y7_UO4482,ID10_F10_m10f10_P10_Y7_UO1705,FXX,1,0.0,1,0,1.0,0,0,0,-9999.0,0.22265625,1,P9_CV0,2,0,2,0,2
10,44.097,-122.493,ID10_F10_m10f10_P10_Y9_UO4149,ID10_F10_m10f10_P10_Y7_UO4482,ID10_F10_m10f10_P10_Y7_UO1705,MXY,1,0.0,1,0,0.0,0,0,0,-9999.0,0.22265625,1,P9_CV0,2,0,2,0,2
10,44.097,-122.493,ID10_F10_m10f10_P10_Y9_UO4150,ID10_F10_m10f10_P10_Y7_UO4482,ID10_F10_m10f10_P10_Y7_UO1705,MXY,1,0.0,1,0,0.0,0,0,0,-9999.0,0.22265625,1,P9_CV0,2,0,2,0,2
10,44.097,-122.493,ID10_F10_m10f10_P10_Y9_UO4151,ID10_F10_m10f10_P10_Y6_UO512,ID10_F10_m10f10_P10_Y6_UO6087,MXY,1,0.0,1,0,0.0,0,0,0,-9999.0,0.16796875,1,P9_CV0,2,0,2,0,2
10,44.097,-122.493,ID10_F10_m10f10_P10_Y9_UO4153,ID10_F10_m10f10_P10_Y6_UO512,ID10_F10_m10f10_P10_Y6_UO6087,FXX,1,0.0,1,0,1.0,0,0,0,-9999.0,0.16796875,1,P9_CV0,2,0,2,0,2
10,44.097,-122.493,ID10_F10_m10f10_P10_Y9_UO4154,ID10_F10_m10f10_P10_Y6_UO512,ID10_F10_m10f10_P10_Y6_UO6087,MXY,1,0.0,1,0,0.0,0,0,0,-9999.0,0.16796875,1,P9_CV0,2,0,2,0,2
10,44.097,-122.493,ID10_F10_m10f10_P10_Y9_UO4155,ID10_F10_m10f10_P10_Y6_UO512,ID10_F10_m10f10_P10_Y6_UO6087,FXX,1,0.0,1,0,1.0,0,0,0,-9999.0,0.16796875,1,P9_CV0,2,0,2,0,2
10,44.097,-122.493,ID10_F10_m10f10_P10_Y9_UO4157,ID10_F10_m10f10_P10_Y6_UO512,ID10_F10_m10f10_P10_Y6_UO6087,FXX,1,0.0,1,0,1.0,0,0,0,-9999.0,0.16796875,1,P9_CV0,2,0,2,0,2
10,44.097,-122.493,ID10_F10_m10f10_P10_Y9_UO4158,ID10_F10_m10f10_P10_Y6_UO512,ID10_F10_m10f10_P10_Y6_UO6087,FXX,1,0.0,1,0,1.0,0,0,0,-9999.0,0.16796875,1,P9_CV0,2,0,2,0,2
10,44.097,-122.493,ID10_F10_m10f10_P10_Y9_UO4393,ID10_F10_m10f10_P10_Y7_UO4880,ID10_F10_m10f10_P10_Y5_UO2205,MXY,1,0.0,1,0,0.0,0,0,0,-9999.0,0.18359375,1,P9_CV0,2,0,2,1,1
10,44.097,-122.493,ID10_F10_m10f10_P10_Y9_UO4395,ID10_F10_m10f10_P10_Y7_UO4880,ID10_F10_m10f10_P10_Y5_UO2205,MXY,1,0.0,1,0,0.0,0,0,0,-9999.0,0.18359375,1,P9_CV0,2,0,2,1,1
10,44.097,-122.493,ID10_F10_m10f10_P10_Y9_UO4396,ID10_F10_m10f10_P10_Y7_UO4880,ID10_F10_m10f10_P10_Y5_UO2205,FXX,1,0.0,1,0,1.0,0,0,0,-9999.0,0.18359375,1,P9_CV0,2,0,2,2,0
10,44.097,-122.493,ID10_F10_m10f10_P10_Y9_UO4397,ID10_F10_m10f10_P10_Y7_UO4880,ID10_F10_m10f10_P10_Y5_UO2205,MXY,1,0.0,1,0,0.0,0,0,0,-9999.0,0.18359375,1,P9_CV0,2,0,2,0,2
10,44.097,-122.493,ID10_F10_m10f10_P10_Y9_UO4494,ID10_F10_m10f10_P10_Y5_UO3993,ID10_F10_m10f10_P10_Y8_UO2553,MXY,1,0.0,1,0,0.0,0,0,0,-9999.0,0.2578125,1,P9_CV0,2,0,2,1,1
10,44.097,-122.493,ID10_F10_m10f10_P10_Y9_UO4495,ID10_F10_m10f10_P10_Y5_UO3993,ID10_F10_m10f10_P10_Y8_UO2553,FXX,1,0.0,1,0,1.0,0,0,0,-9999.0,0.2578125,1,P9_CV0,2,0,2,1,1
10,44.097,-122.493,ID10_F10_m10f10_P10_Y9_UO4497,ID10_F10_m10f10_P10_Y5_UO3993,ID10_F10_m10f10_P10_Y8_UO2553,MXY,1,0.0,1,0,0.0,0,0,0,-9999.0,0.2578125,1,P9_CV0,2,0,2,1,1
10,44.097,-122.493,ID10_F10_m10f10_P10_Y9_UO4499,ID10_F10_m10f10_P10_Y5_UO3993,ID10_F10_m10f10_P10_Y8_UO2553,FXX,1,0.0,1,0,1.0,0,0,0,-9999.0,0.2578125,1,P9_CV0,2,0,2,1,1
10,44.097,-122.493,ID10_F10_m10f10_P10_Y9_UO4501,ID10_F10_m10f10_P10_Y5_UO3993,ID10_F10_m10f10_P10_Y8_UO2553,MXY,1,0.0,1,0,0.0,0,0,0,-9999.0,0.2578125,1,P9_CV0,2,0,2,1,1
10,44.097,-122.493,ID10_F10_m10f10_P10_Y9_UO4547,ID10_F10_m10f10_P10_Y7_UO2299,ID10_F10_m10f10_P10_Y7_UO3048,MXY,1,0.0,1,0,0.0,0,0,0,-9999.0,0.1796875,1,P9_CV0,2,0,2,1,1
10,44.097,-122.493,ID10_F10_m10f10_P10_Y9_UO4549,ID10_F10_m10f10_P10_Y7_UO2299,ID10_F10_m10f10_P10_Y7_UO3048,MXY,1,0.0,1,0,0.0,0,0,0,-9999.0,0.1796875,1,P9_CV0,2,0,2,1,1
10,44.097,-122.493,ID10_F10_m10f10_P10_Y9_UO4551,ID10_F10_m10f10_P10_Y7_UO2299,ID10_F10_m10f10_P10_Y7_UO3048,MXY,1,0.0,1,0,0.0,0,0,0,-9999.0,0.1796875,1,P9_CV0,2,0,2,1,1
10,44.097,-122.493,ID10_F10_m10f10_P10_Y9_UO4557,ID10_F10_m10f10_P10_Y7_UO2299,ID10_F10_m10f10_P10_Y7_UO3048,FXX,1,0.0,1,0,1.0,0,0,0,-9999.0,0.1796875,1,P9_CV0,2,0,2,1,1
10,44.097,-122.493,ID10_F10_m10f10_P10_Y9_UO4558,ID10_F10_m10f10_P10_Y7_UO2299,ID10_F10_m10f10_P10_Y7_UO3048,MXY,1,0.0,1,0,0.0,0,0,0,-9999.0,0.1796875,1,P9_CV0,2,0,2,0,2
10,44.097,-122.493,ID10_F10_m10f10_P10_Y9_UO4813,ID10_F10_m10f10_P10_Y7_UO3637,ID10_F10_m10f10_P10_Y8_UO6859,FXX,1,0.0,1,0,1.0,0,0,0,-9999.0,0.220703125,1,P9_CV0,2,0,2,2,0
10,44.097,-122.493,ID10_F10_m10f10_P10_Y9_UO4817,ID10_F10_m10f10_P10_Y7_UO3637,ID10_F10_m10f10_P10_Y8_UO6859,MXY,1,0.0,1,0,0.0,0,0,0,-9999.0,0.220703125,1,P9_CV0,2,0,2,2,0
10,44.097,-122.493,ID10_F10_m10f10_P10_Y9_UO4870,ID10_F10_m10f10_P10_Y4_UO2859,ID10_F10_m10f10_P10_Y7_UO2806,FXX,1,0.0,1,0,1.0,0,0,0,-9999.0,0.23046875,1,P9_CV0,2,0,2,1,1
10,44.097,-122.493,ID10_F10_m10f10_P10_Y9_UO4873,ID10_F10_m10f10_P10_Y4_UO2859,ID10_F10_m10f10_P10_Y7_UO2806,MXY,1,0.0,1,0,0.0,0,0,0,-9999.0,0.23046875,1,P9_CV0,2,0,2,1,1
10,44.097,-122.493,ID10_F10_m10f10_P10_Y9_UO4900,ID10_F10_m10f10_P10_Y4_UO2859,ID10_F10_m10f10_P10_Y8_UO3242,FXX,1,0.0,1,0,1.0,0,0,0,-9999.0,0.21484375,1,P9_CV0,2,0,2,1,1
10,44.097,-122.493,ID10_F10_m10f10_P10_Y9_UO4902,ID10_F10_m10f10_P10_Y4_UO2859,ID10_F10_m10f10_P10_Y8_UO3242,FXX,1,0.0,1,0,1.0,0,0,0,-9999.0,0.21484375,1,P9_CV0,2,0,2,0,2
10,44.097,-122.493,ID10_F10_m10f10_P10_Y9_UO4961,ID10_F10_m10f10_P10_Y6_UO105,ID10_F10_m10f10_P10_Y5_UO4221,FXX,1,0.0,1,0,1.0,0,0,0,-9999.0,0.15625,1,P9_CV0,2,0,2,2,0
10,44.097,-122.493,ID10_F10_m10f10_P10_Y9_UO4964,ID10_F10_m10f10_P10_Y6_UO105,ID10_F10_m10f10_P10_Y5_UO4221,FXX,1,0.0,1,0,1.0,0,0,0,-9999.0,0.15625,1,P9_CV0,2,0,2,2,0
10,44.097,-122.493,ID10_F10_m10f10_P10_Y9_UO4966,ID10_F10_m10f10_P10_Y6_UO105,ID10_F10_m10f10_P10_Y5_UO4221,MXY,1,0.0,1,0,0.0,0,0,0,-9999.0,0.15625,1,P9_CV0,2,0,2,2,0
10,44.097,-122.493,ID10_F10_m10f10_P10_Y9_UO4968,ID10_F10_m10f10_P10_Y6_UO105,ID10_F10_m10f10_P10_Y5_UO4221,MXY,1,0.0,1,0,0.0,0,0,0,-9999.0,0.15625,1,P9_CV0,2,0,2,2,0
10,44.097,-122.493,ID10_F10_m10f10_P10_Y9_UO4969,ID10_F10_m10f10_P10_Y6_UO105,ID10_F10_m10f10_P10_Y5_UO4221,MXY,1,0.0,1,0,0.0,0,0,0,-9999.0,0.15625,1,P9_CV0,2,0,2,1,1
10,44.097,-122.493,ID10_F10_m10f10_P10_Y9_UO5109,ID10_F10_m10f10_P10_Y4_UO4026,ID10_F10_m10f10_P10_Y6_UO953,MXY,1,0.0,1,0,0.0,0,0,0,-9999.0,0.25,1,P9_CV0,2,0,2,1,1
10,44.097,-122.493,ID10_F10_m10f10_P10_Y9_UO5114,ID10_F10_m10f10_P10_Y4_UO4026,ID10_F10_m10f10_P10_Y6_UO953,MXY,1,0.0,1,0,0.0,0,0,0,-9999.0,0.25,1,P9_CV0,2,0,2,2,0
10,44.097,-122.493,ID10_F10_m10f10_P10_Y9_UO5116,ID10_F10_m10f10_P10_Y4_UO4026,ID10_F10_m10f10_P10_Y6_UO953,FXX,1,0.0,1,0,1.0,0,0,0,-9999.0,0.25,1,P9_CV0,2,0,2,1,1
10,44.097,-122.493,ID10_F10_m10f10_P10_Y9_UO5145,ID10_F10_m10f10_P10_Y7_UO2601,ID10_F10_m10f10_P10_Y8_UO4659,FXX,1,0.0,1,0,1.0,0,0,0,-9999.0,0.216796875,1,P9_CV0,2,0,2,1,1
10,44.097,-122.493,ID10_F10_m10f10_P10_Y9_UO5146,ID10_F10_m10f10_P10_Y7_UO2601,ID10_F10_m10f10_P10_Y8_UO4659,FXX,1,0.0,1,0,1.0,0,0,0,-9999.0,0.216796875,1,P9_CV0,2,0,2,1,1
10,44.097,-122.493,ID10_F10_m10f10_P10_Y9_UO5150,ID10_F10_m10f10_P10_Y7_UO2601,ID10_F10_m10f10_P10_Y8_UO4659,MXY,1,0.0,1,0,0.0,0,0,0,-9999.0,0.216796875,1,P9_CV0,2,0,2,1,1
10,44.097,-122.493,ID10_F10_m10f10_P10_Y9_UO5151,ID10_F10_m10f10_P10_Y7_UO2601,ID10_F10_m10f10_P10_Y8_UO4659,FXX,1,0.0,1,0,1.0,0,0,0,-9999.0,0.216796875,1,P9_CV0,2,0,2,1,1
10,44.097,-122.493,ID10_F10_m10f10_P10_Y9_UO5532,ID10_F10_m10f10_P10_Y7_UO4105,ID10_F10_m10f10_P10_Y8_UO992,MXY,1,0.0,1,0,0.0,0,0,0,-9999.0,0.17578125,1,P9_CV0,2,0,2,1,1
10,44.097,-122.493,ID10_F10_m10f10_P10_Y9_UO5533,ID10_F10_m10f10_P10_Y7_UO4105,ID10_F10_m10f10_P10_Y8_UO992,MXY,1,0.0,1,0,0.0,0,0,0,-9999.0,0.17578125,1,P9_CV0,2,0,2,1,1
10,44.097,-122.493,ID10_F10_m10f10_P10_Y9_UO5535,ID10_F10_m10f10_P10_Y7_UO4105,ID10_F10_m10f10_P10_Y8_UO992,FXX,1,0.0,1,0,1.0,0,0,0,-9999.0,0.17578125,1,P9_CV0,2,0,2,0,2
10,44.097,-122.493,ID10_F10_m10f10_P10_Y9_UO5543,ID10_F10_m10f10_P10_Y7_UO4105,ID10_F10_m10f10_P10_Y8_UO992,MXY,1,0.0,1,0,0.0,0,0,0,-9999.0,0.17578125,1,P9_CV0,2,0,2,1,1
10,44.097,-122.493,ID10_F10_m10f10_P10_Y9_UO5810,ID10_F10_m10f10_P10_Y6_UO5678,ID10_F10_m10f10_P10_Y8_UO5461,FXX,1,0.0,1,0,1.0,0,0,0,-9999.0,0.2109375,1,P9_CV0,2,0,2,1,1
10,44.097,-122.493,ID10_F10_m10f10_P10_Y9_UO5811,ID10_F10_m10f10_P10_Y6_UO5678,ID10_F10_m10f10_P10_Y8_UO5461,FXX,1,0.0,1,0,1.0,0,0,0,-9999.0,0.2109375,1,P9_CV0,2,0,2,1,1
10,44.097,-122.493,ID10_F10_m10f10_P10_Y9_UO5814,ID10_F10_m10f10_P10_Y6_UO5678,ID10_F10_m10f10_P10_Y8_UO5461,FXX,1,0.0,1,0,1.0,0,0,0,-9999.0,0.2109375,1,P9_CV0,2,0,2,1,1
10,44.097,-122.493,ID10_F10_m10f10_P10_Y9_UO5885,ID10_F10_m10f10_P10_Y7_UO5838,ID10_F10_m10f10_P10_Y8_UO7159,MXY,1,0.0,1,0,0.0,0,0,0,-9999.0,0.185546875,1,P9_CV0,2,0,2,0,2
10,44.097,-122.493,ID10_F10_m10f10_P10_Y9_UO5887,ID10_F10_m10f10_P10_Y7_UO5838,ID10_F10_m10f10_P10_Y8_UO7159,MXY,1,0.0,1,0,0.0,0,0,0,-9999.0,0.185546875,1,P9_CV0,2,0,2,0,2
10,44.097,-122.493,ID10_F10_m10f10_P10_Y9_UO5888,ID10_F10_m10f10_P10_Y7_UO5838,ID10_F10_m10f10_P10_Y8_UO7159,MXY,1,0.0,1,0,0.0,0,0,0,-9999.0,0.185546875,1,P9_CV0,2,0,2,0,2
10,44.097,-122.493,ID10_F10_m10f10_P10_Y9_UO5892,ID10_F10_m10f10_P10_Y7_UO5838,ID10_F10_m10f10_P10_Y8_UO7159,FXX,1,0.0,1,0,1.0,0,0,0,-9999.0,0.185546875,1,P9_CV0,2,0,2,0,2
10,44.097,-122.493,ID10_F10_m10f10_P10_Y9_UO5894,ID10_F10_m10f10_P10_Y7_UO5838,ID10_F10_m10f10_P10_Y8_UO7159,FXX,1,0.0,1,0,1.0,0,0,0,-9999.0,0.185546875,1,P9_CV0,2,0,2,0,2
10,44.097,-122.493,ID10_F10_m10f10_P10_Y9_UO5896,ID10_F10_m10f10_P10_Y7_UO5838,ID10_F10_m10f10_P10_Y8_UO7159,FXX,1,0.0,1,0,1.0,0,0,0,-9999.0,0.185546875,1,P9_CV0,2,0,2,0,2
10,44.097,-122.493,ID10_F10_m10f10_P10_Y9_UO5897,ID10_F10_m10f10_P10_Y7_UO5838,ID10_F10_m10f10_P10_Y8_UO7159,MXY,1,0.0,1,0,0.0,0,0,0,-9999.0,0.185546875,1,P9_CV0,2,0,2,0,2
10,44.097,-122.493,ID10_F10_m10f10_P10_Y9_UO5942,ID10_F10_m10f10_P10_Y7_UO2601,ID10_F10_m10f10_P10_Y8_UO3371,FXX,1,0.0,1,0,1.0,0,0,0,-9999.0,0.212890625,1,P9_CV0,2,0,2,1,1
10,44.097,-122.493,ID10_F10_m10f10_P10_Y9_UO5943,ID10_F10_m10f10_P10_Y7_UO2601,ID10_F10_m10f10_P10_Y8_UO3371,FXX,1,0.0,1,0,1.0,0,0,0,-9999.0,0.212890625,1,P9_CV0,2,0,2,1,1
10,44.097,-122.493,ID10_F10_m10f10_P10_Y9_UO6046,ID10_F10_m10f10_P10_Y6_UO5678,ID10_F10_m10f10_P10_Y8_UO1740,MXY,1,0.0,1,0,0.0,0,0,0,-9999.0,0.203125,1,P9_CV0,2,0,2,1,1
10,44.097,-122.493,ID10_F10_m10f10_P10_Y9_UO6047,ID10_F10_m10f10_P10_Y6_UO5678,ID10_F10_m10f10_P10_Y8_UO1740,FXX,1,0.0,1,0,1.0,0,0,0,-9999.0,0.203125,1,P9_CV0,2,0,2,1,1
10,44.097,-122.493,ID10_F10_m10f10_P10_Y9_UO6048,ID10_F10_m10f10_P10_Y6_UO5678,ID10_F10_m10f10_P10_Y8_UO1740,FXX,1,0.0,1,0,1.0,0,0,0,-9999.0,0.203125,1,P9_CV0,2,0,2,1,1
10,44.097,-122.493,ID10_F10_m10f10_P10_Y8_UO2557,ID10_F10_m10f10_P10_Y4_UO4026,ID10_F10_m10f10_P10_Y7_UO4093,FXX,2,0.0,1,0,1.0,0,0,0,-9999.0,0.234375,1,P9_CV0,2,0,2,1,1
10,44.097,-122.493,ID10_F10_m10f10_P10_Y8_UO4604,ID10_F10_m10f10_P10_Y6_UO5055,ID10_F10_m10f10_P10_Y7_UO4610,MXY,2,0.0,1,0,0.0,0,0,0,-9999.0,0.1875,1,P9_CV0,2,0,2,0,2
10,44.097,-122.493,ID10_F10_m10f10_P10_Y8_UO7288,ID10_F10_m10f10_P10_Y6_UO105,ID10_F10_m10f10_P10_Y7_UO2398,FXX,2,0.0,1,0,1.0,0,0,0,-9999.0,0.21875,1,P9_CV0,2,0,2,1,1
10,44.097,-122.493,ID10_F10_m10f10_P10_Y8_UO7437,ID10_F10_m10f10_P10_Y6_UO3619,ID10_F10_m10f10_P10_Y7_UO2801,MXY,2,0.0,1,0,0.0,0,0,0,-9999.0,0.21484375,1,P9_CV0,2,0,2,0,2
10,44.097,-122.493,ID10_F10_m10f10_P10_Y8_UO6810,ID10_F10_m10f10_P10_Y6_UO5678,ID10_F10_m10f10_P10_Y6_UO3556,MXY,2,0.0,1,0,0.0,0,0,0,-9999.0,0.25,1,P9_CV0,2,0,2,2,0
10,44.097,-122.493,ID10_F10_m10f10_P10_Y8_UO4792,ID10_F10_m10f10_P10_Y6_UO6202,ID10_F10_m10f10_P10_Y7_UO2872,FXX,2,0.0,1,0,1.0,0,0,0,-9999.0,0.1953125,1,P9_CV0,2,0,2,2,0
10,44.097,-122.493,ID10_F10_m10f10_P10_Y8_UO4598,ID10_F10_m10f10_P10_Y6_UO4297,ID10_F10_m10f10_P10_Y7_UO4099,MXY,2,0.0,1,0,0.0,0,0,0,-9999.0,0.1484375,1,P9_CV0,2,0,2,1,1
10,44.097,-122.493,ID10_F10_m10f10_P10_Y8_UO1082,ID10_F10_m10f10_P10_Y6_UO4297,ID10_F10_m10f10_P10_Y6_UO4393,MXY,2,0.0,1,0,0.0,0,0,0,-9999.0,0.1640625,1,P9_CV0,2,0,2,2,0
10,44.097,-122.493,ID10_F10_m10f10_P10_Y8_UO4213,ID10_F10_m10f10_P10_Y6_UO4939,ID10_F10_m10f10_P10_Y7_UO1952,MXY,2,0.0,1,0,0.0,0,0,0,-9999.0,0.1875,1,P9_CV0,2,0,2,1,1
10,44.097,-122.493,ID10_F10_m10f10_P10_Y8_UO2172,ID10_F10_m10f10_P10_Y6_UO2869,ID10_F10_m10f10_P10_Y6_UO4682,MXY,2,0.0,1,0,0.0,0,0,0,-9999.0,0.2265625,1,P9_CV0,2,0,2,2,0
10,44.097,-122.493,ID10_F10_m10f10_P10_Y8_UO5150,ID10_F10_m10f10_P10_Y5_UO2806,ID10_F10_m10f10_P10_Y7_UO774,FXX,2,0.0,1,0,1.0,0,0,0,-9999.0,0.1796875,1,P9_CV0,2,0,2,1,1
10,44.097,-122.493,ID10_F10_m10f10_P10_Y8_UO638,ID10_F10_m10f10_P10_Y4_UO3532,ID10_F10_m10f10_P10_Y6_UO5684,FXX,2,0.0,1,0,1.0,0,0,0,-9999.0,0.109375,1,P9_CV0,2,0,2,1,1
10,44.097,-122.493,ID10_F10_m10f10_P10_Y8_UO515,ID10_F10_m10f10_P10_Y6_UO5048,ID10_F10_m10f10_P10_Y7_UO2801,FXX,2,0.0,1,0,1.0,0,0,0,-9999.0,0.16796875,1,P9_CV0,2,0,2,1,1
10,44.097,-122.493,ID10_F10_m10f10_P10_Y8_UO7159,ID10_F10_m10f10_P10_Y6_UO2868,ID10_F10_m10f10_P10_Y7_UO4878,MXY,2,0.0,1,0,0.0,0,0,0,-9999.0,0.19140625,1,P9_CV0,2,0,2,0,2
10,44.097,-122.493,ID10_F10_m10f10_P10_Y8_UO2558,ID10_F10_m10f10_P10_Y4_UO4026,ID10_F10_m10f10_P10_Y7_UO4093,MXY,2,0.0,1,0,0.0,0,0,0,-9999.0,0.234375,1,P9_CV0,2,0,2,2,0
10,44.097,-122.493,ID10_F10_m10f10_P10_Y8_UO4790,ID10_F10_m10f10_P10_Y6_UO6202,ID10_F10_m10f10_P10_Y7_UO2872,FXX,2,0.0,1,0,1.0,0,0,0,-9999.0,0.1953125,1,P9_CV0,2,0,2,1,1
10,44.097,-122.493,ID10_F10_m10f10_P10_Y8_UO7030,ID10_F10_m10f10_P10_Y6_UO7018,ID10_F10_m10f10_P10_Y7_UO4093,FXX,2,0.0,1,0,1.0,0,0,0,-9999.0,0.18359375,1,P9_CV0,2,0,2,0,2
10,44.097,-122.493,ID10_F10_m10f10_P10_Y8_UO426,ID10_F10_m10f10_P10_Y5_UO2797,ID10_F10_m10f10_P10_Y7_UO4361,MXY,2,0.0,1,0,0.0,0,0,0,-9999.0,0.1640625,1,P9_CV0,2,0,2,0,2
10,44.097,-122.493,ID10_F10_m10f10_P10_Y8_UO4028,ID10_F10_m10f10_P10_Y6_UO3830,ID10_F10_m10f10_P10_Y7_UO1630,FXX,2,0.0,1,0,1.0,0,0,0,-9999.0,0.140625,1,P9_CV0,2,0,2,0,2
10,44.097,-122.493,ID10_F10_m10f10_P10_Y8_UO4807,ID10_F10_m10f10_P10_Y6_UO110,ID10_F10_m10f10_P10_Y6_UO1437,MXY,2,0.0,1,0,0.0,0,0,0,-9999.0,0.1484375,1,P9_CV0,2,0,2,2,0
10,44.097,-122.493,ID10_F10_m10f10_P10_Y8_UO3926,ID10_F10_m10f10_P10_Y6_UO1373,ID10_F10_m10f10_P10_Y6_UO6644,MXY,2,0.0,1,0,0.0,0,0,0,-9999.0,0.17578125,1,P9_CV0,2,0,2,0,2
10,44.097,-122.493,ID10_F10_m10f10_P10_Y8_UO4258,ID10_F10_m10f10_P10_Y4_UO4633,ID10_F10_m10f10_P10_Y6_UO1437,FXX,2,0.0,1,0,1.0,0,0,0,-9999.0,0.1953125,1,P9_CV0,2,0,2,2,0
10,44.097,-122.493,ID10_F10_m10f10_P10_Y8_UO7431,ID10_F10_m10f10_P10_Y6_UO3619,ID10_F10_m10f10_P10_Y7_UO2801,MXY,2,0.0,1,0,0.0,0,0,0,-9999.0,0.21484375,1,P9_CV0,2,0,2,0,2
10,44.097,-122.493,ID10_F10_m10f10_P10_Y8_UO550,ID10_F10_m10f10_P10_Y6_UO64,ID10_F10_m10f10_P10_Y7_UO4361,FXX,2,0.0,1,0,1.0,0,0,0,-9999.0,0.2421875,1,P9_CV0,2,0,2,1,1
10,44.097,-122.493,ID10_F10_m10f10_P10_Y8_UO3118,ID10_F10_m10f10_P10_Y6_UO4939,ID10_F10_m10f10_P10_Y6_UO2390,MXY,2,0.0,1,0,0.0,0,0,0,-9999.0,0.16796875,1,P9_CV0,2,0,2,1,1
10,44.097,-122.493,ID10_F10_m10f10_P10_Y8_UO2177,ID10_F10_m10f10_P10_Y6_UO2869,ID10_F10_m10f10_P10_Y6_UO4682,FXX,2,0.0,1,0,1.0,0,0,0,-9999.0,0.2265625,1,P9_CV0,2,0,2,1,1
10,44.097,-122.493,ID10_F10_m10f10_P10_Y8_UO2481,ID10_F10_m10f10_P10_Y6_UO3563,ID10_F10_m10f10_P10_Y7_UO3820,FXX,2,0.0,1,0,1.0,0,0,0,-9999.0,0.15234375,1,P9_CV0,2,0,2,1,1
10,44.097,-122.493,ID10_F10_m10f10_P10_Y8_UO4663,ID10_F10_m10f10_P10_Y6_UO7026,ID10_F10_m10f10_P10_Y7_UO1649,FXX,2,0.0,1,0,1.0,0,0,0,-9999.0,0.19140625,1,P9_CV0,2,0,2,0,2
10,44.097,-122.493,ID10_F10_m10f10_P10_Y8_UO7029,ID10_F10_m10f10_P10_Y6_UO7018,ID10_F10_m10f10_P10_Y7_UO4093,FXX,2,0.0,1,0,1.0,0,0,0,-9999.0,0.18359375,1,P9_CV0,2,0,2,0,2
10,44.097,-122.493,ID10_F10_m10f10_P10_Y8_UO6984,ID10_F10_m10f10_P10_Y6_UO5046,ID10_F10_m10f10_P10_Y7_UO5780,MXY,2,0.0,1,0,0.0,0,0,0,-9999.0,0.21484375,1,P9_CV0,2,0,2,2,0
10,44.097,-122.493,ID10_F10_m10f10_P10_Y8_UO5139,ID10_F10_m10f10_P10_Y6_UO5680,ID10_F10_m10f10_P10_Y7_UO3816,MXY,2,0.0,1,0,0.0,0,0,0,-9999.0,0.19140625,1,P9_CV0,2,0,2,1,1
10,44.097,-122.493,ID10_F10_m10f10_P10_Y8_UO2081,ID10_F10_m10f10_P10_Y6_UO1798,ID10_F10_m10f10_P10_Y6_UO3531,FXX,2,0.0,1,0,1.0,0,0,0,-9999.0,0.1328125,1,P9_CV0,2,0,2,2,0
10,44.097,-122.493,ID10_F10_m10f10_P10_Y8_UO710,ID10_F10_m10f10_P10_Y5_UO3686,ID10_F10_m10f10_P10_Y6_UO1923,MXY,2,0.0,1,0,0.0,0,0,0,-9999.0,0.17578125,1,P9_CV0,2,0,2,2,0
10,44.097,-122.493,ID10_F10_m10f10_P10_Y8_UO2176,ID10_F10_m10f10_P10_Y6_UO2869,ID10_F10_m10f10_P10_Y6_UO4682,MXY,2,0.0,1,0,0.0,0,0,0,-9999.0,0.2265625,1,P9_CV0,2,0,2,1,1
10,44.097,-122.493,ID10_F10_m10f10_P10_Y8_UO4907,ID10_F10_m10f10_P10_Y4_UO6671,ID10_F10_m10f10_P10_Y7_UO4616,MXY,2,0.0,1,0,0.0,0,0,0,-9999.0,0.265625,1,P9_CV0,2,0,2,1,1
10,44.097,-122.493,ID10_F10_m10f10_P10_Y8_UO6806,ID10_F10_m10f10_P10_Y6_UO5678,ID10_F10_m10f10_P10_Y6_UO3556,FXX,2,0.0,1,0,1.0,0,0,0,-9999.0,0.25,1,P9_CV0,2,0,2,2,0
10,44.097,-122.493,ID10_F10_m10f10_P10_Y8_UO1547,ID10_F10_m10f10_P10_Y6_UO1798,ID10_F10_m10f10_P10_Y6_UO4298,FXX,2,0.0,1,0,1.0,0,0,0,-9999.0,0.1484375,1,P9_CV0,2,0,2,2,0
10,44.097,-122.493,ID10_F10_m10f10_P10_Y8_UO2553,ID10_F10_m10f10_P10_Y4_UO4026,ID10_F10_m10f10_P10_Y7_UO4093,MXY,2,0.0,1,0,0.0,0,0,0,-9999.0,0.234375,1,P9_CV0,2,0,2,2,0
10,44.097,-122.493,ID10_F10_m10f10_P10_Y8_UO6826,ID10_F10_m10f10_P10_Y6_UO6638,ID10_F10_m10f10_P10_Y6_UO6483,MXY,2,0.0,1,0,0.0,0,0,0,-9999.0,0.1640625,1,P9_CV0,2,0,2,2,0
10,44.097,-122.493,ID10_F10_m10f10_P10_Y8_UO6344,ID10_F10_m10f10_P10_Y6_UO4293,ID10_F10_m10f10_P10_Y6_UO958,MXY,2,0.0,1,0,0.0,0,0,0,-9999.0,0.2109375,1,P9_CV0,2,0,2,1,1
10,44.097,-122.493,ID10_F10_m10f10_P10_Y8_UO18,ID10_F10_m10f10_P10_Y6_UO2868,ID10_F10_m10f10_P10_Y7_UO1707,MXY,2,0.0,1,0,0.0,0,0,0,-9999.0,0.19921875,1,P9_CV0,2,0,2,0,2
10,44.097,-122.493,ID10_F10_m10f10_P10_Y8_UO6860,ID10_F10_m10f10_P10_Y5_UO2117,ID10_F10_m10f10_P10_Y7_UO696,FXX,2,0.0,1,0,1.0,0,0,0,-9999.0,0.19140625,1,P9_CV0,2,0,2,2,0
10,44.097,-122.493,ID10_F10_m10f10_P10_Y8_UO4022,ID10_F10_m10f10_P10_Y6_UO4293,ID10_F10_m10f10_P10_Y7_UO4786,MXY,2,0.0,1,0,0.0,0,0,0,-9999.0,0.19140625,1,P9_CV0,2,0,2,1,1
10,44.097,-122.493,ID10_F10_m10f10_P10_Y8_UO2173,ID10_F10_m10f10_P10_Y6_UO2869,ID10_F10_m10f10_P10_Y6_UO4682,MXY,2,0.0,1,0,0.0,0,0,0,-9999.0,0.2265625,1,P9_CV0,2,0,2,1,1
10,44.097,-122.493,ID10_F10_m10f10_P10_Y8_UO3117,ID10_F10_m10f10_P10_Y6_UO4939,ID10_F10_m10f10_P10_Y6_UO2390,FXX,2,0.0,1,0,1.0,0,0,0,-9999.0,0.16796875,1,P9_CV0,2,0,2,1,1
10,44.097,-122.493,ID10_F10_m10f10_P10_Y8_UO4606,ID10_F10_m10f10_P10_Y6_UO5055,ID10_F10_m10f10_P10_Y7_UO4610,FXX,2,0.0,1,0,1.0,0,0,0,-9999.0,0.1875,1,P9_CV0,2,0,2,0,2
10,44.097,-122.493,ID10_F10_m10f10_P10_Y8_UO4607,ID10_F10_m10f10_P10_Y6_UO5055,ID10_F10_m10f10_P10_Y7_UO4610,FXX,2,0.0,1,0,1.0,0,0,0,-9999.0,0.1875,1,P9_CV0,2,0,2,0,2
10,44.097,-122.493,ID10_F10_m10f10_P10_Y8_UO2691,ID10_F10_m10f10_P10_Y6_UO5055,ID10_F10_m10f10_P10_Y7_UO1139,FXX,2,0.0,1,0,1.0,0,0,0,-9999.0,0.18359375,1,P9_CV0,2,0,2,0,2
10,44.097,-122.493,ID10_F10_m10f10_P10_Y8_UO1548,ID10_F10_m10f10_P10_Y6_UO1798,ID10_F10_m10f10_P10_Y6_UO4298,MXY,2,0.0,1,0,0.0,0,0,0,-9999.0,0.1484375,1,P9_CV0,2,0,2,2,0
10,44.097,-122.493,ID10_F10_m10f10_P10_Y8_UO5141,ID10_F10_m10f10_P10_Y6_UO5680,ID10_F10_m10f10_P10_Y7_UO3816,MXY,2,0.0,1,0,0.0,0,0,0,-9999.0,0.19140625,1,P9_CV0,2,0,2,1,1
10,44.097,-122.493,ID10_F10_m10f10_P10_Y8_UO511,ID10_F10_m10f10_P10_Y6_UO5048,ID10_F10_m10f10_P10_Y7_UO2801,FXX,2,0.0,1,0,1.0,0,0,0,-9999.0,0.16796875,1,P9_CV0,2,0,2,1,1
10,44.097,-122.493,ID10_F10_m10f10_P10_Y8_UO2690,ID10_F10_m10f10_P10_Y6_UO5055,ID10_F10_m10f10_P10_Y7_UO1139,MXY,2,0.0,1,0,0.0,0,0,0,-9999.0,0.18359375,1,P9_CV0,2,0,2,1,1
10,44.097,-122.493,ID10_F10_m10f10_P10_Y8_UO7438,ID10_F10_m10f10_P10_Y6_UO3619,ID10_F10_m10f10_P10_Y7_UO2801,FXX,2,0.0,1,0,1.0,0,0,0,-9999.0,0.21484375,1,P9_CV0,2,0,2,0,2
10,44.097,-122.493,ID10_F10_m10f10_P10_Y8_UO1572,ID10_F10_m10f10_P10_Y4_UO2839,ID10_F10_m10f10_P10_Y7_UO4793,MXY,2,0.0,1,0,0.0,0,0,0,-9999.0,0.21484375,1,P9_CV0,2,0,2,0,2
10,44.097,-122.493,ID10_F10_m10f10_P10_Y8_UO4906,ID10_F10_m10f10_P10_Y4_UO6671,ID10_F10_m10f10_P10_Y7_UO4616,MXY,2,0.0,1,0,0.0,0,0,0,-9999.0,0.265625,1,P9_CV0,2,0,2,0,2
10,44.097,-122.493,ID10_F10_m10f10_P10_Y8_UO4253,ID10_F10_m10f10_P10_Y4_UO4633,ID10_F10_m10f10_P10_Y6_UO1437,FXX,2,0.0,1,0,1.0,0,0,0,-9999.0,0.1953125,1,P9_CV0,2,0,2,1,1
10,44.097,-122.493,ID10_F10_m10f10_P10_Y8_UO7430,ID10_F10_m10f10_P10_Y6_UO3619,ID10_F10_m10f10_P10_Y7_UO2801,FXX,2,0.0,1,0,1.0,0,0,0,-9999.0,0.21484375,1,P9_CV0,2,0,2,0,2
10,44.097,-122.493,ID10_F10_m10f10_P10_Y8_UO6133,ID10_F10_m10f10_P10_Y6_UO7018,ID10_F10_m10f10_P10_Y7_UO1642,MXY,2,0.0,1,0,0.0,0,0,0,-9999.0,0.17578125,1,P9_CV0,2,0,2,1,1
10,44.097,-122.493,ID10_F10_m10f10_P10_Y8_UO5311,ID10_F10_m10f10_P10_Y6_UO4400,ID10_F10_m10f10_P10_Y7_UO4616,FXX,2,0.0,1,0,1.0,0,0,0,-9999.0,0.2109375,1,P9_CV0,2,0,2,1,1
10,44.097,-122.493,ID10_F10_m10f10_P10_Y8_UO5463,ID10_F10_m10f10_P10_Y6_UO6202,ID10_F10_m10f10_P10_Y7_UO780,MXY,2,0.0,1,0,0.0,0,0,0,-9999.0,0.21875,1,P9_CV0,2,0,2,2,0
10,44.097,-122.493,ID10_F10_m10f10_P10_Y8_UO1567,ID10_F10_m10f10_P10_Y4_UO2839,ID10_F10_m10f10_P10_Y7_UO4793,FXX,2,0.0,1,0,1.0,0,0,0,-9999.0,0.21484375,1,P9_CV0,2,0,2,0,2
10,44.097,-122.493,ID10_F10_m10f10_P10_Y8_UO3927,ID10_F10_m10f10_P10_Y6_UO1373,ID10_F10_m10f10_P10_Y6_UO6644,FXX,2,0.0,1,0,1.0,0,0,0,-9999.0,0.17578125,1,P9_CV0,2,0,2,2,0
10,44.097,-122.493,ID10_F10_m10f10_P10_Y8_UO3628,ID10_F10_m10f10_P10_Y6_UO2866,ID10_F10_m10f10_P10_Y7_UO1705,MXY,2,0.0,1,0,0.0,0,0,0,-9999.0,0.19921875,1,P9_CV0,2,0,2,0,2
10,44.097,-122.493,ID10_F10_m10f10_P10_Y8_UO6803,ID10_F10_m10f10_P10_Y6_UO5678,ID10_F10_m10f10_P10_Y6_UO3556,FXX,2,0.0,1,0,1.0,0,0,0,-9999.0,0.25,1,P9_CV0,2,0,2,1,1
10,44.097,-122.493,ID10_F10_m10f10_P10_Y8_UO4032,ID10_F10_m10f10_P10_Y6_UO3830,ID10_F10_m10f10_P10_Y7_UO1630,FXX,2,0.0,1,0,1.0,0,0,0,-9999.0,0.140625,1,P9_CV0,2,0,2,0,2
10,44.097,-122.493,ID10_F10_m10f10_P10_Y8_UO4658,ID10_F10_m10f10_P10_Y6_UO7026,ID10_F10_m10f10_P10_Y7_UO1649,MXY,2,0.0,1,0,0.0,0,0,0,-9999.0,0.19140625,1,P9_CV0,2,0,2,0,2
10,44.097,-122.493,ID10_F10_m10f10_P10_Y8_UO2175,ID10_F10_m10f10_P10_Y6_UO2869,ID10_F10_m10f10_P10_Y6_UO4682,FXX,2,0.0,1,0,1.0,0,0,0,-9999.0,0.2265625,1,P9_CV0,2,0,2,1,1
10,44.097,-122.493,ID10_F10_m10f10_P10_Y8_UO6863,ID10_F10_m10f10_P10_Y5_UO2117,ID10_F10_m10f10_P10_Y7_UO696,FXX,2,0.0,1,0,1.0,0,0,0,-9999.0,0.19140625,1,P9_CV0,2,0,2,1,1
10,44.097,-122.493,ID10_F10_m10f10_P10_Y8_UO7027,ID10_F10_m10f10_P10_Y6_UO7018,ID10_F10_m10f10_P10_Y7_UO4093,FXX,2,0.0,1,0,1.0,0,0,0,-9999.0,0.18359375,1,P9_CV0,2,0,2,1,1
10,44.097,-122.493,ID10_F10_m10f10_P10_Y8_UO425,ID10_F10_m10f10_P10_Y5_UO2797,ID10_F10_m10f10_P10_Y7_UO4361,FXX,2,0.0,1,0,1.0,0,0,0,-9999.0,0.1640625,1,P9_CV0,2,0,2,1,1
10,44.097,-122.493,ID10_F10_m10f10_P10_Y8_UO4426,ID10_F10_m10f10_P10_Y6_UO6202,ID10_F10_m10f10_P10_Y4_UO5014,FXX,2,0.0,1,0,1.0,0,0,0,-9999.0,0.1953125,1,P9_CV0,2,0,2,2,0
10,44.097,-122.493,ID10_F10_m10f10_P10_Y8_UO7434,ID10_F10_m10f10_P10_Y6_UO3619,ID10_F10_m10f10_P10_Y7_UO2801,MXY,2,0.0,1,0,0.0,0,0,0,-9999.0,0.21484375,1,P9_CV0,2,0,2,0,2
10,44.097,-122.493,ID10_F10_m10f10_P10_Y8_UO3629,ID10_F10_m10f10_P10_Y6_UO2866,ID10_F10_m10f10_P10_Y7_UO1705,MXY,2,0.0,1,0,0.0,0,0,0,-9999.0,0.19921875,1,P9_CV0,2,0,2,0,2
10,44.097,-122.493,ID10_F10_m10f10_P10_Y8_UO4660,ID10_F10_m10f10_P10_Y6_UO7026,ID10_F10_m10f10_P10_Y7_UO1649,MXY,2,0.0,1,0,0.0,0,0,0,-9999.0,0.19140625,1,P9_CV0,2,0,2,0,2
10,44.097,-122.493,ID10_F10_m10f10_P10_Y8_UO3696,ID10_F10_m10f10_P10_Y5_UO3686,ID10_F10_m10f10_P10_Y7_UO1692,FXX,2,0.0,1,0,1.0,0,0,0,-9999.0,0.1640625,1,P9_CV0,2,0,2,1,1
10,44.097,-122.493,ID10_F10_m10f10_P10_Y7_UO1322,ID10_F10_m10f10_P10_Y4_UO4711,ID10_F10_m10f10_P10_Y5_UO52,MXY,3,0.0,1,0,0.0,0,0,0,-9999.0,0.1328125,1,P9_CV0,2,0,2,0,2
10,44.097,-122.493,ID10_F10_m10f10_P10_Y7_UO3009,ID10_F10_m10f10_P10_Y4_UO5588,ID10_F10_m10f10_P10_Y5_UO159,FXX,3,0.0,1,0,1.0,0,0,0,-9999.0,0.1875,1,P9_CV0,2,0,2,1,1
10,44.097,-122.493,ID10_F10_m10f10_P10_Y7_UO3820,ID10_F10_m10f10_P10_Y4_UO3532,ID10_F10_m10f10_P10_Y6_UO845,MXY,3,0.0,1,0,0.0,0,0,0,-9999.0,0.1796875,1,P9_CV0,2,0,2,0,2
10,44.097,-122.493,ID10_F10_m10f10_P10_Y7_UO2601,ID10_F10_m10f10_P10_Y5_UO3671,ID10_F10_m10f10_P10_Y6_UO6643,FXX,3,0.0,1,0,1.0,0,0,0,-9999.0,0.2421875,1,P9_CV0,2,0,2,2,0
10,44.097,-122.493,ID10_F10_m10f10_P10_Y7_UO3816,ID10_F10_m10f10_P10_Y4_UO3532,ID10_F10_m10f10_P10_Y6_UO845,MXY,3,0.0,1,0,0.0,0,0,0,-9999.0,0.1796875,1,P9_CV0,2,0,2,1,1
10,44.097,-122.493,ID10_F10_m10f10_P10_Y7_UO1138,ID10_F10_m10f10_P10_Y4_UO2912,ID10_F10_m10f10_P10_Y6_UO4678,FXX,3,0.0,1,0,1.0,0,0,0,-9999.0,0.2109375,1,P9_CV0,2,0,2,0,2
10,44.097,-122.493,ID10_F10_m10f10_P10_Y7_UO1893,ID10_F10_m10f10_P10_Y4_UO4026,ID10_F10_m10f10_P10_Y5_UO2345,FXX,3,0.0,1,0,1.0,0,0,0,-9999.0,0.265625,1,P9_CV0,2,0,2,0,2
10,44.097,-122.493,ID10_F10_m10f10_P10_Y7_UO2608,ID10_F10_m10f10_P10_Y4_UO966,ID10_F10_m10f10_P10_Y6_UO2354,FXX,3,0.0,1,0,1.0,0,0,0,-9999.0,0.140625,1,P9_CV0,2,0,2,0,2
10,44.097,-122.493,ID10_F10_m10f10_P10_Y7_UO4093,ID10_F10_m10f10_P10_Y4_UO4376,ID10_F10_m10f10_P10_Y4_UO6268,MXY,3,0.0,1,0,0.0,0,0,0,-9999.0,0.21875,1,P9_CV0,2,0,2,1,1
10,44.097,-122.493,ID10_F10_m10f10_P10_Y7_UO3048,ID10_F10_m10f10_P10_Y5_UO1500,ID10_F10_m10f10_P10_Y6_UO4679,MXY,3,0.0,1,0,0.0,0,0,0,-9999.0,0.15625,1,P9_CV0,2,0,2,1,1
10,44.097,-122.493,ID10_F10_m10f10_P10_Y7_UO1952,ID10_F10_m10f10_P10_Y5_UO3993,ID10_F10_m10f10_P10_Y4_UO4227,MXY,3,0.0,1,0,0.0,0,0,0,-9999.0,0.234375,1,P9_CV0,2,0,2,0,2
10,44.097,-122.493,ID10_F10_m10f10_P10_Y7_UO5780,ID10_F10_m10f10_P10_Y4_UO3062,ID10_F10_m10f10_P10_Y6_UO7263,MXY,3,0.0,1,0,0.0,0,0,0,-9999.0,0.2734375,1,P9_CV0,2,0,2,2,0
10,44.097,-122.493,ID10_F10_m10f10_P10_Y7_UO2005,ID10_F10_m10f10_P10_Y5_UO3671,ID10_F10_m10f10_P10_Y6_UO2675,FXX,3,0.0,1,0,1.0,0,0,0,-9999.0,0.265625,1,P9_CV0,2,0,2,1,1
10,44.097,-122.493,ID10_F10_m10f10_P10_Y7_UO4648,ID10_F10_m10f10_P10_Y4_UO6370,ID10_F10_m10f10_P10_Y6_UO718,FXX,3,0.0,1,0,1.0,0,0,0,-9999.0,0.2265625,1,P9_CV0,2,0,2,1,1
10,44.097,-122.493,ID10_F10_m10f10_P10_Y7_UO5695,ID10_F10_m10f10_P10_Y4_UO5588,ID10_F10_m10f10_P10_Y5_UO5082,MXY,3,0.0,1,0,0.0,0,0,0,-9999.0,0.25,1,P9_CV0,2,0,2,2,0
10,44.097,-122.493,ID10_F10_m10f10_P10_Y7_UO5779,ID10_F10_m10f10_P10_Y4_UO3062,ID10_F10_m10f10_P10_Y6_UO7263,MXY,3,0.0,1,0,0.0,0,0,0,-9999.0,0.2734375,1,P9_CV0,2,0,2,1,1
10,44.097,-122.493,ID10_F10_m10f10_P10_Y7_UO4612,ID10_F10_m10f10_P10_Y4_UO6671,ID10_F10_m10f10_P10_Y5_UO159,FXX,3,0.0,1,0,1.0,0,0,0,-9999.0,0.21875,1,P9_CV0,2,0,2,0,2
10,44.097,-122.493,ID10_F10_m10f10_P10_Y7_UO2299,ID10_F10_m10f10_P10_Y5_UO1025,ID10_F10_m10f10_P10_Y6_UO2354,FXX,3,0.0,1,0,1.0,0,0,0,-9999.0,0.203125,1,P9_CV0,2,0,2,1,1
10,44.097,-122.493,ID10_F10_m10f10_P10_Y7_UO453,ID10_F10_m10f10_P10_Y5_UO2797,ID10_F10_m10f10_P10_Y4_UO5014,MXY,3,0.0,1,0,0.0,0,0,0,-9999.0,0.15625,1,P9_CV0,2,0,2,1,1
10,44.097,-122.493,ID10_F10_m10f10_P10_Y7_UO1707,ID10_F10_m10f10_P10_Y3_UO683,ID10_F10_m10f10_P10_Y5_UO3909,MXY,3,0.0,1,0,0.0,0,0,0,-9999.0,0.2265625,1,P9_CV0,2,0,2,0,2
10,44.097,-122.493,ID10_F10_m10f10_P10_Y7_UO3635,ID10_F10_m10f10_P10_Y5_UO2117,ID10_F10_m10f10_P10_Y6_UO67,FXX,3,0.0,1,0,1.0,0,0,0,-9999.0,0.25,1,P9_CV0,2,0,2,0,2
10,44.097,-122.493,ID10_F10_m10f10_P10_Y6_UO6638,ID10_F10_m10f10_P10_Y4_UO1264,ID10_F10_m10f10_P10_Y4_UO1454,FXX,4,0.0,1,0,1.0,0,0,0,-9999.0,0.15625,1,P9_CV0,2,0,2,1,1
10,44.097,-122.493,ID10_F10_m10f10_P10_Y6_UO5757,ID10_F10_m10f10_P10_Y2_UO1583,ID10_F10_m10f10_P10_Y4_UO3466,MXY,4,0.0,1,0,0.0,0,0,0,-9999.0,0.1875,1,P9_CV0,2,0,2,2,0
10,44.097,-122.493,ID10_F10_m10f10_P10_Y6_UO3531,ID10_F10_m10f10_P10_Y4_UO5105,ID10_F10_m10f10_P10_Y5_UO2985,MXY,4,0.0,1,0,0.0,0,0,0,-9999.0,0.140625,1,P9_CV0,2,0,2,2,0
10,44.097,-122.493,ID10_F10_m10f10_P10_Y6_UO6087,ID10_F10_m10f10_P10_Y4_UO2908,ID10_F10_m10f10_P10_Y5_UO5085,MXY,4,0.0,1,0,0.0,0,0,0,-9999.0,0.1953125,1,P9_CV0,2,0,2,0,2
10,44.097,-122.493,ID10_F10_m10f10_P10_Y6_UO2675,ID10_F10_m10f10_P10_Y4_UO333,ID10_F10_m10f10_P10_Y5_UO878,MXY,4,0.0,1,0,0.0,0,0,0,-9999.0,0.203125,1,P9_CV0,2,0,2,2,0
10,44.097,-122.493,ID10_F10_m10f10_P10_Y6_UO2866,ID10_F10_m10f10_P10_Y4_UO5516,ID10_F10_m10f10_P10_Y4_UO2371,FXX,4,0.0,1,0,1.0,0,0,0,-9999.0,0.171875,1,P9_CV0,2,0,2,0,2
10,44.097,-122.493,ID10_F10_m10f10_P10_Y6_UO5678,ID10_F10_m10f10_P10_Y4_UO4633,ID10_F10_m10f10_P10_Y4_UO1454,FXX,4,0.0,1,0,1.0,0,0,0,-9999.0,0.203125,1,P9_CV0,2,0,2,2,0
10,44.097,-122.493,ID10_F10_m10f10_P10_Y6_UO3483,ID10_F10_m10f10_P10_Y4_UO6671,ID10_F10_m10f10_P10_Y5_UO3808,FXX,4,0.0,1,0,1.0,0,0,0,-9999.0,0.21875,1,P9_CV0,2,0,2,0,2
10,44.097,-122.493,ID10_F10_m10f10_P10_Y6_UO4943,ID10_F10_m10f10_P10_Y4_UO3882,ID10_F10_m10f10_P10_Y5_UO4294,FXX,4,0.0,1,0,1.0,0,0,0,-9999.0,0.140625,1,P9_CV0,2,0,2,1,1
10,44.097,-122.493,ID10_F10_m10f10_P10_Y6_UO2354,ID10_F10_m10f10_P10_Y4_UO6947,ID10_F10_m10f10_P10_Y5_UO2802,MXY,4,0.0,1,0,0.0,0,0,0,-9999.0,0.1875,1,P9_CV0,2,0,2,1,1
10,44.097,-122.493,ID10_F10_m10f10_P10_Y6_UO6202,ID10_F10_m10f10_P10_Y2_UO5088,ID10_F10_m10f10_P10_Y5_UO3991,FXX,4,0.0,1,0,1.0,0,0,0,-9999.0,0.234375,1,P9_CV0,2,0,2,1,1
10,44.097,-122.493,ID10_F10_m10f10_P10_Y6_UO1923,ID10_F10_m10f10_P10_Y3_UO2478,ID10_F10_m10f10_P10_Y5_UO3678,MXY,4,0.0,1,0,0.0,0,0,0,-9999.0,0.1796875,1,P9_CV0,2,0,2,2,0
10,44.097,-122.493,ID10_F10_m10f10_P10_Y5_UO3993,ID10_F10_m10f10_P10_Y2_UO4341,ID10_F10_m10f10_P10_Y4_UO6281,FXX,5,0.0,1,0,1.0,0,0,0,-9999.0,0.28125,1,P9_CV0,2,0,2,0,2
10,44.097,-122.493,ID10_F10_m10f10_P10_Y5_UO4221,ID10_F10_m10f10_P10_Y2_UO475,ID10_F10_m10f10_P10_Y3_UO192,MXY,5,0.0,1,0,0.0,0,0,0,-9999.0,0.125,1,P9_CV0,2,0,2,2,0
10,44.097,-122.493,ID10_F10_m10f10_P10_Y5_UO5082,ID10_F10_m10f10_P10_Y0_UO2950,ID10_F10_m10f10_P10_Y4_UO5592,MXY,5,0.0,1,0,0.0,0,0,0,-9999.0,0.25,1,P9_CV0,2,0,2,1,1
11,44.234,-122.277,ID11_F11_m11f11_P11_Y9_UO19,ID11_F11_m11f11_P11_Y7_UO4484,ID11_F11_m11f11_P11_Y8_UO2007,FXX,1,0.0,1,0,1.0,0,0,0,-9999.0,0.759765625,1,P10_CV0,1,2,0,2,0
11,44.234,-122.277,ID11_F11_m11f11_P11_Y9_UO21,ID11_F11_m11f11_P11_Y7_UO4484,ID11_F11_m11f11_P11_Y8_UO2007,FXX,1,0.0,1,0,1.0,0,0,0,-9999.0,0.759765625,1,P10_CV0,1,2,0,2,0
11,44.234,-122.277,ID11_F11_m11f11_P11_Y9_UO24,ID11_F11_m11f11_P11_Y7_UO4484,ID11_F11_m11f11_P11_Y8_UO2007,FXX,1,0.0,1,0,1.0,0,0,0,-9999.0,0.759765625,1,P10_CV0,1,2,0,2,0
11,44.234,-122.277,ID11_F11_m11f11_P11_Y9_UO25,ID11_F11_m11f11_P11_Y7_UO4484,ID11_F11_m11f11_P11_Y8_UO2007,MXY,1,0.0,1,0,0.0,0,0,0,-9999.0,0.759765625,1,P10_CV0,1,2,0,2,0
11,44.234,-122.277,ID11_F11_m11f11_P11_Y9_UO26,ID11_F11_m11f11_P11_Y7_UO4484,ID11_F11_m11f11_P11_Y8_UO2007,FXX,1,0.0,1,0,1.0,0,0,0,-9999.0,0.759765625,1,P10_CV0,1,2,0,2,0
11,44.234,-122.277,ID11_F11_m11f11_P11_Y9_UO128,ID11_F11_m11f11_P11_Y7_UO5389,ID11_F11_m11f11_P11_Y8_UO7191,FXX,1,0.0,1,0,1.0,0,0,0,-9999.0,0.80078125,1,P10_CV0,1,2,0,0,2
11,44.234,-122.277,ID11_F11_m11f11_P11_Y9_UO283,ID11_F11_m11f11_P11_Y6_UO5296,ID11_F11_m11f11_P11_Y6_UO7,FXX,1,0.0,1,0,1.0,0,0,0,-9999.0,0.7734375,1,P10_CV0,1,2,0,1,1
11,44.234,-122.277,ID11_F11_m11f11_P11_Y9_UO286,ID11_F11_m11f11_P11_Y6_UO5296,ID11_F11_m11f11_P11_Y6_UO7,MXY,1,0.0,1,0,0.0,0,0,0,-9999.0,0.7734375,1,P10_CV0,1,2,0,2,0
11,44.234,-122.277,ID11_F11_m11f11_P11_Y9_UO291,ID11_F11_m11f11_P11_Y6_UO5296,ID11_F11_m11f11_P11_Y6_UO7,MXY,1,0.0,1,0,0.0,0,0,0,-9999.0,0.7734375,1,P10_CV0,1,2,0,2,0
11,44.234,-122.277,ID11_F11_m11f11_P11_Y9_UO526,ID11_F11_m11f11_P11_Y7_UO5398,ID11_F11_m11f11_P11_Y8_UO6192,MXY,1,0.0,1,0,0.0,0,0,0,-9999.0,0.787109375,1,P10_CV0,1,2,0,1,1
11,44.234,-122.277,ID11_F11_m11f11_P11_Y9_UO528,ID11_F11_m11f11_P11_Y7_UO5398,ID11_F11_m11f11_P11_Y8_UO6192,FXX,1,0.0,1,0,1.0,0,0,0,-9999.0,0.787109375,1,P10_CV0,1,2,0,1,1
11,44.234,-122.277,ID11_F11_m11f11_P11_Y9_UO647,ID11_F11_m11f11_P11_Y6_UO4135,ID11_F11_m11f11_P11_Y8_UO934,MXY,1,0.0,1,0,0.0,0,0,0,-9999.0,0.8203125,1,P10_CV0,1,2,0,0,2
11,44.234,-122.277,ID11_F11_m11f11_P11_Y9_UO648,ID11_F11_m11f11_P11_Y6_UO4135,ID11_F11_m11f11_P11_Y8_UO934,FXX,1,0.0,1,0,1.0,0,0,0,-9999.0,0.8203125,1,P10_CV0,1,2,0,1,1
11,44.234,-122.277,ID11_F11_m11f11_P11_Y9_UO649,ID11_F11_m11f11_P11_Y6_UO4135,ID11_F11_m11f11_P11_Y8_UO934,MXY,1,0.0,1,0,0.0,0,0,0,-9999.0,0.8203125,1,P10_CV0,1,2,0,1,1
11,44.234,-122.277,ID11_F11_m11f11_P11_Y9_UO806,ID11_F11_m11f11_P11_Y6_UO7237,ID11_F11_m11f11_P11_Y8_UO4782,FXX,1,0.0,1,0,1.0,0,0,0,-9999.0,0.8125,1,P10_CV0,1,2,0,2,0
11,44.234,-122.277,ID11_F11_m11f11_P11_Y9_UO807,ID11_F11_m11f11_P11_Y6_UO7237,ID11_F11_m11f11_P11_Y8_UO4782,MXY,1,0.0,1,0,0.0,0,0,0,-9999.0,0.8125,1,P10_CV0,1,2,0,2,0
11,44.234,-122.277,ID11_F11_m11f11_P11_Y9_UO808,ID11_F11_m11f11_P11_Y6_UO7237,ID11_F11_m11f11_P11_Y8_UO4782,FXX,1,0.0,1,0,1.0,0,0,0,-9999.0,0.8125,1,P10_CV0,1,2,0,1,1
11,44.234,-122.277,ID11_F11_m11f11_P11_Y9_UO810,ID11_F11_m11f11_P11_Y6_UO7237,ID11_F11_m11f11_P11_Y8_UO4782,FXX,1,0.0,1,0,1.0,0,0,0,-9999.0,0.8125,1,P10_CV0,1,2,0,1,1
11,44.234,-122.277,ID11_F11_m11f11_P11_Y9_UO840,ID11_F11_m11f11_P11_Y7_UO5398,ID11_F11_m11f11_P11_Y8_UO5685,FXX,1,0.0,1,0,1.0,0,0,0,-9999.0,0.833984375,1,P10_CV0,1,2,0,2,0
11,44.234,-122.277,ID11_F11_m11f11_P11_Y9_UO844,ID11_F11_m11f11_P11_Y7_UO5398,ID11_F11_m11f11_P11_Y8_UO5685,FXX,1,0.0,1,0,1.0,0,0,0,-9999.0,0.833984375,1,P10_CV0,1,2,0,2,0
11,44.234,-122.277,ID11_F11_m11f11_P11_Y9_UO881,ID11_F11_m11f11_P11_Y6_UO2163,ID11_F11_m11f11_P11_Y7_UO3221,MXY,1,0.0,1,0,0.0,0,0,0,-9999.0,0.80078125,1,P10_CV0,1,2,0,1,1
11,44.234,-122.277,ID11_F11_m11f11_P11_Y9_UO882,ID11_F11_m11f11_P11_Y6_UO2163,ID11_F11_m11f11_P11_Y7_UO3221,FXX,1,0.0,1,0,1.0,0,0,0,-9999.0,0.80078125,1,P10_CV0,1,2,0,2,0
11,44.234,-122.277,ID11_F11_m11f11_P11_Y9_UO1090,ID11_F11_m11f11_P11_Y7_UO2531,ID11_F11_m11f11_P11_Y8_UO63,MXY,1,0.0,1,0,0.0,0,0,0,-9999.0,0.814453125,1,P10_CV0,1,2,0,0,2
11,44.234,-122.277,ID11_F11_m11f11_P11_Y9_UO1091,ID11_F11_m11f11_P11_Y7_UO2531,ID11_F11_m11f11_P11_Y8_UO63,MXY,1,0.0,1,0,0.0,0,0,0,-9999.0,0.814453125,1,P10_CV0,1,2,0,1,1
11,44.234,-122.277,ID11_F11_m11f11_P11_Y9_UO1093,ID11_F11_m11f11_P11_Y7_UO2531,ID11_F11_m11f11_P11_Y8_UO63,MXY,1,0.0,1,0,0.0,0,0,0,-9999.0,0.814453125,1,P10_CV0,1,2,0,0,2
11,44.234,-122.277,ID11_F11_m11f11_P11_Y9_UO1094,ID11_F11_m11f11_P11_Y7_UO2531,ID11_F11_m11f11_P11_Y8_UO63,MXY,1,0.0,1,0,0.0,0,0,0,-9999.0,0.814453125,1,P10_CV0,1,2,0,1,1
11,44.234,-122.277,ID11_F11_m11f11_P11_Y9_UO1097,ID11_F11_m11f11_P11_Y7_UO2531,ID11_F11_m11f11_P11_Y8_UO63,FXX,1,0.0,1,0,1.0,0,0,0,-9999.0,0.814453125,1,P10_CV0,1,2,0,1,1
11,44.234,-122.277,ID11_F11_m11f11_P11_Y9_UO1098,ID11_F11_m11f11_P11_Y7_UO2531,ID11_F11_m11f11_P11_Y8_UO63,MXY,1,0.0,1,0,0.0,0,0,0,-9999.0,0.814453125,1,P10_CV0,1,2,0,0,2
11,44.234,-122.277,ID11_F11_m11f11_P11_Y9_UO1231,ID11_F11_m11f11_P11_Y7_UO799,ID11_F11_m11f11_P11_Y7_UO3286,FXX,1,0.0,1,0,1.0,0,0,0,-9999.0,0.78515625,1,P10_CV0,1,2,0,1,1
11,44.234,-122.277,ID11_F11_m11f11_P11_Y9_UO1233,ID11_F11_m11f11_P11_Y7_UO799,ID11_F11_m11f11_P11_Y7_UO3286,MXY,1,0.0,1,0,0.0,0,0,0,-9999.0,0.78515625,1,P10_CV0,1,2,0,2,0
11,44.234,-122.277,ID11_F11_m11f11_P11_Y9_UO1405,ID11_F11_m11f11_P11_Y6_UO6141,ID11_F11_m11f11_P11_Y8_UO3944,FXX,1,0.0,1,0,1.0,0,0,0,-9999.0,0.78515625,1,P10_CV0,1,2,0,2,0
11,44.234,-122.277,ID11_F11_m11f11_P11_Y9_UO1547,ID11_F11_m11f11_P11_Y7_UO2630,ID11_F11_m11f11_P11_Y8_UO3650,FXX,1,0.0,1,0,1.0,0,0,0,-9999.0,0.78515625,1,P10_CV0,1,2,0,2,0
11,44.234,-122.277,ID11_F11_m11f11_P11_Y9_UO1548,ID11_F11_m11f11_P11_Y7_UO2630,ID11_F11_m11f11_P11_Y8_UO3650,MXY,1,0.0,1,0,0.0,0,0,0,-9999.0,0.78515625,1,P10_CV0,1,2,0,2,0
11,44.234,-122.277,ID11_F11_m11f11_P11_Y9_UO1550,ID11_F11_m11f11_P11_Y7_UO2630,ID11_F11_m11f11_P11_Y8_UO3650,FXX,1,0.0,1,0,1.0,0,0,0,-9999.0,0.78515625,1,P10_CV0,1,2,0,2,0
11,44.234,-122.277,ID11_F11_m11f11_P11_Y9_UO1617,ID11_F11_m11f11_P11_Y6_UO6493,ID11_F11_m11f11_P11_Y7_UO3892,MXY,1,0.0,1,0,0.0,0,0,0,-9999.0,0.8046875,1,P10_CV0,1,2,0,1,1
11,44.234,-122.277,ID11_F11_m11f11_P11_Y9_UO1620,ID11_F11_m11f11_P11_Y6_UO6493,ID11_F11_m11f11_P11_Y7_UO3892,MXY,1,0.0,1,0,0.0,0,0,0,-9999.0,0.8046875,1,P10_CV0,1,2,0,2,0
11,44.234,-122.277,ID11_F11_m11f11_P11_Y9_UO1621,ID11_F11_m11f11_P11_Y6_UO6493,ID11_F11_m11f11_P11_Y7_UO3892,FXX,1,0.0,1,0,1.0,0,0,0,-9999.0,0.8046875,1,P10_CV0,1,2,0,1,1
11,44.234,-122.277,ID11_F11_m11f11_P11_Y9_UO1794,ID11_F11_m11f11_P11_Y6_UO6141,ID11_F11_m11f11_P11_Y8_UO7191,MXY,1,0.0,1,0,0.0,0,0,0,-9999.0,0.75390625,1,P10_CV0,1,2,0,2,0
11,44.234,-122.277,ID11_F11_m11f11_P11_Y9_UO2013,ID11_F11_m11f11_P11_Y7_UO5396,ID11_F11_m11f11_P11_Y8_UO478,FXX,1,0.0,1,0,1.0,0,0,0,-9999.0,0.802734375,1,P10_CV0,1,2,0,1,1
11,44.234,-122.277,ID11_F11_m11f11_P11_Y9_UO2015,ID11_F11_m11f11_P11_Y7_UO5396,ID11_F11_m11f11_P11_Y8_UO478,MXY,1,0.0,1,0,0.0,0,0,0,-9999.0,0.802734375,1,P10_CV0,1,2,0,1,1
11,44.234,-122.277,ID11_F11_m11f11_P11_Y9_UO2016,ID11_F11_m11f11_P11_Y7_UO5396,ID11_F11_m11f11_P11_Y8_UO478,FXX,1,0.0,1,0,1.0,0,0,0,-9999.0,0.802734375,1,P10_CV0,1,2,0,0,2
11,44.234,-122.277,ID11_F11_m11f11_P11_Y9_UO2017,ID11_F11_m11f11_P11_Y7_UO5396,ID11_F11_m11f11_P11_Y8_UO478,FXX,1,0.0,1,0,1.0,0,0,0,-9999.0,0.802734375,1,P10_CV0,1,2,0,0,2
11,44.234,-122.277,ID11_F11_m11f11_P11_Y9_UO2024,ID11_F11_m11f11_P11_Y7_UO5396,ID11_F11_m11f11_P11_Y8_UO478,MXY,1,0.0,1,0,0.0,0,0,0,-9999.0,0.802734375,1,P10_CV0,1,2,0,0,2
11,44.234,-122.277,ID11_F11_m11f11_P11_Y9_UO2025,ID11_F11_m11f11_P11_Y7_UO5396,ID11_F11_m11f11_P11_Y8_UO478,MXY,1,0.0,1,0,0.0,0,0,0,-9999.0,0.802734375,1,P10_CV0,1,2,0,1,1
11,44.234,-122.277,ID11_F11_m11f11_P11_Y9_UO2027,ID11_F11_m11f11_P11_Y7_UO799,ID11_F11_m11f11_P11_Y6_UO5112,FXX,1,0.0,1,0,1.0,0,0,0,-9999.0,0.7265625,1,P10_CV0,1,2,0,0,2
11,44.234,-122.277,ID11_F11_m11f11_P11_Y9_UO2028,ID11_F11_m11f11_P11_Y7_UO799,ID11_F11_m11f11_P11_Y6_UO5112,FXX,1,0.0,1,0,1.0,0,0,0,-9999.0,0.7265625,1,P10_CV0,1,2,0,0,2
11,44.234,-122.277,ID11_F11_m11f11_P11_Y9_UO2030,ID11_F11_m11f11_P11_Y7_UO799,ID11_F11_m11f11_P11_Y6_UO5112,FXX,1,0.0,1,0,1.0,0,0,0,-9999.0,0.7265625,1,P10_CV0,1,2,0,0,2
11,44.234,-122.277,ID11_F11_m11f11_P11_Y9_UO2031,ID11_F11_m11f11_P11_Y7_UO799,ID11_F11_m11f11_P11_Y6_UO5112,MXY,1,0.0,1,0,0.0,0,0,0,-9999.0,0.7265625,1,P10_CV0,1,2,0,0,2
11,44.234,-122.277,ID11_F11_m11f11_P11_Y9_UO2042,ID11_F11_m11f11_P11_Y7_UO3223,ID11_F11_m11f11_P11_Y7_UO576,MXY,1,0.0,1,0,0.0,0,0,0,-9999.0,0.78515625,1,P10_CV0,1,2,0,1,1
11,44.234,-122.277,ID11_F11_m11f11_P11_Y9_UO2043,ID11_F11_m11f11_P11_Y7_UO3223,ID11_F11_m11f11_P11_Y7_UO576,MXY,1,0.0,1,0,0.0,0,0,0,-9999.0,0.78515625,1,P10_CV0,1,2,0,1,1
11,44.234,-122.277,ID11_F11_m11f11_P11_Y9_UO2044,ID11_F11_m11f11_P11_Y7_UO3223,ID11_F11_m11f11_P11_Y7_UO576,FXX,1,0.0,1,0,1.0,0,0,0,-9999.0,0.78515625,1,P10_CV0,1,2,0,1,1
11,44.234,-122.277,ID11_F11_m11f11_P11_Y9_UO2092,ID11_F11_m11f11_P11_Y6_UO793,ID11_F11_m11f11_P11_Y8_UO1,MXY,1,0.0,1,0,0.0,0,0,0,-9999.0,0.794921875,1,P10_CV0,1,2,0,2,0
11,44.234,-122.277,ID11_F11_m11f11_P11_Y9_UO2280,ID11_F11_m11f11_P11_Y6_UO3630,ID11_F11_m11f11_P11_Y6_UO5074,MXY,1,0.0,1,0,0.0,0,0,0,-9999.0,0.78125,1,P10_CV0,1,2,0,1,1
11,44.234,-122.277,ID11_F11_m11f11_P11_Y9_UO2282,ID11_F11_m11f11_P11_Y6_UO3630,ID11_F11_m11f11_P11_Y6_UO5074,FXX,1,0.0,1,0,1.0,0,0,0,-9999.0,0.78125,1,P10_CV0,1,2,0,1,1
11,44.234,-122.277,ID11_F11_m11f11_P11_Y9_UO2640,ID11_F11_m11f11_P11_Y7_UO3592,ID11_F11_m11f11_P11_Y7_UO2534,FXX,1,0.0,1,0,1.0,0,0,0,-9999.0,0.77734375,1,P10_CV0,1,2,0,2,0
11,44.234,-122.277,ID11_F11_m11f11_P11_Y9_UO2646,ID11_F11_m11f11_P11_Y7_UO3592,ID11_F11_m11f11_P11_Y7_UO2534,FXX,1,0.0,1,0,1.0,0,0,0,-9999.0,0.77734375,1,P10_CV0,1,2,0,2,0
11,44.234,-122.277,ID11_F11_m11f11_P11_Y9_UO2903,ID11_F11_m11f11_P11_Y7_UO573,ID11_F11_m11f11_P11_Y8_UO6251,FXX,1,0.0,1,0,1.0,0,0,0,-9999.0,0.744140625,1,P10_CV0,1,2,0,2,0
11,44.234,-122.277,ID11_F11_m11f11_P11_Y9_UO2904,ID11_F11_m11f11_P11_Y7_UO573,ID11_F11_m11f11_P11_Y8_UO6251,FXX,1,0.0,1,0,1.0,0,0,0,-9999.0,0.744140625,1,P10_CV0,1,2,0,1,1
11,44.234,-122.277,ID11_F11_m11f11_P11_Y9_UO2905,ID11_F11_m11f11_P11_Y7_UO573,ID11_F11_m11f11_P11_Y8_UO6251,FXX,1,0.0,1,0,1.0,0,0,0,-9999.0,0.744140625,1,P10_CV0,1,2,0,1,1
11,44.234,-122.277,ID11_F11_m11f11_P11_Y9_UO2906,ID11_F11_m11f11_P11_Y7_UO573,ID11_F11_m11f11_P11_Y8_UO6251,MXY,1,0.0,1,0,0.0,0,0,0,-9999.0,0.744140625,1,P10_CV0,1,2,0,1,1
11,44.234,-122.277,ID11_F11_m11f11_P11_Y9_UO2907,ID11_F11_m11f11_P11_Y7_UO573,ID11_F11_m11f11_P11_Y8_UO6251,MXY,1,0.0,1,0,0.0,0,0,0,-9999.0,0.744140625,1,P10_CV0,1,2,0,1,1
11,44.234,-122.277,ID11_F11_m11f11_P11_Y9_UO2908,ID11_F11_m11f11_P11_Y7_UO573,ID11_F11_m11f11_P11_Y8_UO6251,FXX,1,0.0,1,0,1.0,0,0,0,-9999.0,0.744140625,1,P10_CV0,1,2,0,2,0
11,44.234,-122.277,ID11_F11_m11f11_P11_Y9_UO2909,ID11_F11_m11f11_P11_Y7_UO573,ID11_F11_m11f11_P11_Y8_UO6251,FXX,1,0.0,1,0,1.0,0,0,0,-9999.0,0.744140625,1,P10_CV0,1,2,0,1,1
11,44.234,-122.277,ID11_F11_m11f11_P11_Y9_UO2910,ID11_F11_m11f11_P11_Y7_UO573,ID11_F11_m11f11_P11_Y8_UO6251,MXY,1,0.0,1,0,0.0,0,0,0,-9999.0,0.744140625,1,P10_CV0,1,2,0,1,1
11,44.234,-122.277,ID11_F11_m11f11_P11_Y9_UO2912,ID11_F11_m11f11_P11_Y7_UO573,ID11_F11_m11f11_P11_Y8_UO6251,FXX,1,0.0,1,0,1.0,0,0,0,-9999.0,0.744140625,1,P10_CV0,1,2,0,2,0
11,44.234,-122.277,ID11_F11_m11f11_P11_Y9_UO2913,ID11_F11_m11f11_P11_Y7_UO573,ID11_F11_m11f11_P11_Y8_UO6251,FXX,1,0.0,1,0,1.0,0,0,0,-9999.0,0.744140625,1,P10_CV0,1,2,0,2,0
11,44.234,-122.277,ID11_F11_m11f11_P11_Y9_UO3093,ID11_F11_m11f11_P11_Y7_UO2528,ID11_F11_m11f11_P11_Y8_UO7544,MXY,1,0.0,1,0,0.0,0,0,0,-9999.0,0.80078125,1,P10_CV0,1,2,0,1,1
11,44.234,-122.277,ID11_F11_m11f11_P11_Y9_UO3098,ID11_F11_m11f11_P11_Y7_UO2528,ID11_F11_m11f11_P11_Y8_UO7544,MXY,1,0.0,1,0,0.0,0,0,0,-9999.0,0.80078125,1,P10_CV0,1,2,0,1,1
11,44.234,-122.277,ID11_F11_m11f11_P11_Y9_UO3099,ID11_F11_m11f11_P11_Y7_UO2528,ID11_F11_m11f11_P11_Y8_UO7544,FXX,1,0.0,1,0,1.0,0,0,0,-9999.0,0.80078125,1,P10_CV0,1,2,0,0,2
11,44.234,-122.277,ID11_F11_m11f11_P11_Y9_UO3100,ID11_F11_m11f11_P11_Y7_UO2528,ID11_F11_m11f11_P11_Y8_UO7544,MXY,1,0.0,1,0,0.0,0,0,0,-9999.0,0.80078125,1,P10_CV0,1,2,0,1,1
11,44.234,-122.277,ID11_F11_m11f11_P11_Y9_UO3102,ID11_F11_m11f11_P11_Y7_UO2528,ID11_F11_m11f11_P11_Y8_UO7544,MXY,1,0.0,1,0,0.0,0,0,0,-9999.0,0.80078125,1,P10_CV0,1,2,0,0,2
11,44.234,-122.277,ID11_F11_m11f11_P11_Y9_UO3105,ID11_F11_m11f11_P11_Y7_UO2528,ID11_F11_m11f11_P11_Y8_UO7544,FXX,1,0.0,1,0,1.0,0,0,0,-9999.0,0.80078125,1,P10_CV0,1,2,0,0,2
11,44.234,-122.277,ID11_F11_m11f11_P11_Y9_UO3106,ID11_F11_m11f11_P11_Y7_UO2528,ID11_F11_m11f11_P11_Y8_UO7544,FXX,1,0.0,1,0,1.0,0,0,0,-9999.0,0.80078125,1,P10_CV0,1,2,0,1,1
11,44.234,-122.277,ID11_F11_m11f11_P11_Y9_UO3280,ID11_F11_m11f11_P11_Y6_UO4135,ID11_F11_m11f11_P11_Y8_UO7544,MXY,1,0.0,1,0,0.0,0,0,0,-9999.0,0.83984375,1,P10_CV0,1,2,0,2,0
11,44.234,-122.277,ID11_F11_m11f11_P11_Y9_UO3281,ID11_F11_m11f11_P11_Y6_UO4135,ID11_F11_m11f11_P11_Y8_UO7544,MXY,1,0.0,1,0,0.0,0,0,0,-9999.0,0.83984375,1,P10_CV0,1,2,0,2,0
11,44.234,-122.277,ID11_F11_m11f11_P11_Y9_UO3284,ID11_F11_m11f11_P11_Y6_UO4135,ID11_F11_m11f11_P11_Y8_UO7544,MXY,1,0.0,1,0,0.0,0,0,0,-9999.0,0.83984375,1,P10_CV0,1,2,0,1,1
11,44.234,-122.277,ID11_F11_m11f11_P11_Y9_UO3285,ID11_F11_m11f11_P11_Y6_UO4135,ID11_F11_m11f11_P11_Y8_UO7544,MXY,1,0.0,1,0,0.0,0,0,0,-9999.0,0.83984375,1,P10_CV0,1,2,0,0,2
11,44.234,-122.277,ID11_F11_m11f11_P11_Y9_UO4034,ID11_F11_m11f11_P11_Y6_UO2739,ID11_F11_m11f11_P11_Y8_UO1599,MXY,1,0.0,1,0,0.0,0,0,0,-9999.0,0.83984375,1,P10_CV0,1,2,0,2,0
11,44.234,-122.277,ID11_F11_m11f11_P11_Y9_UO4037,ID11_F11_m11f11_P11_Y6_UO2739,ID11_F11_m11f11_P11_Y8_UO1599,MXY,1,0.0,1,0,0.0,0,0,0,-9999.0,0.83984375,1,P10_CV0,1,2,0,2,0
11,44.234,-122.277,ID11_F11_m11f11_P11_Y9_UO4041,ID11_F11_m11f11_P11_Y6_UO2739,ID11_F11_m11f11_P11_Y8_UO1599,MXY,1,0.0,1,0,0.0,0,0,0,-9999.0,0.83984375,1,P10_CV0,1,2,0,2,0
11,44.234,-122.277,ID11_F11_m11f11_P11_Y9_UO4042,ID11_F11_m11f11_P11_Y6_UO7108,ID11_F11_m11f11_P11_Y8_UO4311,MXY,1,0.0,1,0,0.0,0,0,0,-9999.0,0.7421875,1,P10_CV0,1,2,0,2,0
11,44.234,-122.277,ID11_F11_m11f11_P11_Y9_UO4044,ID11_F11_m11f11_P11_Y6_UO7108,ID11_F11_m11f11_P11_Y8_UO4311,MXY,1,0.0,1,0,0.0,0,0,0,-9999.0,0.7421875,1,P10_CV0,1,2,0,2,0
11,44.234,-122.277,ID11_F11_m11f11_P11_Y9_UO4049,ID11_F11_m11f11_P11_Y6_UO7108,ID11_F11_m11f11_P11_Y8_UO4311,MXY,1,0.0,1,0,0.0,0,0,0,-9999.0,0.7421875,1,P10_CV0,1,2,0,1,1
11,44.234,-122.277,ID11_F11_m11f11_P11_Y9_UO4050,ID11_F11_m11f11_P11_Y6_UO7108,ID11_F11_m11f11_P11_Y8_UO4311,FXX,1,0.0,1,0,1.0,0,0,0,-9999.0,0.7421875,1,P10_CV0,1,2,0,2,0
11,44.234,-122.277,ID11_F11_m11f11_P11_Y9_UO4085,ID11_F11_m11f11_P11_Y7_UO3223,ID11_F11_m11f11_P11_Y8_UO3506,MXY,1,0.0,1,0,0.0,0,0,0,-9999.0,0.798828125,1,P10_CV0,1,2,0,2,0
11,44.234,-122.277,ID11_F11_m11f11_P11_Y9_UO4086,ID11_F11_m11f11_P11_Y7_UO3223,ID11_F11_m11f11_P11_Y8_UO3506,FXX,1,0.0,1,0,1.0,0,0,0,-9999.0,0.798828125,1,P10_CV0,1,2,0,1,1
11,44.234,-122.277,ID11_F11_m11f11_P11_Y9_UO4087,ID11_F11_m11f11_P11_Y7_UO3223,ID11_F11_m11f11_P11_Y8_UO3506,FXX,1,0.0,1,0,1.0,0,0,0,-9999.0,0.798828125,1,P10_CV0,1,2,0,2,0
11,44.234,-122.277,ID11_F11_m11f11_P11_Y9_UO4088,ID11_F11_m11f11_P11_Y7_UO3223,ID11_F11_m11f11_P11_Y8_UO3506,MXY,1,0.0,1,0,0.0,0,0,0,-9999.0,0.798828125,1,P10_CV0,1,2,0,1,1
11,44.234,-122.277,ID11_F11_m11f11_P11_Y9_UO4204,ID11_F11_m11f11_P11_Y7_UO5389,ID11_F11_m11f11_P11_Y7_UO3286,FXX,1,0.0,1,0,1.0,0,0,0,-9999.0,0.7890625,1,P10_CV0,1,2,0,2,0
11,44.234,-122.277,ID11_F11_m11f11_P11_Y9_UO4205,ID11_F11_m11f11_P11_Y7_UO5389,ID11_F11_m11f11_P11_Y7_UO3286,MXY,1,0.0,1,0,0.0,0,0,0,-9999.0,0.7890625,1,P10_CV0,1,2,0,2,0
11,44.234,-122.277,ID11_F11_m11f11_P11_Y9_UO4206,ID11_F11_m11f11_P11_Y7_UO5389,ID11_F11_m11f11_P11_Y7_UO3286,FXX,1,0.0,1,0,1.0,0,0,0,-9999.0,0.7890625,1,P10_CV0,1,2,0,2,0
11,44.234,-122.277,ID11_F11_m11f11_P11_Y9_UO4238,ID11_F11_m11f11_P11_Y6_UO3630,ID11_F11_m11f11_P11_Y6_UO2300,MXY,1,0.0,1,0,0.0,0,0,0,-9999.0,0.78125,1,P10_CV0,1,2,0,1,1
11,44.234,-122.277,ID11_F11_m11f11_P11_Y9_UO4241,ID11_F11_m11f11_P11_Y6_UO3630,ID11_F11_m11f11_P11_Y6_UO2300,FXX,1,0.0,1,0,1.0,0,0,0,-9999.0,0.78125,1,P10_CV0,1,2,0,1,1
11,44.234,-122.277,ID11_F11_m11f11_P11_Y9_UO4356,ID11_F11_m11f11_P11_Y7_UO712,ID11_F11_m11f11_P11_Y8_UO1580,MXY,1,0.0,1,0,0.0,0,0,0,-9999.0,0.76171875,1,P10_CV0,1,2,0,2,0
11,44.234,-122.277,ID11_F11_m11f11_P11_Y9_UO4357,ID11_F11_m11f11_P11_Y7_UO712,ID11_F11_m11f11_P11_Y8_UO1580,MXY,1,0.0,1,0,0.0,0,0,0,-9999.0,0.76171875,1,P10_CV0,1,2,0,2,0
11,44.234,-122.277,ID11_F11_m11f11_P11_Y9_UO4358,ID11_F11_m11f11_P11_Y7_UO712,ID11_F11_m11f11_P11_Y8_UO1580,MXY,1,0.0,1,0,0.0,0,0,0,-9999.0,0.76171875,1,P10_CV0,1,2,0,1,1
11,44.234,-122.277,ID11_F11_m11f11_P11_Y9_UO4359,ID11_F11_m11f11_P11_Y7_UO712,ID11_F11_m11f11_P11_Y8_UO1580,FXX,1,0.0,1,0,1.0,0,0,0,-9999.0,0.76171875,1,P10_CV0,1,2,0,2,0
11,44.234,-122.277,ID11_F11_m11f11_P11_Y9_UO4362,ID11_F11_m11f11_P11_Y7_UO712,ID11_F11_m11f11_P11_Y8_UO1580,FXX,1,0.0,1,0,1.0,0,0,0,-9999.0,0.76171875,1,P10_CV0,1,2,0,2,0
11,44.234,-122.277,ID11_F11_m11f11_P11_Y9_UO4363,ID11_F11_m11f11_P11_Y7_UO712,ID11_F11_m11f11_P11_Y8_UO1580,FXX,1,0.0,1,0,1.0,0,0,0,-9999.0,0.76171875,1,P10_CV0,1,2,0,1,1
11,44.234,-122.277,ID11_F11_m11f11_P11_Y9_UO4367,ID11_F11_m11f11_P11_Y7_UO712,ID11_F11_m11f11_P11_Y8_UO1580,FXX,1,0.0,1,0,1.0,0,0,0,-9999.0,0.76171875,1,P10_CV0,1,2,0,2,0
11,44.234,-122.277,ID11_F11_m11f11_P11_Y9_UO4368,ID11_F11_m11f11_P11_Y7_UO712,ID11_F11_m11f11_P11_Y8_UO1580,FXX,1,0.0,1,0,1.0,0,0,0,-9999.0,0.76171875,1,P10_CV0,1,2,0,2,0
11,44.234,-122.277,ID11_F11_m11f11_P11_Y9_UO4370,ID11_F11_m11f11_P11_Y7_UO712,ID11_F11_m11f11_P11_Y8_UO1580,MXY,1,0.0,1,0,0.0,0,0,0,-9999.0,0.76171875,1,P10_CV0,1,2,0,1,1
11,44.234,-122.277,ID11_F11_m11f11_P11_Y9_UO4400,ID11_F11_m11f11_P11_Y6_UO4763,ID11_F11_m11f11_P11_Y8_UO478,MXY,1,0.0,1,0,0.0,0,0,0,-9999.0,0.779296875,1,P10_CV0,1,2,0,1,1
11,44.234,-122.277,ID11_F11_m11f11_P11_Y9_UO4401,ID11_F11_m11f11_P11_Y6_UO4763,ID11_F11_m11f11_P11_Y8_UO478,FXX,1,0.0,1,0,1.0,0,0,0,-9999.0,0.779296875,1,P10_CV0,1,2,0,1,1
11,44.234,-122.277,ID11_F11_m11f11_P11_Y9_UO4402,ID11_F11_m11f11_P11_Y6_UO4763,ID11_F11_m11f11_P11_Y8_UO478,FXX,1,0.0,1,0,1.0,0,0,0,-9999.0,0.779296875,1,P10_CV0,1,2,0,2,0
11,44.234,-122.277,ID11_F11_m11f11_P11_Y9_UO4404,ID11_F11_m11f11_P11_Y6_UO4763,ID11_F11_m11f11_P11_Y8_UO478,FXX,1,0.0,1,0,1.0,0,0,0,-9999.0,0.779296875,1,P10_CV0,1,2,0,1,1
11,44.234,-122.277,ID11_F11_m11f11_P11_Y9_UO4405,ID11_F11_m11f11_P11_Y6_UO4763,ID11_F11_m11f11_P11_Y8_UO478,MXY,1,0.0,1,0,0.0,0,0,0,-9999.0,0.779296875,1,P10_CV0,1,2,0,1,1
11,44.234,-122.277,ID11_F11_m11f11_P11_Y9_UO4406,ID11_F11_m11f11_P11_Y6_UO4763,ID11_F11_m11f11_P11_Y8_UO478,MXY,1,0.0,1,0,0.0,0,0,0,-9999.0,0.779296875,1,P10_CV0,1,2,0,1,1
11,44.234,-122.277,ID11_F11_m11f11_P11_Y9_UO4505,ID11_F11_m11f11_P11_Y6_UO2142,ID11_F11_m11f11_P11_Y8_UO5781,MXY,1,0.0,1,0,0.0,0,0,0,-9999.0,0.72265625,1,P10_CV0,1,2,0,2,0
11,44.234,-122.277,ID11_F11_m11f11_P11_Y9_UO4506,ID11_F11_m11f11_P11_Y6_UO2142,ID11_F11_m11f11_P11_Y8_UO5781,MXY,1,0.0,1,0,0.0,0,0,0,-9999.0,0.72265625,1,P10_CV0,1,2,0,1,1
11,44.234,-122.277,ID11_F11_m11f11_P11_Y9_UO4508,ID11_F11_m11f11_P11_Y6_UO2142,ID11_F11_m11f11_P11_Y8_UO5781,FXX,1,0.0,1,0,1.0,0,0,0,-9999.0,0.72265625,1,P10_CV0,1,2,0,0,2
11,44.234,-122.277,ID11_F11_m11f11_P11_Y9_UO4510,ID11_F11_m11f11_P11_Y6_UO2142,ID11_F11_m11f11_P11_Y8_UO5781,MXY,1,0.0,1,0,0.0,0,0,0,-9999.0,0.72265625,1,P10_CV0,1,2,0,0,2
11,44.234,-122.277,ID11_F11_m11f11_P11_Y9_UO4511,ID11_F11_m11f11_P11_Y6_UO2142,ID11_F11_m11f11_P11_Y8_UO5781,MXY,1,0.0,1,0,0.0,0,0,0,-9999.0,0.72265625,1,P10_CV0,1,2,0,2,0
11,44.234,-122.277,ID11_F11_m11f11_P11_Y9_UO4608,ID11_F11_m11f11_P11_Y7_UO4484,ID11_F11_m11f11_P11_Y8_UO886,MXY,1,0.0,1,0,0.0,0,0,0,-9999.0,0.7734375,1,P10_CV0,1,2,0,2,0
11,44.234,-122.277,ID11_F11_m11f11_P11_Y9_UO4609,ID11_F11_m11f11_P11_Y7_UO4484,ID11_F11_m11f11_P11_Y8_UO886,FXX,1,0.0,1,0,1.0,0,0,0,-9999.0,0.7734375,1,P10_CV0,1,2,0,2,0
11,44.234,-122.277,ID11_F11_m11f11_P11_Y9_UO4641,ID11_F11_m11f11_P11_Y7_UO799,ID11_F11_m11f11_P11_Y8_UO223,MXY,1,0.0,1,0,0.0,0,0,0,-9999.0,0.80859375,1,P10_CV0,1,2,0,1,1
11,44.234,-122.277,ID11_F11_m11f11_P11_Y9_UO4643,ID11_F11_m11f11_P11_Y7_UO799,ID11_F11_m11f11_P11_Y8_UO223,MXY,1,0.0,1,0,0.0,0,0,0,-9999.0,0.80859375,1,P10_CV0,1,2,0,2,0
11,44.234,-122.277,ID11_F11_m11f11_P11_Y9_UO4764,ID11_F11_m11f11_P11_Y6_UO2293,ID11_F11_m11f11_P11_Y8_UO5700,MXY,1,0.0,1,0,0.0,0,0,0,-9999.0,0.775390625,1,P10_CV0,1,2,0,2,0
11,44.234,-122.277,ID11_F11_m11f11_P11_Y9_UO4765,ID11_F11_m11f11_P11_Y6_UO2293,ID11_F11_m11f11_P11_Y8_UO5700,FXX,1,0.0,1,0,1.0,0,0,0,-9999.0,0.775390625,1,P10_CV0,1,2,0,2,0
11,44.234,-122.277,ID11_F11_m11f11_P11_Y9_UO4766,ID11_F11_m11f11_P11_Y6_UO2293,ID11_F11_m11f11_P11_Y8_UO5700,FXX,1,0.0,1,0,1.0,0,0,0,-9999.0,0.775390625,1,P10_CV0,1,2,0,2,0
11,44.234,-122.277,ID11_F11_m11f11_P11_Y9_UO4768,ID11_F11_m11f11_P11_Y6_UO2293,ID11_F11_m11f11_P11_Y8_UO5700,FXX,1,0.0,1,0,1.0,0,0,0,-9999.0,0.775390625,1,P10_CV0,1,2,0,2,0
11,44.234,-122.277,ID11_F11_m11f11_P11_Y9_UO4769,ID11_F11_m11f11_P11_Y6_UO2293,ID11_F11_m11f11_P11_Y8_UO5700,FXX,1,0.0,1,0,1.0,0,0,0,-9999.0,0.775390625,1,P10_CV0,1,2,0,2,0
11,44.234,-122.277,ID11_F11_m11f11_P11_Y9_UO4771,ID11_F11_m11f11_P11_Y6_UO2293,ID11_F11_m11f11_P11_Y8_UO5700,FXX,1,0.0,1,0,1.0,0,0,0,-9999.0,0.775390625,1,P10_CV0,1,2,0,2,0
11,44.234,-122.277,ID11_F11_m11f11_P11_Y9_UO4792,ID11_F11_m11f11_P11_Y7_UO3592,ID11_F11_m11f11_P11_Y5_UO4816,MXY,1,0.0,1,0,0.0,0,0,0,-9999.0,0.74609375,1,P10_CV0,1,2,0,2,0
11,44.234,-122.277,ID11_F11_m11f11_P11_Y9_UO4793,ID11_F11_m11f11_P11_Y7_UO3592,ID11_F11_m11f11_P11_Y5_UO4816,MXY,1,0.0,1,0,0.0,0,0,0,-9999.0,0.74609375,1,P10_CV0,1,2,0,2,0
11,44.234,-122.277,ID11_F11_m11f11_P11_Y9_UO4795,ID11_F11_m11f11_P11_Y7_UO3592,ID11_F11_m11f11_P11_Y5_UO4816,MXY,1,0.0,1,0,0.0,0,0,0,-9999.0,0.74609375,1,P10_CV0,1,2,0,2,0
11,44.234,-122.277,ID11_F11_m11f11_P11_Y9_UO4796,ID11_F11_m11f11_P11_Y7_UO3592,ID11_F11_m11f11_P11_Y5_UO4816,MXY,1,0.0,1,0,0.0,0,0,0,-9999.0,0.74609375,1,P10_CV0,1,2,0,2,0
11,44.234,-122.277,ID11_F11_m11f11_P11_Y9_UO4798,ID11_F11_m11f11_P11_Y7_UO3592,ID11_F11_m11f11_P11_Y5_UO4816,FXX,1,0.0,1,0,1.0,0,0,0,-9999.0,0.74609375,1,P10_CV0,1,2,0,2,0
11,44.234,-122.277,ID11_F11_m11f11_P11_Y9_UO4867,ID11_F11_m11f11_P11_Y7_UO5398,ID11_F11_m11f11_P11_Y6_UO5074,FXX,1,0.0,1,0,1.0,0,0,0,-9999.0,0.78125,1,P10_CV0,1,2,0,2,0
11,44.234,-122.277,ID11_F11_m11f11_P11_Y9_UO4868,ID11_F11_m11f11_P11_Y7_UO5398,ID11_F11_m11f11_P11_Y6_UO5074,MXY,1,0.0,1,0,0.0,0,0,0,-9999.0,0.78125,1,P10_CV0,1,2,0,2,0
11,44.234,-122.277,ID11_F11_m11f11_P11_Y9_UO5212,ID11_F11_m11f11_P11_Y7_UO3223,ID11_F11_m11f11_P11_Y6_UO2644,MXY,1,0.0,1,0,0.0,0,0,0,-9999.0,0.81640625,1,P10_CV0,1,2,0,1,1
11,44.234,-122.277,ID11_F11_m11f11_P11_Y9_UO5213,ID11_F11_m11f11_P11_Y7_UO3223,ID11_F11_m11f11_P11_Y6_UO2644,MXY,1,0.0,1,0,0.0,0,0,0,-9999.0,0.81640625,1,P10_CV0,1,2,0,2,0
11,44.234,-122.277,ID11_F11_m11f11_P11_Y9_UO5233,ID11_F11_m11f11_P11_Y5_UO2546,ID11_F11_m11f11_P11_Y8_UO3121,FXX,1,0.0,1,0,1.0,0,0,0,-9999.0,0.830078125,1,P10_CV0,1,2,0,1,1
11,44.234,-122.277,ID11_F11_m11f11_P11_Y9_UO5234,ID11_F11_m11f11_P11_Y5_UO2546,ID11_F11_m11f11_P11_Y8_UO3121,FXX,1,0.0,1,0,1.0,0,0,0,-9999.0,0.830078125,1,P10_CV0,1,2,0,1,1
11,44.234,-122.277,ID11_F11_m11f11_P11_Y9_UO5237,ID11_F11_m11f11_P11_Y5_UO2546,ID11_F11_m11f11_P11_Y8_UO3121,MXY,1,0.0,1,0,0.0,0,0,0,-9999.0,0.830078125,1,P10_CV0,1,2,0,0,2
11,44.234,-122.277,ID11_F11_m11f11_P11_Y9_UO5238,ID11_F11_m11f11_P11_Y5_UO2546,ID11_F11_m11f11_P11_Y8_UO3121,MXY,1,0.0,1,0,0.0,0,0,0,-9999.0,0.830078125,1,P10_CV0,1,2,0,1,1
11,44.234,-122.277,ID11_F11_m11f11_P11_Y9_UO5240,ID11_F11_m11f11_P11_Y5_UO2546,ID11_F11_m11f11_P11_Y8_UO3121,FXX,1,0.0,1,0,1.0,0,0,0,-9999.0,0.830078125,1,P10_CV0,1,2,0,0,2
11,44.234,-122.277,ID11_F11_m11f11_P11_Y9_UO5340,ID11_F11_m11f11_P11_Y6_UO6684,ID11_F11_m11f11_P11_Y8_UO3507,MXY,1,0.0,1,0,0.0,0,0,0,-9999.0,0.779296875,1,P10_CV0,1,2,0,2,0
11,44.234,-122.277,ID11_F11_m11f11_P11_Y9_UO5344,ID11_F11_m11f11_P11_Y6_UO6684,ID11_F11_m11f11_P11_Y8_UO3507,MXY,1,0.0,1,0,0.0,0,0,0,-9999.0,0.779296875,1,P10_CV0,1,2,0,2,0
11,44.234,-122.277,ID11_F11_m11f11_P11_Y9_UO5346,ID11_F11_m11f11_P11_Y6_UO6684,ID11_F11_m11f11_P11_Y8_UO3507,FXX,1,0.0,1,0,1.0,0,0,0,-9999.0,0.779296875,1,P10_CV0,1,2,0,2,0
11,44.234,-122.277,ID11_F11_m11f11_P11_Y9_UO5348,ID11_F11_m11f11_P11_Y6_UO6684,ID11_F11_m11f11_P11_Y8_UO3507,MXY,1,0.0,1,0,0.0,0,0,0,-9999.0,0.779296875,1,P10_CV0,1,2,0,2,0
11,44.234,-122.277,ID11_F11_m11f11_P11_Y9_UO5393,ID11_F11_m11f11_P11_Y7_UO5389,ID11_F11_m11f11_P11_Y8_UO6251,MXY,1,0.0,1,0,0.0,0,0,0,-9999.0,0.775390625,1,P10_CV0,1,2,0,2,0
11,44.234,-122.277,ID11_F11_m11f11_P11_Y9_UO5395,ID11_F11_m11f11_P11_Y7_UO5389,ID11_F11_m11f11_P11_Y8_UO6251,FXX,1,0.0,1,0,1.0,0,0,0,-9999.0,0.775390625,1,P10_CV0,1,2,0,2,0
11,44.234,-122.277,ID11_F11_m11f11_P11_Y9_UO5397,ID11_F11_m11f11_P11_Y7_UO5389,ID11_F11_m11f11_P11_Y8_UO6251,MXY,1,0.0,1,0,0.0,0,0,0,-9999.0,0.775390625,1,P10_CV0,1,2,0,2,0
11,44.234,-122.277,ID11_F11_m11f11_P11_Y9_UO5450,ID11_F11_m11f11_P11_Y7_UO2529,ID11_F11_m11f11_P11_Y8_UO5356,MXY,1,0.0,1,0,0.0,0,0,0,-9999.0,0.810546875,1,P10_CV0,1,2,0,1,1
11,44.234,-122.277,ID11_F11_m11f11_P11_Y9_UO5451,ID11_F11_m11f11_P11_Y7_UO2529,ID11_F11_m11f11_P11_Y8_UO5356,MXY,1,0.0,1,0,0.0,0,0,0,-9999.0,0.810546875,1,P10_CV0,1,2,0,1,1
11,44.234,-122.277,ID11_F11_m11f11_P11_Y9_UO5455,ID11_F11_m11f11_P11_Y7_UO2529,ID11_F11_m11f11_P11_Y8_UO5356,MXY,1,0.0,1,0,0.0,0,0,0,-9999.0,0.810546875,1,P10_CV0,1,2,0,1,1
11,44.234,-122.277,ID11_F11_m11f11_P11_Y9_UO5458,ID11_F11_m11f11_P11_Y7_UO2529,ID11_F11_m11f11_P11_Y8_UO5356,FXX,1,0.0,1,0,1.0,0,0,0,-9999.0,0.810546875,1,P10_CV0,1,2,0,1,1
11,44.234,-122.277,ID11_F11_m11f11_P11_Y9_UO5461,ID11_F11_m11f11_P11_Y7_UO2529,ID11_F11_m11f11_P11_Y8_UO5356,FXX,1,0.0,1,0,1.0,0,0,0,-9999.0,0.810546875,1,P10_CV0,1,2,0,1,1
11,44.234,-122.277,ID11_F11_m11f11_P11_Y9_UO5462,ID11_F11_m11f11_P11_Y7_UO2529,ID11_F11_m11f11_P11_Y8_UO5356,MXY,1,0.0,1,0,0.0,0,0,0,-9999.0,0.810546875,1,P10_CV0,1,2,0,1,1
11,44.234,-122.277,ID11_F11_m11f11_P11_Y9_UO5463,ID11_F11_m11f11_P11_Y7_UO2529,ID11_F11_m11f11_P11_Y8_UO5356,MXY,1,0.0,1,0,0.0,0,0,0,-9999.0,0.810546875,1,P10_CV0,1,2,0,1,1
11,44.234,-122.277,ID11_F11_m11f11_P11_Y9_UO5561,ID11_F11_m11f11_P11_Y6_UO793,ID11_F11_m11f11_P11_Y8_UO4109,FXX,1,0.0,1,0,1.0,0,0,0,-9999.0,0.80078125,1,P10_CV0,1,2,0,1,1
11,44.234,-122.277,ID11_F11_m11f11_P11_Y9_UO5563,ID11_F11_m11f11_P11_Y6_UO793,ID11_F11_m11f11_P11_Y8_UO4109,FXX,1,0.0,1,0,1.0,0,0,0,-9999.0,0.80078125,1,P10_CV0,1,2,0,1,1
11,44.234,-122.277,ID11_F11_m11f11_P11_Y9_UO5864,ID11_F11_m11f11_P11_Y6_UO6596,ID11_F11_m11f11_P11_Y6_UO2736,FXX,1,0.0,1,0,1.0,0,0,0,-9999.0,0.8359375,1,P10_CV0,1,2,0,2,0
11,44.234,-122.277,ID11_F11_m11f11_P11_Y9_UO5865,ID11_F11_m11f11_P11_Y6_UO6596,ID11_F11_m11f11_P11_Y6_UO2736,MXY,1,0.0,1,0,0.0,0,0,0,-9999.0,0.8359375,1,P10_CV0,1,2,0,2,0
11,44.234,-122.277,ID11_F11_m11f11_P11_Y9_UO5867,ID11_F11_m11f11_P11_Y6_UO6596,ID11_F11_m11f11_P11_Y6_UO2736,FXX,1,0.0,1,0,1.0,0,0,0,-9999.0,0.8359375,1,P10_CV0,1,2,0,2,0
11,44.234,-122.277,ID11_F11_m11f11_P11_Y9_UO5869,ID11_F11_m11f11_P11_Y6_UO6596,ID11_F11_m11f11_P11_Y6_UO2736,FXX,1,0.0,1,0,1.0,0,0,0,-9999.0,0.8359375,1,P10_CV0,1,2,0,2,0
11,44.234,-122.277,ID11_F11_m11f11_P11_Y9_UO5899,ID11_F11_m11f11_P11_Y7_UO2630,ID11_F11_m11f11_P11_Y6_UO582,FXX,1,0.0,1,0,1.0,0,0,0,-9999.0,0.77734375,1,P10_CV0,1,2,0,1,1
11,44.234,-122.277,ID11_F11_m11f11_P11_Y9_UO5902,ID11_F11_m11f11_P11_Y7_UO2630,ID11_F11_m11f11_P11_Y6_UO582,MXY,1,0.0,1,0,0.0,0,0,0,-9999.0,0.77734375,1,P10_CV0,1,2,0,1,1
11,44.234,-122.277,ID11_F11_m11f11_P11_Y9_UO5904,ID11_F11_m11f11_P11_Y7_UO2630,ID11_F11_m11f11_P11_Y6_UO582,MXY,1,0.0,1,0,0.0,0,0,0,-9999.0,0.77734375,1,P10_CV0,1,2,0,2,0
11,44.234,-122.277,ID11_F11_m11f11_P11_Y9_UO5905,ID11_F11_m11f11_P11_Y7_UO2630,ID11_F11_m11f11_P11_Y6_UO582,MXY,1,0.0,1,0,0.0,0,0,0,-9999.0,0.77734375,1,P10_CV0,1,2,0,2,0
11,44.234,-122.277,ID11_F11_m11f11_P11_Y9_UO6129,ID11_F11_m11f11_P11_Y7_UO5401,ID11_F11_m11f11_P11_Y8_UO7653,FXX,1,0.0,1,0,1.0,0,0,0,-9999.0,0.798828125,1,P10_CV0,1,2,0,2,0
11,44.234,-122.277,ID11_F11_m11f11_P11_Y9_UO6130,ID11_F11_m11f11_P11_Y7_UO5401,ID11_F11_m11f11_P11_Y8_UO7653,MXY,1,0.0,1,0,0.0,0,0,0,-9999.0,0.798828125,1,P10_CV0,1,2,0,1,1
11,44.234,-122.277,ID11_F11_m11f11_P11_Y9_UO6132,ID11_F11_m11f11_P11_Y7_UO5401,ID11_F11_m11f11_P11_Y8_UO7653,FXX,1,0.0,1,0,1.0,0,0,0,-9999.0,0.798828125,1,P10_CV0,1,2,0,1,1
11,44.234,-122.277,ID11_F11_m11f11_P11_Y9_UO6135,ID11_F11_m11f11_P11_Y7_UO5401,ID11_F11_m11f11_P11_Y8_UO7653,MXY,1,0.0,1,0,0.0,0,0,0,-9999.0,0.798828125,1,P10_CV0,1,2,0,1,1
11,44.234,-122.277,ID11_F11_m11f11_P11_Y9_UO6136,ID11_F11_m11f11_P11_Y7_UO5401,ID11_F11_m11f11_P11_Y8_UO7653,MXY,1,0.0,1,0,0.0,0,0,0,-9999.0,0.798828125,1,P10_CV0,1,2,0,2,0
11,44.234,-122.277,ID11_F11_m11f11_P11_Y9_UO6139,ID11_F11_m11f11_P11_Y7_UO5401,ID11_F11_m11f11_P11_Y8_UO7653,MXY,1,0.0,1,0,0.0,0,0,0,-9999.0,0.798828125,1,P10_CV0,1,2,0,2,0
11,44.234,-122.277,ID11_F11_m11f11_P11_Y9_UO6140,ID11_F11_m11f11_P11_Y7_UO5401,ID11_F11_m11f11_P11_Y8_UO7653,MXY,1,0.0,1,0,0.0,0,0,0,-9999.0,0.798828125,1,P10_CV0,1,2,0,1,1
11,44.234,-122.277,ID11_F11_m11f11_P11_Y9_UO6141,ID11_F11_m11f11_P11_Y7_UO5401,ID11_F11_m11f11_P11_Y8_UO7653,FXX,1,0.0,1,0,1.0,0,0,0,-9999.0,0.798828125,1,P10_CV0,1,2,0,1,1
11,44.234,-122.277,ID11_F11_m11f11_P11_Y9_UO6142,ID11_F11_m11f11_P11_Y7_UO5401,ID11_F11_m11f11_P11_Y8_UO7653,FXX,1,0.0,1,0,1.0,0,0,0,-9999.0,0.798828125,1,P10_CV0,1,2,0,1,1
11,44.234,-122.277,ID11_F11_m11f11_P11_Y8_UO3938,ID11_F11_m11f11_P11_Y6_UO4135,ID11_F11_m11f11_P11_Y4_UO2033,FXX,2,0.0,1,0,1.0,0,0,0,-9999.0,0.8515625,1,P10_CV0,1,2,0,1,1
11,44.234,-122.277,ID11_F11_m11f11_P11_Y8_UO3249,ID11_F11_m11f11_P11_Y6_UO4139,ID11_F11_m11f11_P11_Y6_UO2294,FXX,2,0.0,1,0,1.0,0,0,0,-9999.0,0.8203125,1,P10_CV0,1,2,0,2,0
11,44.234,-122.277,ID11_F11_m11f11_P11_Y8_UO4100,ID11_F11_m11f11_P11_Y5_UO1450,ID11_F11_m11f11_P11_Y7_UO268,MXY,2,0.0,1,0,0.0,0,0,0,-9999.0,0.80078125,1,P10_CV0,1,2,0,2,0
11,44.234,-122.277,ID11_F11_m11f11_P11_Y8_UO6668,ID11_F11_m11f11_P11_Y6_UO1657,ID11_F11_m11f11_P11_Y6_UO584,MXY,2,0.0,1,0,0.0,0,0,0,-9999.0,0.796875,1,P10_CV0,1,2,0,0,2
11,44.234,-122.277,ID11_F11_m11f11_P11_Y8_UO7226,ID11_F11_m11f11_P11_Y6_UO5297,ID11_F11_m11f11_P11_Y7_UO3881,FXX,2,0.0,1,0,1.0,0,0,0,-9999.0,0.796875,1,P10_CV0,1,2,0,2,0
11,44.234,-122.277,ID11_F11_m11f11_P11_Y8_UO7547,ID11_F11_m11f11_P11_Y6_UO1305,ID11_F11_m11f11_P11_Y6_UO5302,MXY,2,0.0,1,0,0.0,0,0,0,-9999.0,0.7890625,1,P10_CV0,1,2,0,1,1
11,44.234,-122.277,ID11_F11_m11f11_P11_Y8_UO6251,ID11_F11_m11f11_P11_Y6_UO2342,ID11_F11_m11f11_P11_Y7_UO3601,MXY,2,0.0,1,0,0.0,0,0,0,-9999.0,0.73828125,1,P10_CV0,1,2,0,2,0
11,44.234,-122.277,ID11_F11_m11f11_P11_Y8_UO1837,ID11_F11_m11f11_P11_Y6_UO2339,ID11_F11_m11f11_P11_Y7_UO3601,FXX,2,0.0,1,0,1.0,0,0,0,-9999.0,0.73828125,1,P10_CV0,1,2,0,2,0
11,44.234,-122.277,ID11_F11_m11f11_P11_Y8_UO475,ID11_F11_m11f11_P11_Y4_UO3536,ID11_F11_m11f11_P11_Y6_UO3798,MXY,2,0.0,1,0,0.0,0,0,0,-9999.0,0.79296875,1,P10_CV0,1,2,0,1,1
11,44.234,-122.277,ID11_F11_m11f11_P11_Y8_UO4243,ID11_F11_m11f11_P11_Y6_UO5406,ID11_F11_m11f11_P11_Y6_UO5073,FXX,2,0.0,1,0,1.0,0,0,0,-9999.0,0.7734375,1,P10_CV0,1,2,0,2,0
11,44.234,-122.277,ID11_F11_m11f11_P11_Y8_UO2389,ID11_F11_m11f11_P11_Y5_UO309,ID11_F11_m11f11_P11_Y7_UO1816,MXY,2,0.0,1,0,0.0,0,0,0,-9999.0,0.796875,1,P10_CV0,1,2,0,2,0
11,44.234,-122.277,ID11_F11_m11f11_P11_Y8_UO6190,ID11_F11_m11f11_P11_Y4_UO4287,ID11_F11_m11f11_P11_Y7_UO784,FXX,2,0.0,1,0,1.0,0,0,0,-9999.0,0.76171875,1,P10_CV0,1,2,0,2,0
11,44.234,-122.277,ID11_F11_m11f11_P11_Y8_UO4998,ID11_F11_m11f11_P11_Y6_UO2298,ID11_F11_m11f11_P11_Y7_UO1317,MXY,2,0.0,1,0,0.0,0,0,0,-9999.0,0.78515625,1,P10_CV0,1,2,0,2,0
11,44.234,-122.277,ID11_F11_m11f11_P11_Y8_UO3,ID11_F11_m11f11_P11_Y6_UO7327,ID11_F11_m11f11_P11_Y5_UO5351,MXY,2,0.0,1,0,0.0,0,0,0,-9999.0,0.76171875,1,P10_CV0,1,2,0,2,0
11,44.234,-122.277,ID11_F11_m11f11_P11_Y8_UO880,ID11_F11_m11f11_P11_Y6_UO3631,ID11_F11_m11f11_P11_Y5_UO4816,FXX,2,0.0,1,0,1.0,0,0,0,-9999.0,0.78125,1,P10_CV0,1,2,0,2,0
11,44.234,-122.277,ID11_F11_m11f11_P11_Y8_UO2674,ID11_F11_m11f11_P11_Y6_UO5081,ID11_F11_m11f11_P11_Y7_UO2929,FXX,2,0.0,1,0,1.0,0,0,0,-9999.0,0.7890625,1,P10_CV0,1,2,0,1,1
11,44.234,-122.277,ID11_F11_m11f11_P11_Y8_UO1580,ID11_F11_m11f11_P11_Y6_UO3630,ID11_F11_m11f11_P11_Y7_UO574,MXY,2,0.0,1,0,0.0,0,0,0,-9999.0,0.78125,1,P10_CV0,1,2,0,1,1
11,44.234,-122.277,ID11_F11_m11f11_P11_Y8_UO5844,ID11_F11_m11f11_P11_Y6_UO3632,ID11_F11_m11f11_P11_Y7_UO4483,FXX,2,0.0,1,0,1.0,0,0,0,-9999.0,0.7890625,1,P10_CV0,1,2,0,1,1
11,44.234,-122.277,ID11_F11_m11f11_P11_Y8_UO6669,ID11_F11_m11f11_P11_Y6_UO1657,ID11_F11_m11f11_P11_Y6_UO584,FXX,2,0.0,1,0,1.0,0,0,0,-9999.0,0.796875,1,P10_CV0,1,2,0,0,2
11,44.234,-122.277,ID11_F11_m11f11_P11_Y8_UO4101,ID11_F11_m11f11_P11_Y5_UO1450,ID11_F11_m11f11_P11_Y7_UO268,FXX,2,0.0,1,0,1.0,0,0,0,-9999.0,0.80078125,1,P10_CV0,1,2,0,1,1
11,44.234,-122.277,ID11_F11_m11f11_P11_Y8_UO2678,ID11_F11_m11f11_P11_Y6_UO5081,ID11_F11_m11f11_P11_Y7_UO2929,MXY,2,0.0,1,0,0.0,0,0,0,-9999.0,0.7890625,1,P10_CV0,1,2,0,2,0
11,44.234,-122.277,ID11_F11_m11f11_P11_Y8_UO2002,ID11_F11_m11f11_P11_Y6_UO4763,ID11_F11_m11f11_P11_Y7_UO3590,FXX,2,0.0,1,0,1.0,0,0,0,-9999.0,0.75390625,1,P10_CV0,1,2,0,2,0
11,44.234,-122.277,ID11_F11_m11f11_P11_Y8_UO2195,ID11_F11_m11f11_P11_Y6_UO3987,ID11_F11_m11f11_P11_Y7_UO1828,FXX,2,0.0,1,0,1.0,0,0,0,-9999.0,0.796875,1,P10_CV0,1,2,0,1,1
11,44.234,-122.277,ID11_F11_m11f11_P11_Y8_UO4628,ID11_F11_m11f11_P11_Y6_UO2142,ID11_F11_m11f11_P11_Y7_UO2536,MXY,2,0.0,1,0,0.0,0,0,0,-9999.0,0.73046875,1,P10_CV0,1,2,0,1,1
11,44.234,-122.277,ID11_F11_m11f11_P11_Y8_UO5288,ID11_F11_m11f11_P11_Y6_UO587,ID11_F11_m11f11_P11_Y6_UO3798,MXY,2,0.0,1,0,0.0,0,0,0,-9999.0,0.76953125,1,P10_CV0,1,2,0,1,1
11,44.234,-122.277,ID11_F11_m11f11_P11_Y8_UO5764,ID11_F11_m11f11_P11_Y6_UO5760,ID11_F11_m11f11_P11_Y7_UO2937,MXY,2,0.0,1,0,0.0,0,0,0,-9999.0,0.8359375,1,P10_CV0,1,2,0,1,1
11,44.234,-122.277,ID11_F11_m11f11_P11_Y8_UO4627,ID11_F11_m11f11_P11_Y6_UO2142,ID11_F11_m11f11_P11_Y7_UO2536,MXY,2,0.0,1,0,0.0,0,0,0,-9999.0,0.73046875,1,P10_CV0,1,2,0,1,1
11,44.234,-122.277,ID11_F11_m11f11_P11_Y8_UO5001,ID11_F11_m11f11_P11_Y6_UO2298,ID11_F11_m11f11_P11_Y7_UO1317,FXX,2,0.0,1,0,1.0,0,0,0,-9999.0,0.78515625,1,P10_CV0,1,2,0,2,0
11,44.234,-122.277,ID11_F11_m11f11_P11_Y8_UO3509,ID11_F11_m11f11_P11_Y6_UO793,ID11_F11_m11f11_P11_Y7_UO3491,MXY,2,0.0,1,0,0.0,0,0,0,-9999.0,0.77734375,1,P10_CV0,1,2,0,1,1
11,44.234,-122.277,ID11_F11_m11f11_P11_Y8_UO3461,ID11_F11_m11f11_P11_Y6_UO5077,ID11_F11_m11f11_P11_Y7_UO3108,MXY,2,0.0,1,0,0.0,0,0,0,-9999.0,0.765625,1,P10_CV0,1,2,0,2,0
11,44.234,-122.277,ID11_F11_m11f11_P11_Y8_UO3321,ID11_F11_m11f11_P11_Y5_UO309,ID11_F11_m11f11_P11_Y7_UO5748,MXY,2,0.0,1,0,0.0,0,0,0,-9999.0,0.76171875,1,P10_CV0,1,2,0,1,1
11,44.234,-122.277,ID11_F11_m11f11_P11_Y8_UO235,ID11_F11_m11f11_P11_Y6_UO4255,ID11_F11_m11f11_P11_Y7_UO3894,MXY,2,0.0,1,0,0.0,0,0,0,-9999.0,0.7421875,1,P10_CV0,1,2,0,2,0
11,44.234,-122.277,ID11_F11_m11f11_P11_Y8_UO1599,ID11_F11_m11f11_P11_Y6_UO5763,ID11_F11_m11f11_P11_Y7_UO2457,MXY,2,0.0,1,0,0.0,0,0,0,-9999.0,0.8203125,1,P10_CV0,1,2,0,2,0
11,44.234,-122.277,ID11_F11_m11f11_P11_Y8_UO4741,ID11_F11_m11f11_P11_Y4_UO3633,ID11_F11_m11f11_P11_Y6_UO7049,FXX,2,0.0,1,0,1.0,0,0,0,-9999.0,0.8125,1,P10_CV0,1,2,0,2,0
11,44.234,-122.277,ID11_F11_m11f11_P11_Y8_UO1332,ID11_F11_m11f11_P11_Y6_UO4995,ID11_F11_m11f11_P11_Y5_UO1990,FXX,2,0.0,1,0,1.0,0,0,0,-9999.0,0.7890625,1,P10_CV0,1,2,0,2,0
11,44.234,-122.277,ID11_F11_m11f11_P11_Y8_UO4249,ID11_F11_m11f11_P11_Y6_UO5406,ID11_F11_m11f11_P11_Y6_UO5073,FXX,2,0.0,1,0,1.0,0,0,0,-9999.0,0.7734375,1,P10_CV0,1,2,0,2,0
11,44.234,-122.277,ID11_F11_m11f11_P11_Y8_UO5951,ID11_F11_m11f11_P11_Y6_UO2734,ID11_F11_m11f11_P11_Y7_UO1818,FXX,2,0.0,1,0,1.0,0,0,0,-9999.0,0.8359375,1,P10_CV0,1,2,0,2,0
11,44.234,-122.277,ID11_F11_m11f11_P11_Y8_UO481,ID11_F11_m11f11_P11_Y6_UO2739,ID11_F11_m11f11_P11_Y5_UO311,FXX,2,0.0,1,0,1.0,0,0,0,-9999.0,0.8203125,1,P10_CV0,1,2,0,2,0
11,44.234,-122.277,ID11_F11_m11f11_P11_Y8_UO7191,ID11_F11_m11f11_P11_Y6_UO3960,ID11_F11_m11f11_P11_Y6_UO10,MXY,2,0.0,1,0,0.0,0,0,0,-9999.0,0.7890625,1,P10_CV0,1,2,0,1,1
11,44.234,-122.277,ID11_F11_m11f11_P11_Y8_UO1330,ID11_F11_m11f11_P11_Y6_UO4995,ID11_F11_m11f11_P11_Y5_UO1990,FXX,2,0.0,1,0,1.0,0,0,0,-9999.0,0.7890625,1,P10_CV0,1,2,0,2,0
11,44.234,-122.277,ID11_F11_m11f11_P11_Y8_UO6298,ID11_F11_m11f11_P11_Y5_UO309,ID11_F11_m11f11_P11_Y6_UO263,FXX,2,0.0,1,0,1.0,0,0,0,-9999.0,0.8125,1,P10_CV0,1,2,0,1,1
11,44.234,-122.277,ID11_F11_m11f11_P11_Y8_UO935,ID11_F11_m11f11_P11_Y5_UO510,ID11_F11_m11f11_P11_Y5_UO1881,MXY,2,0.0,1,0,0.0,0,0,0,-9999.0,0.75,1,P10_CV0,1,2,0,1,1
11,44.234,-122.277,ID11_F11_m11f11_P11_Y8_UO886,ID11_F11_m11f11_P11_Y6_UO3631,ID11_F11_m11f11_P11_Y5_UO4816,MXY,2,0.0,1,0,0.0,0,0,0,-9999.0,0.78125,1,P10_CV0,1,2,0,1,1
11,44.234,-122.277,ID11_F11_m11f11_P11_Y8_UO5948,ID11_F11_m11f11_P11_Y6_UO2734,ID11_F11_m11f11_P11_Y7_UO1818,MXY,2,0.0,1,0,0.0,0,0,0,-9999.0,0.8359375,1,P10_CV0,1,2,0,2,0
11,44.234,-122.277,ID11_F11_m11f11_P11_Y8_UO1600,ID11_F11_m11f11_P11_Y6_UO5763,ID11_F11_m11f11_P11_Y7_UO2457,MXY,2,0.0,1,0,0.0,0,0,0,-9999.0,0.8203125,1,P10_CV0,1,2,0,2,0
11,44.234,-122.277,ID11_F11_m11f11_P11_Y8_UO1647,ID11_F11_m11f11_P11_Y6_UO1297,ID11_F11_m11f11_P11_Y7_UO715,FXX,2,0.0,1,0,1.0,0,0,0,-9999.0,0.77734375,1,P10_CV0,1,2,0,2,0
11,44.234,-122.277,ID11_F11_m11f11_P11_Y8_UO6708,ID11_F11_m11f11_P11_Y6_UO6715,ID11_F11_m11f11_P11_Y6_UO3956,FXX,2,0.0,1,0,1.0,0,0,0,-9999.0,0.7734375,1,P10_CV0,1,2,0,0,2
11,44.234,-122.277,ID11_F11_m11f11_P11_Y8_UO7653,ID11_F11_m11f11_P11_Y6_UO1297,ID11_F11_m11f11_P11_Y7_UO1980,MXY,2,0.0,1,0,0.0,0,0,0,-9999.0,0.78515625,1,P10_CV0,1,2,0,2,0
11,44.234,-122.277,ID11_F11_m11f11_P11_Y8_UO4632,ID11_F11_m11f11_P11_Y6_UO2142,ID11_F11_m11f11_P11_Y7_UO2536,MXY,2,0.0,1,0,0.0,0,0,0,-9999.0,0.73046875,1,P10_CV0,1,2,0,0,2
11,44.234,-122.277,ID11_F11_m11f11_P11_Y8_UO2535,ID11_F11_m11f11_P11_Y6_UO6493,ID11_F11_m11f11_P11_Y4_UO6029,MXY,2,0.0,1,0,0.0,0,0,0,-9999.0,0.796875,1,P10_CV0,1,2,0,2,0
11,44.234,-122.277,ID11_F11_m11f11_P11_Y8_UO5700,ID11_F11_m11f11_P11_Y6_UO2733,ID11_F11_m11f11_P11_Y7_UO3601,MXY,2,0.0,1,0,0.0,0,0,0,-9999.0,0.80078125,1,P10_CV0,1,2,0,2,0
11,44.234,-122.277,ID11_F11_m11f11_P11_Y8_UO1585,ID11_F11_m11f11_P11_Y6_UO3630,ID11_F11_m11f11_P11_Y7_UO574,FXX,2,0.0,1,0,1.0,0,0,0,-9999.0,0.78125,1,P10_CV0,1,2,0,1,1
11,44.234,-122.277,ID11_F11_m11f11_P11_Y8_UO4099,ID11_F11_m11f11_P11_Y5_UO1450,ID11_F11_m11f11_P11_Y7_UO268,MXY,2,0.0,1,0,0.0,0,0,0,-9999.0,0.80078125,1,P10_CV0,1,2,0,1,1
11,44.234,-122.277,ID11_F11_m11f11_P11_Y8_UO3651,ID11_F11_m11f11_P11_Y6_UO2301,ID11_F11_m11f11_P11_Y7_UO1816,FXX,2,0.0,1,0,1.0,0,0,0,-9999.0,0.78125,1,P10_CV0,1,2,0,1,1
11,44.234,-122.277,ID11_F11_m11f11_P11_Y8_UO3944,ID11_F11_m11f11_P11_Y6_UO4135,ID11_F11_m11f11_P11_Y4_UO2033,MXY,2,0.0,1,0,0.0,0,0,0,-9999.0,0.8515625,1,P10_CV0,1,2,0,2,0
11,44.234,-122.277,ID11_F11_m11f11_P11_Y8_UO1597,ID11_F11_m11f11_P11_Y6_UO5763,ID11_F11_m11f11_P11_Y7_UO2457,FXX,2,0.0,1,0,1.0,0,0,0,-9999.0,0.8203125,1,P10_CV0,1,2,0,2,0
11,44.234,-122.277,ID11_F11_m11f11_P11_Y8_UO3252,ID11_F11_m11f11_P11_Y6_UO4139,ID11_F11_m11f11_P11_Y6_UO2294,FXX,2,0.0,1,0,1.0,0,0,0,-9999.0,0.8203125,1,P10_CV0,1,2,0,2,0
11,44.234,-122.277,ID11_F11_m11f11_P11_Y8_UO4154,ID11_F11_m11f11_P11_Y6_UO5286,ID11_F11_m11f11_P11_Y4_UO2033,FXX,2,0.0,1,0,1.0,0,0,0,-9999.0,0.8125,1,P10_CV0,1,2,0,2,0
11,44.234,-122.277,ID11_F11_m11f11_P11_Y8_UO230,ID11_F11_m11f11_P11_Y6_UO4255,ID11_F11_m11f11_P11_Y7_UO3894,FXX,2,0.0,1,0,1.0,0,0,0,-9999.0,0.7421875,1,P10_CV0,1,2,0,1,1
11,44.234,-122.277,ID11_F11_m11f11_P11_Y8_UO5782,ID11_F11_m11f11_P11_Y6_UO7237,ID11_F11_m11f11_P11_Y4_UO7327,MXY,2,0.0,1,0,0.0,0,0,0,-9999.0,0.796875,1,P10_CV0,1,2,0,2,0
11,44.234,-122.277,ID11_F11_m11f11_P11_Y8_UO4994,ID11_F11_m11f11_P11_Y4_UO2698,ID11_F11_m11f11_P11_Y5_UO1881,MXY,2,0.0,1,0,0.0,0,0,0,-9999.0,0.796875,1,P10_CV0,1,2,0,0,2
11,44.234,-122.277,ID11_F11_m11f11_P11_Y8_UO5701,ID11_F11_m11f11_P11_Y6_UO2733,ID11_F11_m11f11_P11_Y7_UO3601,FXX,2,0.0,1,0,1.0,0,0,0,-9999.0,0.80078125,1,P10_CV0,1,2,0,2,0
11,44.234,-122.277,ID11_F11_m11f11_P11_Y8_UO882,ID11_F11_m11f11_P11_Y6_UO3631,ID11_F11_m11f11_P11_Y5_UO4816,FXX,2,0.0,1,0,1.0,0,0,0,-9999.0,0.78125,1,P10_CV0,1,2,0,2,0
11,44.234,-122.277,ID11_F11_m11f11_P11_Y8_UO5682,ID11_F11_m11f11_P11_Y6_UO2734,ID11_F11_m11f11_P11_Y7_UO740,MXY,2,0.0,1,0,0.0,0,0,0,-9999.0,0.85546875,1,P10_CV0,1,2,0,2,0
11,44.234,-122.277,ID11_F11_m11f11_P11_Y8_UO4941,ID11_F11_m11f11_P11_Y6_UO2342,ID11_F11_m11f11_P11_Y6_UO429,FXX,2,0.0,1,0,1.0,0,0,0,-9999.0,0.7421875,1,P10_CV0,1,2,0,2,0
11,44.234,-122.277,ID11_F11_m11f11_P11_Y8_UO3465,ID11_F11_m11f11_P11_Y6_UO5077,ID11_F11_m11f11_P11_Y7_UO3108,MXY,2,0.0,1,0,0.0,0,0,0,-9999.0,0.765625,1,P10_CV0,1,2,0,2,0
11,44.234,-122.277,ID11_F11_m11f11_P11_Y8_UO4788,ID11_F11_m11f11_P11_Y6_UO6684,ID11_F11_m11f11_P11_Y5_UO5155,MXY,2,0.0,1,0,0.0,0,0,0,-9999.0,0.8125,1,P10_CV0,1,2,0,2,0
11,44.234,-122.277,ID11_F11_m11f11_P11_Y8_UO7389,ID11_F11_m11f11_P11_Y6_UO4877,ID11_F11_m11f11_P11_Y7_UO3590,MXY,2,0.0,1,0,0.0,0,0,0,-9999.0,0.78125,1,P10_CV0,1,2,0,1,1
11,44.234,-122.277,ID11_F11_m11f11_P11_Y8_UO5002,ID11_F11_m11f11_P11_Y6_UO2298,ID11_F11_m11f11_P11_Y7_UO1317,MXY,2,0.0,1,0,0.0,0,0,0,-9999.0,0.78515625,1,P10_CV0,1,2,0,2,0
11,44.234,-122.277,ID11_F11_m11f11_P11_Y8_UO1719,ID11_F11_m11f11_P11_Y4_UO7321,ID11_F11_m11f11_P11_Y6_UO4867,FXX,2,0.0,1,0,1.0,0,0,0,-9999.0,0.8046875,1,P10_CV0,1,2,0,1,1
11,44.234,-122.277,ID11_F11_m11f11_P11_Y8_UO2007,ID11_F11_m11f11_P11_Y6_UO4763,ID11_F11_m11f11_P11_Y7_UO3590,MXY,2,0.0,1,0,0.0,0,0,0,-9999.0,0.75390625,1,P10_CV0,1,2,0,2,0
11,44.234,-122.277,ID11_F11_m11f11_P11_Y8_UO934,ID11_F11_m11f11_P11_Y5_UO510,ID11_F11_m11f11_P11_Y5_UO1881,MXY,2,0.0,1,0,0.0,0,0,0,-9999.0,0.75,1,P10_CV0,1,2,0,0,2
11,44.234,-122.277,ID11_F11_m11f11_P11_Y8_UO4782,ID11_F11_m11f11_P11_Y6_UO6684,ID11_F11_m11f11_P11_Y5_UO5155,MXY,2,0.0,1,0,0.0,0,0,0,-9999.0,0.8125,1,P10_CV0,1,2,0,2,0
11,44.234,-122.277,ID11_F11_m11f11_P11_Y8_UO6481,ID11_F11_m11f11_P11_Y5_UO3762,ID11_F11_m11f11_P11_Y5_UO303,MXY,2,0.0,1,0,0.0,0,0,0,-9999.0,0.8125,1,P10_CV0,1,2,0,1,1
11,44.234,-122.277,ID11_F11_m11f11_P11_Y8_UO4995,ID11_F11_m11f11_P11_Y4_UO2698,ID11_F11_m11f11_P11_Y5_UO1881,FXX,2,0.0,1,0,1.0,0,0,0,-9999.0,0.796875,1,P10_CV0,1,2,0,1,1
11,44.234,-122.277,ID11_F11_m11f11_P11_Y8_UO2613,ID11_F11_m11f11_P11_Y6_UO2339,ID11_F11_m11f11_P11_Y7_UO5745,MXY,2,0.0,1,0,0.0,0,0,0,-9999.0,0.73828125,1,P10_CV0,1,2,0,2,0
11,44.234,-122.277,ID11_F11_m11f11_P11_Y8_UO4631,ID11_F11_m11f11_P11_Y6_UO2142,ID11_F11_m11f11_P11_Y7_UO2536,FXX,2,0.0,1,0,1.0,0,0,0,-9999.0,0.73046875,1,P10_CV0,1,2,0,0,2
11,44.234,-122.277,ID11_F11_m11f11_P11_Y8_UO233,ID11_F11_m11f11_P11_Y6_UO4255,ID11_F11_m11f11_P11_Y7_UO3894,FXX,2,0.0,1,0,1.0,0,0,0,-9999.0,0.7421875,1,P10_CV0,1,2,0,1,1
11,44.234,-122.277,ID11_F11_m11f11_P11_Y8_UO4156,ID11_F11_m11f11_P11_Y6_UO5286,ID11_F11_m11f11_P11_Y4_UO2033,FXX,2,0.0,1,0,1.0,0,0,0,-9999.0,0.8125,1,P10_CV0,1,2,0,2,0
11,44.234,-122.277,ID11_F11_m11f11_P11_Y8_UO2716,ID11_F11_m11f11_P11_Y6_UO4602,ID11_F11_m11f11_P11_Y6_UO5073,FXX,2,0.0,1,0,1.0,0,0,0,-9999.0,0.7578125,1,P10_CV0,1,2,0,1,1
11,44.234,-122.277,ID11_F11_m11f11_P11_Y8_UO3510,ID11_F11_m11f11_P11_Y6_UO793,ID11_F11_m11f11_P11_Y7_UO3491,FXX,2,0.0,1,0,1.0,0,0,0,-9999.0,0.77734375,1,P10_CV0,1,2,0,1,1
11,44.234,-122.277,ID11_F11_m11f11_P11_Y8_UO2192,ID11_F11_m11f11_P11_Y6_UO3987,ID11_F11_m11f11_P11_Y7_UO1828,MXY,2,0.0,1,0,0.0,0,0,0,-9999.0,0.796875,1,P10_CV0,1,2,0,1,1
11,44.234,-122.277,ID11_F11_m11f11_P11_Y8_UO5355,ID11_F11_m11f11_P11_Y4_UO3633,ID11_F11_m11f11_P11_Y7_UO788,FXX,2,0.0,1,0,1.0,0,0,0,-9999.0,0.80859375,1,P10_CV0,1,2,0,2,0
11,44.234,-122.277,ID11_F11_m11f11_P11_Y8_UO4111,ID11_F11_m11f11_P11_Y6_UO5297,ID11_F11_m11f11_P11_Y5_UO303,FXX,2,0.0,1,0,1.0,0,0,0,-9999.0,0.7734375,1,P10_CV0,1,2,0,0,2
11,44.234,-122.277,ID11_F11_m11f11_P11_Y8_UO5291,ID11_F11_m11f11_P11_Y6_UO587,ID11_F11_m11f11_P11_Y6_UO3798,MXY,2,0.0,1,0,0.0,0,0,0,-9999.0,0.76953125,1,P10_CV0,1,2,0,1,1
11,44.234,-122.277,ID11_F11_m11f11_P11_Y8_UO1581,ID11_F11_m11f11_P11_Y6_UO3630,ID11_F11_m11f11_P11_Y7_UO574,MXY,2,0.0,1,0,0.0,0,0,0,-9999.0,0.78125,1,P10_CV0,1,2,0,1,1
11,44.234,-122.277,ID11_F11_m11f11_P11_Y8_UO5850,ID11_F11_m11f11_P11_Y6_UO3632,ID11_F11_m11f11_P11_Y7_UO4483,MXY,2,0.0,1,0,0.0,0,0,0,-9999.0,0.7890625,1,P10_CV0,1,2,0,1,1
11,44.234,-122.277,ID11_F11_m11f11_P11_Y8_UO5685,ID11_F11_m11f11_P11_Y6_UO2734,ID11_F11_m11f11_P11_Y7_UO740,MXY,2,0.0,1,0,0.0,0,0,0,-9999.0,0.85546875,1,P10_CV0,1,2,0,2,0
11,44.234,-122.277,ID11_F11_m11f11_P11_Y8_UO6193,ID11_F11_m11f11_P11_Y4_UO4287,ID11_F11_m11f11_P11_Y7_UO784,FXX,2,0.0,1,0,1.0,0,0,0,-9999.0,0.76171875,1,P10_CV0,1,2,0,2,0
11,44.234,-122.277,ID11_F11_m11f11_P11_Y8_UO7387,ID11_F11_m11f11_P11_Y6_UO4877,ID11_F11_m11f11_P11_Y7_UO3590,MXY,2,0.0,1,0,0.0,0,0,0,-9999.0,0.78125,1,P10_CV0,1,2,0,2,0
11,44.234,-122.277,ID11_F11_m11f11_P11_Y8_UO3545,ID11_F11_m11f11_P11_Y6_UO1314,ID11_F11_m11f11_P11_Y7_UO5744,FXX,2,0.0,1,0,1.0,0,0,0,-9999.0,0.73828125,1,P10_CV0,1,2,0,0,2
11,44.234,-122.277,ID11_F11_m11f11_P11_Y8_UO2612,ID11_F11_m11f11_P11_Y6_UO2339,ID11_F11_m11f11_P11_Y7_UO5745,FXX,2,0.0,1,0,1.0,0,0,0,-9999.0,0.73828125,1,P10_CV0,1,2,0,2,0
11,44.234,-122.277,ID11_F11_m11f11_P11_Y8_UO0,ID11_F11_m11f11_P11_Y6_UO7327,ID11_F11_m11f11_P11_Y5_UO5351,MXY,2,0.0,1,0,0.0,0,0,0,-9999.0,0.76171875,1,P10_CV0,1,2,0,2,0
11,44.234,-122.277,ID11_F11_m11f11_P11_Y8_UO2711,ID11_F11_m11f11_P11_Y6_UO4602,ID11_F11_m11f11_P11_Y6_UO5073,MXY,2,0.0,1,0,0.0,0,0,0,-9999.0,0.7578125,1,P10_CV0,1,2,0,1,1
11,44.234,-122.277,ID11_F11_m11f11_P11_Y7_UO2531,ID11_F11_m11f11_P11_Y5_UO2544,ID11_F11_m11f11_P11_Y6_UO3956,FXX,3,0.0,1,0,1.0,0,0,0,-9999.0,0.8125,1,P10_CV0,1,2,0,1,1
11,44.234,-122.277,ID11_F11_m11f11_P11_Y7_UO5401,ID11_F11_m11f11_P11_Y5_UO1296,ID11_F11_m11f11_P11_Y6_UO5019,FXX,3,0.0,1,0,1.0,0,0,0,-9999.0,0.8125,1,P10_CV0,1,2,0,1,1
11,44.234,-122.277,ID11_F11_m11f11_P11_Y7_UO2935,ID11_F11_m11f11_P11_Y5_UO3762,ID11_F11_m11f11_P11_Y5_UO4060,FXX,3,0.0,1,0,1.0,0,0,0,-9999.0,0.828125,1,P10_CV0,1,2,0,1,1
11,44.234,-122.277,ID11_F11_m11f11_P11_Y7_UO262,ID11_F11_m11f11_P11_Y5_UO672,ID11_F11_m11f11_P11_Y6_UO10,MXY,3,0.0,1,0,0.0,0,0,0,-9999.0,0.7890625,1,P10_CV0,1,2,0,1,1
11,44.234,-122.277,ID11_F11_m11f11_P11_Y7_UO3491,ID11_F11_m11f11_P11_Y4_UO5176,ID11_F11_m11f11_P11_Y5_UO2033,MXY,3,0.0,1,0,0.0,0,0,0,-9999.0,0.7265625,1,P10_CV0,1,2,0,1,1
11,44.234,-122.277,ID11_F11_m11f11_P11_Y7_UO720,ID11_F11_m11f11_P11_Y5_UO2039,ID11_F11_m11f11_P11_Y6_UO5291,MXY,3,0.0,1,0,0.0,0,0,0,-9999.0,0.7421875,1,P10_CV0,1,2,0,2,0
11,44.234,-122.277,ID11_F11_m11f11_P11_Y7_UO573,ID11_F11_m11f11_P11_Y4_UO4287,ID11_F11_m11f11_P11_Y6_UO6492,FXX,3,0.0,1,0,1.0,0,0,0,-9999.0,0.75,1,P10_CV0,1,2,0,1,1
11,44.234,-122.277,ID11_F11_m11f11_P11_Y7_UO3108,ID11_F11_m11f11_P11_Y5_UO1211,ID11_F11_m11f11_P11_Y6_UO6683,MXY,3,0.0,1,0,0.0,0,0,0,-9999.0,0.78125,1,P10_CV0,1,2,0,2,0
11,44.234,-122.277,ID11_F11_m11f11_P11_Y7_UO5398,ID11_F11_m11f11_P11_Y5_UO1296,ID11_F11_m11f11_P11_Y6_UO5019,FXX,3,0.0,1,0,1.0,0,0,0,-9999.0,0.8125,1,P10_CV0,1,2,0,1,1
11,44.234,-122.277,ID11_F11_m11f11_P11_Y7_UO2940,ID11_F11_m11f11_P11_Y5_UO3762,ID11_F11_m11f11_P11_Y5_UO4060,FXX,3,0.0,1,0,1.0,0,0,0,-9999.0,0.828125,1,P10_CV0,1,2,0,1,1
11,44.234,-122.277,ID11_F11_m11f11_P11_Y7_UO2534,ID11_F11_m11f11_P11_Y5_UO2544,ID11_F11_m11f11_P11_Y6_UO3956,MXY,3,0.0,1,0,0.0,0,0,0,-9999.0,0.8125,1,P10_CV0,1,2,0,1,1
11,44.234,-122.277,ID11_F11_m11f11_P11_Y7_UO2630,ID11_F11_m11f11_P11_Y5_UO672,ID11_F11_m11f11_P11_Y6_UO6683,FXX,3,0.0,1,0,1.0,0,0,0,-9999.0,0.7890625,1,P10_CV0,1,2,0,2,0
11,44.234,-122.277,ID11_F11_m11f11_P11_Y7_UO2532,ID11_F11_m11f11_P11_Y5_UO2544,ID11_F11_m11f11_P11_Y6_UO3956,FXX,3,0.0,1,0,1.0,0,0,0,-9999.0,0.8125,1,P10_CV0,1,2,0,1,1
11,44.234,-122.277,ID11_F11_m11f11_P11_Y7_UO3606,ID11_F11_m11f11_P11_Y5_UO5423,ID11_F11_m11f11_P11_Y6_UO6722,FXX,3,0.0,1,0,1.0,0,0,0,-9999.0,0.7421875,1,P10_CV0,1,2,0,2,0
11,44.234,-122.277,ID11_F11_m11f11_P11_Y7_UO3286,ID11_F11_m11f11_P11_Y5_UO5425,ID11_F11_m11f11_P11_Y5_UO679,MXY,3,0.0,1,0,0.0,0,0,0,-9999.0,0.765625,1,P10_CV0,1,2,0,2,0
11,44.234,-122.277,ID11_F11_m11f11_P11_Y7_UO5748,ID11_F11_m11f11_P11_Y4_UO6507,ID11_F11_m11f11_P11_Y6_UO998,MXY,3,0.0,1,0,0.0,0,0,0,-9999.0,0.7421875,1,P10_CV0,1,2,0,1,1
11,44.234,-122.277,ID11_F11_m11f11_P11_Y7_UO1233,ID11_F11_m11f11_P11_Y2_UO469,ID11_F11_m11f11_P11_Y6_UO6598,FXX,3,0.0,1,0,1.0,0,0,0,-9999.0,0.78125,1,P10_CV0,1,2,0,1,1
11,44.234,-122.277,ID11_F11_m11f11_P11_Y7_UO3481,ID11_F11_m11f11_P11_Y4_UO7321,ID11_F11_m11f11_P11_Y6_UO4872,FXX,3,0.0,1,0,1.0,0,0,0,-9999.0,0.8046875,1,P10_CV0,1,2,0,2,0
11,44.234,-122.277,ID11_F11_m11f11_P11_Y7_UO5400,ID11_F11_m11f11_P11_Y5_UO1296,ID11_F11_m11f11_P11_Y6_UO5019,FXX,3,0.0,1,0,1.0,0,0,0,-9999.0,0.8125,1,P10_CV0,1,2,0,2,0
11,44.234,-122.277,ID11_F11_m11f11_P11_Y7_UO2042,ID11_F11_m11f11_P11_Y5_UO1450,ID11_F11_m11f11_P11_Y6_UO4144,MXY,3,0.0,1,0,0.0,0,0,0,-9999.0,0.8515625,1,P10_CV0,1,2,0,2,0
11,44.234,-122.277,ID11_F11_m11f11_P11_Y7_UO3223,ID11_F11_m11f11_P11_Y4_UO7185,ID11_F11_m11f11_P11_Y6_UO4136,FXX,3,0.0,1,0,1.0,0,0,0,-9999.0,0.8203125,1,P10_CV0,1,2,0,1,1
11,44.234,-122.277,ID11_F11_m11f11_P11_Y7_UO2461,ID11_F11_m11f11_P11_Y4_UO3536,ID11_F11_m11f11_P11_Y6_UO6682,FXX,3,0.0,1,0,1.0,0,0,0,-9999.0,0.796875,1,P10_CV0,1,2,0,2,0
11,44.234,-122.277,ID11_F11_m11f11_P11_Y7_UO4484,ID11_F11_m11f11_P11_Y4_UO4287,ID11_F11_m11f11_P11_Y6_UO2641,FXX,3,0.0,1,0,1.0,0,0,0,-9999.0,0.765625,1,P10_CV0,1,2,0,2,0
11,44.234,-122.277,ID11_F11_m11f11_P11_Y7_UO2035,ID11_F11_m11f11_P11_Y5_UO1450,ID11_F11_m11f11_P11_Y6_UO4144,FXX,3,0.0,1,0,1.0,0,0,0,-9999.0,0.8515625,1,P10_CV0,1,2,0,2,0
11,44.234,-122.277,ID11_F11_m11f11_P11_Y7_UO5396,ID11_F11_m11f11_P11_Y5_UO1296,ID11_F11_m11f11_P11_Y6_UO5019,FXX,3,0.0,1,0,1.0,0,0,0,-9999.0,0.8125,1,P10_CV0,1,2,0,1,1
11,44.234,-122.277,ID11_F11_m11f11_P11_Y6_UO6492,ID11_F11_m11f11_P11_Y4_UO7321,ID11_F11_m11f11_P11_Y4_UO893,MXY,4,0.0,1,0,0.0,0,0,0,-9999.0,0.78125,1,P10_CV0,1,2,0,1,1
11,44.234,-122.277,ID11_F11_m11f11_P11_Y6_UO2739,ID11_F11_m11f11_P11_Y4_UO4941,ID11_F11_m11f11_P11_Y5_UO1582,FXX,4,0.0,1,0,1.0,0,0,0,-9999.0,0.859375,1,P10_CV0,1,2,0,2,0
11,44.234,-122.277,ID11_F11_m11f11_P11_Y6_UO7108,ID11_F11_m11f11_P11_Y3_UO4554,ID11_F11_m11f11_P11_Y5_UO3203,FXX,4,0.0,1,0,1.0,0,0,0,-9999.0,0.734375,1,P10_CV0,1,2,0,2,0
11,44.234,-122.277,ID11_F11_m11f11_P11_Y6_UO3632,ID11_F11_m11f11_P11_Y3_UO2075,ID11_F11_m11f11_P11_Y2_UO1546,FXX,4,0.0,1,0,1.0,0,0,0,-9999.0,0.8125,1,P10_CV0,1,2,0,0,2
11,44.234,-122.277,ID11_F11_m11f11_P11_Y6_UO4763,ID11_F11_m11f11_P11_Y4_UO5429,ID11_F11_m11f11_P11_Y4_UO4562,FXX,4,0.0,1,0,1.0,0,0,0,-9999.0,0.765625,1,P10_CV0,1,2,0,2,0
11,44.234,-122.277,ID11_F11_m11f11_P11_Y6_UO6534,ID11_F11_m11f11_P11_Y4_UO4903,ID11_F11_m11f11_P11_Y5_UO3839,MXY,4,0.0,1,0,0.0,0,0,0,-9999.0,0.8203125,1,P10_CV0,1,2,0,1,1
11,44.234,-122.277,ID11_F11_m11f11_P11_Y6_UO2736,ID11_F11_m11f11_P11_Y4_UO4941,ID11_F11_m11f11_P11_Y5_UO1582,MXY,4,0.0,1,0,0.0,0,0,0,-9999.0,0.859375,1,P10_CV0,1,2,0,2,0
11,44.234,-122.277,ID11_F11_m11f11_P11_Y6_UO6596,ID11_F11_m11f11_P11_Y4_UO4171,ID11_F11_m11f11_P11_Y4_UO7092,FXX,4,0.0,1,0,1.0,0,0,0,-9999.0,0.8125,1,P10_CV0,1,2,0,2,0
11,44.234,-122.277,ID11_F11_m11f11_P11_Y6_UO6141,ID11_F11_m11f11_P11_Y4_UO4979,ID11_F11_m11f11_P11_Y4_UO5368,FXX,4,0.0,1,0,1.0,0,0,0,-9999.0,0.71875,1,P10_CV0,1,2,0,2,0
11,44.234,-122.277,ID11_F11_m11f11_P11_Y6_UO4487,ID11_F11_m11f11_P11_Y4_UO4508,ID11_F11_m11f11_P11_Y4_UO5366,MXY,4,0.0,1,0,0.0,0,0,0,-9999.0,0.75,1,P10_CV0,1,2,0,1,1
11,44.234,-122.277,ID11_F11_m11f11_P11_Y6_UO5764,ID11_F11_m11f11_P11_Y4_UO7200,ID11_F11_m11f11_P11_Y5_UO3846,FXX,4,0.0,1,0,1.0,0,0,0,-9999.0,0.84375,1,P10_CV0,1,2,0,1,1
11,44.234,-122.277,ID11_F11_m11f11_P11_Y6_UO2301,ID11_F11_m11f11_P11_Y4_UO3181,ID11_F11_m11f11_P11_Y5_UO286,FXX,4,0.0,1,0,1.0,0,0,0,-9999.0,0.75,1,P10_CV0,1,2,0,2,0
11,44.234,-122.277,ID11_F11_m11f11_P11_Y6_UO2300,ID11_F11_m11f11_P11_Y4_UO3181,ID11_F11_m11f11_P11_Y5_UO286,MXY,4,0.0,1,0,0.0,0,0,0,-9999.0,0.75,1,P10_CV0,1,2,0,2,0
11,44.234,-122.277,ID11_F11_m11f11_P11_Y6_UO6684,ID11_F11_m11f11_P11_Y4_UO5029,ID11_F11_m11f11_P11_Y4_UO4849,FXX,4,0.0,1,0,1.0,0,0,0,-9999.0,0.78125,1,P10_CV0,1,2,0,2,0
11,44.234,-122.277,ID11_F11_m11f11_P11_Y6_UO2142,ID11_F11_m11f11_P11_Y4_UO5621,ID11_F11_m11f11_P11_Y5_UO5209,FXX,4,0.0,1,0,1.0,0,0,0,-9999.0,0.6484375,1,P10_CV0,1,2,0,1,1
11,44.234,-122.277,ID11_F11_m11f11_P11_Y6_UO5296,ID11_F11_m11f11_P11_Y4_UO2035,ID11_F11_m11f11_P11_Y4_UO4054,FXX,4,0.0,1,0,1.0,0,0,0,-9999.0,0.765625,1,P10_CV0,1,2,0,2,0
11,44.234,-122.277,ID11_F11_m11f11_P11_Y6_UO1305,ID11_F11_m11f11_P11_Y4_UO4287,ID11_F11_m11f11_P11_Y5_UO4752,FXX,4,0.0,1,0,1.0,0,0,0,-9999.0,0.8125,1,P10_CV0,1,2,0,2,0
11,44.234,-122.277,ID11_F11_m11f11_P11_Y6_UO802,ID11_F11_m11f11_P11_Y4_UO6152,ID11_F11_m11f11_P11_Y4_UO1337,MXY,4,0.0,1,0,0.0,0,0,0,-9999.0,0.828125,1,P10_CV0,1,2,0,2,0
11,44.234,-122.277,ID11_F11_m11f11_P11_Y6_UO5074,ID11_F11_m11f11_P11_Y4_UO3183,ID11_F11_m11f11_P11_Y5_UO2060,MXY,4,0.0,1,0,0.0,0,0,0,-9999.0,0.75,1,P10_CV0,1,2,0,2,0
11,44.234,-122.277,ID11_F11_m11f11_P11_Y6_UO2293,ID11_F11_m11f11_P11_Y4_UO3181,ID11_F11_m11f11_P11_Y5_UO286,FXX,4,0.0,1,0,1.0,0,0,0,-9999.0,0.75,1,P10_CV0,1,2,0,2,0
11,44.234,-122.277,ID11_F11_m11f11_P11_Y5_UO676,ID11_F11_m11f11_P11_Y2_UO3280,ID11_F11_m11f11_P11_Y4_UO5177,FXX,5,0.0,1,0,1.0,0,0,0,-9999.0,0.796875,1,P10_CV0,1,2,0,2,0
11,44.234,-122.277,ID11_F11_m11f11_P11_Y5_UO309,ID11_F11_m11f11_P11_Y3_UO4034,ID11_F11_m11f11_P11_Y4_UO5370,FXX,5,0.0,1,0,1.0,0,0,0,-9999.0,0.78125,1,P10_CV0,1,2,0,2,0
12,43.456,-122.761,ID12_F12_m12f12_P12_Y9_UO84,ID12_F12_m12f12_P12_Y6_UO567,ID12_F12_m12f12_P12_Y6_UO3153,MXY,1,0.0,1,0,0.0,0,0,0,-9999.0,0.8515625,1,P11_CV0,1,2,0,1,1
12,43.456,-122.761,ID12_F12_m12f12_P12_Y9_UO85,ID12_F12_m12f12_P12_Y6_UO567,ID12_F12_m12f12_P12_Y6_UO3153,FXX,1,0.0,1,0,1.0,0,0,0,-9999.0,0.8515625,1,P11_CV0,1,2,0,1,1
12,43.456,-122.761,ID12_F12_m12f12_P12_Y9_UO416,ID12_F12_m12f12_P12_Y7_UO4833,ID12_F12_m12f12_P12_Y8_UO4302,FXX,1,0.0,1,0,1.0,0,0,0,-9999.0,0.748046875,1,P11_CV0,1,2,0,1,1
12,43.456,-122.761,ID12_F12_m12f12_P12_Y9_UO417,ID12_F12_m12f12_P12_Y7_UO4833,ID12_F12_m12f12_P12_Y8_UO4302,MXY,1,0.0,1,0,0.0,0,0,0,-9999.0,0.748046875,1,P11_CV0,1,2,0,1,1
12,43.456,-122.761,ID12_F12_m12f12_P12_Y9_UO420,ID12_F12_m12f12_P12_Y7_UO4833,ID12_F12_m12f12_P12_Y8_UO4302,MXY,1,0.0,1,0,0.0,0,0,0,-9999.0,0.748046875,1,P11_CV0,1,2,0,0,2
12,43.456,-122.761,ID12_F12_m12f12_P12_Y9_UO482,ID12_F12_m12f12_P12_Y7_UO1488,ID12_F12_m12f12_P12_Y4_UO3214,FXX,1,0.0,1,0,1.0,0,0,0,-9999.0,0.796875,1,P11_CV0,1,2,0,1,1
12,43.456,-122.761,ID12_F12_m12f12_P12_Y9_UO484,ID12_F12_m12f12_P12_Y7_UO1488,ID12_F12_m12f12_P12_Y4_UO3214,FXX,1,0.0,1,0,1.0,0,0,0,-9999.0,0.796875,1,P11_CV0,1,2,0,2,0
12,43.456,-122.761,ID12_F12_m12f12_P12_Y9_UO486,ID12_F12_m12f12_P12_Y7_UO1488,ID12_F12_m12f12_P12_Y4_UO3214,FXX,1,0.0,1,0,1.0,0,0,0,-9999.0,0.796875,1,P11_CV0,1,2,0,2,0
12,43.456,-122.761,ID12_F12_m12f12_P12_Y9_UO576,ID12_F12_m12f12_P12_Y7_UO4764,ID12_F12_m12f12_P12_Y8_UO3420,MXY,1,0.0,1,0,0.0,0,0,0,-9999.0,0.75390625,1,P11_CV0,1,2,0,0,2
12,43.456,-122.761,ID12_F12_m12f12_P12_Y9_UO584,ID12_F12_m12f12_P12_Y7_UO4764,ID12_F12_m12f12_P12_Y8_UO3420,FXX,1,0.0,1,0,1.0,0,0,0,-9999.0,0.75390625,1,P11_CV0,1,2,0,0,2
12,43.456,-122.761,ID12_F12_m12f12_P12_Y9_UO585,ID12_F12_m12f12_P12_Y7_UO4764,ID12_F12_m12f12_P12_Y8_UO3420,MXY,1,0.0,1,0,0.0,0,0,0,-9999.0,0.75390625,1,P11_CV0,1,2,0,1,1
12,43.456,-122.761,ID12_F12_m12f12_P12_Y9_UO588,ID12_F12_m12f12_P12_Y7_UO4764,ID12_F12_m12f12_P12_Y8_UO3420,MXY,1,0.0,1,0,0.0,0,0,0,-9999.0,0.75390625,1,P11_CV0,1,2,0,0,2
12,43.456,-122.761,ID12_F12_m12f12_P12_Y9_UO589,ID12_F12_m12f12_P12_Y7_UO4764,ID12_F12_m12f12_P12_Y8_UO3420,FXX,1,0.0,1,0,1.0,0,0,0,-9999.0,0.75390625,1,P11_CV0,1,2,0,2,0
12,43.456,-122.761,ID12_F12_m12f12_P12_Y9_UO611,ID12_F12_m12f12_P12_Y7_UO4833,ID12_F12_m12f12_P12_Y8_UO2115,FXX,1,0.0,1,0,1.0,0,0,0,-9999.0,0.74609375,1,P11_CV0,1,2,0,1,1
12,43.456,-122.761,ID12_F12_m12f12_P12_Y9_UO613,ID12_F12_m12f12_P12_Y7_UO4833,ID12_F12_m12f12_P12_Y8_UO2115,MXY,1,0.0,1,0,0.0,0,0,0,-9999.0,0.74609375,1,P11_CV0,1,2,0,1,1
12,43.456,-122.761,ID12_F12_m12f12_P12_Y9_UO614,ID12_F12_m12f12_P12_Y7_UO4833,ID12_F12_m12f12_P12_Y8_UO2115,FXX,1,0.0,1,0,1.0,0,0,0,-9999.0,0.74609375,1,P11_CV0,1,2,0,0,2
12,43.456,-122.761,ID12_F12_m12f12_P12_Y9_UO706,ID12_F12_m12f12_P12_Y7_UO3730,ID12_F12_m12f12_P12_Y6_UO2478,MXY,1,0.0,1,0,0.0,0,0,0,-9999.0,0.78125,1,P11_CV0,1,2,0,0,2
12,43.456,-122.761,ID12_F12_m12f12_P12_Y9_UO707,ID12_F12_m12f12_P12_Y7_UO3730,ID12_F12_m12f12_P12_Y6_UO2478,FXX,1,0.0,1,0,1.0,0,0,0,-9999.0,0.78125,1,P11_CV0,1,2,0,0,2
12,43.456,-122.761,ID12_F12_m12f12_P12_Y9_UO708,ID12_F12_m12f12_P12_Y7_UO3730,ID12_F12_m12f12_P12_Y6_UO2478,MXY,1,0.0,1,0,0.0,0,0,0,-9999.0,0.78125,1,P11_CV0,1,2,0,0,2
12,43.456,-122.761,ID12_F12_m12f12_P12_Y9_UO709,ID12_F12_m12f12_P12_Y7_UO3730,ID12_F12_m12f12_P12_Y6_UO2478,FXX,1,0.0,1,0,1.0,0,0,0,-9999.0,0.78125,1,P11_CV0,1,2,0,0,2
12,43.456,-122.761,ID12_F12_m12f12_P12_Y9_UO710,ID12_F12_m12f12_P12_Y7_UO1488,ID12_F12_m12f12_P12_Y8_UO5248,MXY,1,0.0,1,0,0.0,0,0,0,-9999.0,0.84765625,1,P11_CV0,1,2,0,1,1
12,43.456,-122.761,ID12_F12_m12f12_P12_Y9_UO711,ID12_F12_m12f12_P12_Y7_UO1488,ID12_F12_m12f12_P12_Y8_UO5248,FXX,1,0.0,1,0,1.0,0,0,0,-9999.0,0.84765625,1,P11_CV0,1,2,0,1,1
12,43.456,-122.761,ID12_F12_m12f12_P12_Y9_UO712,ID12_F12_m12f12_P12_Y7_UO1488,ID12_F12_m12f12_P12_Y8_UO5248,MXY,1,0.0,1,0,0.0,0,0,0,-9999.0,0.84765625,1,P11_CV0,1,2,0,0,2
12,43.456,-122.761,ID12_F12_m12f12_P12_Y9_UO740,ID12_F12_m12f12_P12_Y7_UO3730,ID12_F12_m12f12_P12_Y8_UO3085,FXX,1,0.0,1,0,1.0,0,0,0,-9999.0,0.8046875,1,P11_CV0,1,2,0,1,1
12,43.456,-122.761,ID12_F12_m12f12_P12_Y9_UO741,ID12_F12_m12f12_P12_Y7_UO3730,ID12_F12_m12f12_P12_Y8_UO3085,MXY,1,0.0,1,0,0.0,0,0,0,-9999.0,0.8046875,1,P11_CV0,1,2,0,1,1
12,43.456,-122.761,ID12_F12_m12f12_P12_Y9_UO745,ID12_F12_m12f12_P12_Y7_UO2426,ID12_F12_m12f12_P12_Y7_UO875,MXY,1,0.0,1,0,0.0,0,0,0,-9999.0,0.7734375,1,P11_CV0,1,2,0,2,0
12,43.456,-122.761,ID12_F12_m12f12_P12_Y9_UO746,ID12_F12_m12f12_P12_Y7_UO2426,ID12_F12_m12f12_P12_Y7_UO875,FXX,1,0.0,1,0,1.0,0,0,0,-9999.0,0.7734375,1,P11_CV0,1,2,0,1,1
12,43.456,-122.761,ID12_F12_m12f12_P12_Y9_UO748,ID12_F12_m12f12_P12_Y7_UO2426,ID12_F12_m12f12_P12_Y7_UO875,MXY,1,0.0,1,0,0.0,0,0,0,-9999.0,0.7734375,1,P11_CV0,1,2,0,2,0
12,43.456,-122.761,ID12_F12_m12f12_P12_Y9_UO750,ID12_F12_m12f12_P12_Y7_UO2426,ID12_F12_m12f12_P12_Y7_UO875,MXY,1,0.0,1,0,0.0,0,0,0,-9999.0,0.7734375,1,P11_CV0,1,2,0,1,1
12,43.456,-122.761,ID12_F12_m12f12_P12_Y9_UO778,ID12_F12_m12f12_P12_Y5_UO3018,ID12_F12_m12f12_P12_Y8_UO5675,MXY,1,0.0,1,0,0.0,0,0,0,-9999.0,0.81640625,1,P11_CV0,1,2,0,1,1
12,43.456,-122.761,ID12_F12_m12f12_P12_Y9_UO779,ID12_F12_m12f12_P12_Y5_UO3018,ID12_F12_m12f12_P12_Y8_UO5675,MXY,1,0.0,1,0,0.0,0,0,0,-9999.0,0.81640625,1,P11_CV0,1,2,0,2,0
12,43.456,-122.761,ID12_F12_m12f12_P12_Y9_UO781,ID12_F12_m12f12_P12_Y5_UO3018,ID12_F12_m12f12_P12_Y8_UO5675,FXX,1,0.0,1,0,1.0,0,0,0,-9999.0,0.81640625,1,P11_CV0,1,2,0,0,2
12,43.456,-122.761,ID12_F12_m12f12_P12_Y9_UO783,ID12_F12_m12f12_P12_Y5_UO3018,ID12_F12_m12f12_P12_Y8_UO5675,MXY,1,0.0,1,0,0.0,0,0,0,-9999.0,0.81640625,1,P11_CV0,1,2,0,2,0
12,43.456,-122.761,ID12_F12_m12f12_P12_Y9_UO987,ID12_F12_m12f12_P12_Y6_UO4740,ID12_F12_m12f12_P12_Y8_UO6183,MXY,1,0.0,1,0,0.0,0,0,0,-9999.0,0.78125,1,P11_CV0,1,2,0,0,2
12,43.456,-122.761,ID12_F12_m12f12_P12_Y9_UO989,ID12_F12_m12f12_P12_Y6_UO4740,ID12_F12_m12f12_P12_Y8_UO6183,MXY,1,0.0,1,0,0.0,0,0,0,-9999.0,0.78125,1,P11_CV0,1,2,0,0,2
12,43.456,-122.761,ID12_F12_m12f12_P12_Y9_UO990,ID12_F12_m12f12_P12_Y6_UO4740,ID12_F12_m12f12_P12_Y8_UO6183,MXY,1,0.0,1,0,0.0,0,0,0,-9999.0,0.78125,1,P11_CV0,1,2,0,0,2
12,43.456,-122.761,ID12_F12_m12f12_P12_Y9_UO995,ID12_F12_m12f12_P12_Y6_UO4740,ID12_F12_m12f12_P12_Y8_UO6183,MXY,1,0.0,1,0,0.0,0,0,0,-9999.0,0.78125,1,P11_CV0,1,2,0,0,2
12,43.456,-122.761,ID12_F12_m12f12_P12_Y9_UO1083,ID12_F12_m12f12_P12_Y7_UO3730,ID12_F12_m12f12_P12_Y8_UO7509,MXY,1,0.0,1,0,0.0,0,0,0,-9999.0,0.80078125,1,P11_CV0,1,2,0,1,1
12,43.456,-122.761,ID12_F12_m12f12_P12_Y9_UO1084,ID12_F12_m12f12_P12_Y7_UO3730,ID12_F12_m12f12_P12_Y8_UO7509,MXY,1,0.0,1,0,0.0,0,0,0,-9999.0,0.80078125,1,P11_CV0,1,2,0,0,2
12,43.456,-122.761,ID12_F12_m12f12_P12_Y9_UO1183,ID12_F12_m12f12_P12_Y7_UO149,ID12_F12_m12f12_P12_Y7_UO4628,FXX,1,0.0,1,0,1.0,0,0,0,-9999.0,0.796875,1,P11_CV0,1,2,0,2,0
12,43.456,-122.761,ID12_F12_m12f12_P12_Y9_UO1186,ID12_F12_m12f12_P12_Y7_UO149,ID12_F12_m12f12_P12_Y7_UO4628,FXX,1,0.0,1,0,1.0,0,0,0,-9999.0,0.796875,1,P11_CV0,1,2,0,1,1
12,43.456,-122.761,ID12_F12_m12f12_P12_Y9_UO1188,ID12_F12_m12f12_P12_Y7_UO149,ID12_F12_m12f12_P12_Y7_UO4628,FXX,1,0.0,1,0,1.0,0,0,0,-9999.0,0.796875,1,P11_CV0,1,2,0,1,1
12,43.456,-122.761,ID12_F12_m12f12_P12_Y9_UO1190,ID12_F12_m12f12_P12_Y7_UO149,ID12_F12_m12f12_P12_Y7_UO4628,MXY,1,0.0,1,0,0.0,0,0,0,-9999.0,0.796875,1,P11_CV0,1,2,0,2,0
12,43.456,-122.761,ID12_F12_m12f12_P12_Y9_UO1192,ID12_F12_m12f12_P12_Y7_UO149,ID12_F12_m12f12_P12_Y7_UO4628,FXX,1,0.0,1,0,1.0,0,0,0,-9999.0,0.796875,1,P11_CV0,1,2,0,2,0
12,43.456,-122.761,ID12_F12_m12f12_P12_Y9_UO1193,ID12_F12_m12f12_P12_Y7_UO149,ID12_F12_m12f12_P12_Y7_UO4628,MXY,1,0.0,1,0,0.0,0,0,0,-9999.0,0.796875,1,P11_CV0,1,2,0,2,0
12,43.456,-122.761,ID12_F12_m12f12_P12_Y9_UO1194,ID12_F12_m12f12_P12_Y7_UO149,ID12_F12_m12f12_P12_Y7_UO4628,FXX,1,0.0,1,0,1.0,0,0,0,-9999.0,0.796875,1,P11_CV0,1,2,0,2,0
12,43.456,-122.761,ID12_F12_m12f12_P12_Y9_UO1195,ID12_F12_m12f12_P12_Y7_UO149,ID12_F12_m12f12_P12_Y7_UO4628,MXY,1,0.0,1,0,0.0,0,0,0,-9999.0,0.796875,1,P11_CV0,1,2,0,2,0
12,43.456,-122.761,ID12_F12_m12f12_P12_Y9_UO1198,ID12_F12_m12f12_P12_Y7_UO149,ID12_F12_m12f12_P12_Y7_UO4628,FXX,1,0.0,1,0,1.0,0,0,0,-9999.0,0.796875,1,P11_CV0,1,2,0,2,0
12,43.456,-122.761,ID12_F12_m12f12_P12_Y9_UO1395,ID12_F12_m12f12_P12_Y7_UO3092,ID12_F12_m12f12_P12_Y8_UO705,MXY,1,0.0,1,0,0.0,0,0,0,-9999.0,0.8515625,1,P11_CV0,1,2,0,0,2
12,43.456,-122.761,ID12_F12_m12f12_P12_Y9_UO1398,ID12_F12_m12f12_P12_Y7_UO3092,ID12_F12_m12f12_P12_Y8_UO705,MXY,1,0.0,1,0,0.0,0,0,0,-9999.0,0.8515625,1,P11_CV0,1,2,0,1,1
12,43.456,-122.761,ID12_F12_m12f12_P12_Y9_UO1399,ID12_F12_m12f12_P12_Y7_UO3092,ID12_F12_m12f12_P12_Y8_UO705,FXX,1,0.0,1,0,1.0,0,0,0,-9999.0,0.8515625,1,P11_CV0,1,2,0,0,2
12,43.456,-122.761,ID12_F12_m12f12_P12_Y9_UO1501,ID12_F12_m12f12_P12_Y6_UO1737,ID12_F12_m12f12_P12_Y7_UO866,FXX,1,0.0,1,0,1.0,0,0,0,-9999.0,0.8046875,1,P11_CV0,1,2,0,2,0
12,43.456,-122.761,ID12_F12_m12f12_P12_Y9_UO1504,ID12_F12_m12f12_P12_Y6_UO1737,ID12_F12_m12f12_P12_Y7_UO866,MXY,1,0.0,1,0,0.0,0,0,0,-9999.0,0.8046875,1,P11_CV0,1,2,0,1,1
12,43.456,-122.761,ID12_F12_m12f12_P12_Y9_UO1505,ID12_F12_m12f12_P12_Y6_UO1737,ID12_F12_m12f12_P12_Y7_UO866,FXX,1,0.0,1,0,1.0,0,0,0,-9999.0,0.8046875,1,P11_CV0,1,2,0,0,2
12,43.456,-122.761,ID12_F12_m12f12_P12_Y9_UO1604,ID12_F12_m12f12_P12_Y7_UO3730,ID12_F12_m12f12_P12_Y8_UO7584,MXY,1,0.0,1,0,0.0,0,0,0,-9999.0,0.798828125,1,P11_CV0,1,2,0,0,2
12,43.456,-122.761,ID12_F12_m12f12_P12_Y9_UO1608,ID12_F12_m12f12_P12_Y7_UO3730,ID12_F12_m12f12_P12_Y8_UO7584,FXX,1,0.0,1,0,1.0,0,0,0,-9999.0,0.798828125,1,P11_CV0,1,2,0,0,2
12,43.456,-122.761,ID12_F12_m12f12_P12_Y9_UO1879,ID12_F12_m12f12_P12_Y6_UO6748,ID12_F12_m12f12_P12_Y8_UO2067,FXX,1,0.0,1,0,1.0,0,0,0,-9999.0,0.8046875,1,P11_CV0,1,2,0,1,1
12,43.456,-122.761,ID12_F12_m12f12_P12_Y9_UO1881,ID12_F12_m12f12_P12_Y6_UO6748,ID12_F12_m12f12_P12_Y8_UO2067,MXY,1,0.0,1,0,0.0,0,0,0,-9999.0,0.8046875,1,P11_CV0,1,2,0,1,1
12,43.456,-122.761,ID12_F12_m12f12_P12_Y9_UO1882,ID12_F12_m12f12_P12_Y6_UO6748,ID12_F12_m12f12_P12_Y8_UO2067,FXX,1,0.0,1,0,1.0,0,0,0,-9999.0,0.8046875,1,P11_CV0,1,2,0,1,1
12,43.456,-122.761,ID12_F12_m12f12_P12_Y9_UO1883,ID12_F12_m12f12_P12_Y6_UO6748,ID12_F12_m12f12_P12_Y8_UO2067,FXX,1,0.0,1,0,1.0,0,0,0,-9999.0,0.8046875,1,P11_CV0,1,2,0,1,1
12,43.456,-122.761,ID12_F12_m12f12_P12_Y9_UO1884,ID12_F12_m12f12_P12_Y6_UO6748,ID12_F12_m12f12_P12_Y8_UO2067,FXX,1,0.0,1,0,1.0,0,0,0,-9999.0,0.8046875,1,P11_CV0,1,2,0,0,2
12,43.456,-122.761,ID12_F12_m12f12_P12_Y9_UO1886,ID12_F12_m12f12_P12_Y6_UO6748,ID12_F12_m12f12_P12_Y8_UO2067,FXX,1,0.0,1,0,1.0,0,0,0,-9999.0,0.8046875,1,P11_CV0,1,2,0,1,1
12,43.456,-122.761,ID12_F12_m12f12_P12_Y9_UO1887,ID12_F12_m12f12_P12_Y6_UO6748,ID12_F12_m12f12_P12_Y8_UO2067,FXX,1,0.0,1,0,1.0,0,0,0,-9999.0,0.8046875,1,P11_CV0,1,2,0,0,2
12,43.456,-122.761,ID12_F12_m12f12_P12_Y9_UO1888,ID12_F12_m12f12_P12_Y6_UO6748,ID12_F12_m12f12_P12_Y8_UO2067,FXX,1,0.0,1,0,1.0,0,0,0,-9999.0,0.8046875,1,P11_CV0,1,2,0,1,1
12,43.456,-122.761,ID12_F12_m12f12_P12_Y9_UO2056,ID12_F12_m12f12_P12_Y5_UO2956,ID12_F12_m12f12_P12_Y8_UO1688,MXY,1,0.0,1,0,0.0,0,0,0,-9999.0,0.765625,1,P11_CV0,1,2,0,2,0
12,43.456,-122.761,ID12_F12_m12f12_P12_Y9_UO2211,ID12_F12_m12f12_P12_Y6_UO2010,ID12_F12_m12f12_P12_Y8_UO5133,MXY,1,0.0,1,0,0.0,0,0,0,-9999.0,0.828125,1,P11_CV0,1,2,0,1,1
12,43.456,-122.761,ID12_F12_m12f12_P12_Y9_UO2213,ID12_F12_m12f12_P12_Y6_UO2010,ID12_F12_m12f12_P12_Y8_UO5133,MXY,1,0.0,1,0,0.0,0,0,0,-9999.0,0.828125,1,P11_CV0,1,2,0,1,1
12,43.456,-122.761,ID12_F12_m12f12_P12_Y9_UO2215,ID12_F12_m12f12_P12_Y6_UO2010,ID12_F12_m12f12_P12_Y8_UO5133,FXX,1,0.0,1,0,1.0,0,0,0,-9999.0,0.828125,1,P11_CV0,1,2,0,1,1
12,43.456,-122.761,ID12_F12_m12f12_P12_Y9_UO2217,ID12_F12_m12f12_P12_Y6_UO2010,ID12_F12_m12f12_P12_Y8_UO5133,MXY,1,0.0,1,0,0.0,0,0,0,-9999.0,0.828125,1,P11_CV0,1,2,0,1,1
12,43.456,-122.761,ID12_F12_m12f12_P12_Y9_UO2219,ID12_F12_m12f12_P12_Y6_UO2010,ID12_F12_m12f12_P12_Y8_UO5133,FXX,1,0.0,1,0,1.0,0,0,0,-9999.0,0.828125,1,P11_CV0,1,2,0,1,1
12,43.456,-122.761,ID12_F12_m12f12_P12_Y9_UO2220,ID12_F12_m12f12_P12_Y6_UO2010,ID12_F12_m12f12_P12_Y8_UO5133,FXX,1,0.0,1,0,1.0,0,0,0,-9999.0,0.828125,1,P11_CV0,1,2,0,1,1
12,43.456,-122.761,ID12_F12_m12f12_P12_Y9_UO2246,ID12_F12_m12f12_P12_Y7_UO4833,ID12_F12_m12f12_P12_Y7_UO157,MXY,1,0.0,1,0,0.0,0,0,0,-9999.0,0.765625,1,P11_CV0,1,2,0,2,0
12,43.456,-122.761,ID12_F12_m12f12_P12_Y9_UO2249,ID12_F12_m12f12_P12_Y7_UO4833,ID12_F12_m12f12_P12_Y7_UO157,MXY,1,0.0,1,0,0.0,0,0,0,-9999.0,0.765625,1,P11_CV0,1,2,0,0,2
12,43.456,-122.761,ID12_F12_m12f12_P12_Y9_UO2264,ID12_F12_m12f12_P12_Y7_UO2858,ID12_F12_m12f12_P12_Y4_UO3214,MXY,1,0.0,1,0,0.0,0,0,0,-9999.0,0.77734375,1,P11_CV0,1,2,0,2,0
12,43.456,-122.761,ID12_F12_m12f12_P12_Y9_UO2265,ID12_F12_m12f12_P12_Y7_UO2858,ID12_F12_m12f12_P12_Y4_UO3214,MXY,1,0.0,1,0,0.0,0,0,0,-9999.0,0.77734375,1,P11_CV0,1,2,0,2,0
12,43.456,-122.761,ID12_F12_m12f12_P12_Y9_UO2267,ID12_F12_m12f12_P12_Y7_UO2858,ID12_F12_m12f12_P12_Y4_UO3214,FXX,1,0.0,1,0,1.0,0,0,0,-9999.0,0.77734375,1,P11_CV0,1,2,0,2,0
12,43.456,-122.761,ID12_F12_m12f12_P12_Y9_UO2269,ID12_F12_m12f12_P12_Y7_UO2858,ID12_F12_m12f12_P12_Y4_UO3214,FXX,1,0.0,1,0,1.0,0,0,0,-9999.0,0.77734375,1,P11_CV0,1,2,0,1,1
12,43.456,-122.761,ID12_F12_m12f12_P12_Y9_UO2277,ID12_F12_m12f12_P12_Y7_UO3092,ID12_F12_m12f12_P12_Y8_UO2337,FXX,1,0.0,1,0,1.0,0,0,0,-9999.0,0.83984375,1,P11_CV0,1,2,0,0,2
12,43.456,-122.761,ID12_F12_m12f12_P12_Y9_UO2278,ID12_F12_m12f12_P12_Y7_UO3092,ID12_F12_m12f12_P12_Y8_UO2337,FXX,1,0.0,1,0,1.0,0,0,0,-9999.0,0.83984375,1,P11_CV0,1,2,0,1,1
12,43.456,-122.761,ID12_F12_m12f12_P12_Y9_UO2279,ID12_F12_m12f12_P12_Y7_UO3092,ID12_F12_m12f12_P12_Y8_UO2337,FXX,1,0.0,1,0,1.0,0,0,0,-9999.0,0.83984375,1,P11_CV0,1,2,0,0,2
12,43.456,-122.761,ID12_F12_m12f12_P12_Y9_UO2314,ID12_F12_m12f12_P12_Y7_UO4832,ID12_F12_m12f12_P12_Y6_UO6488,MXY,1,0.0,1,0,0.0,0,0,0,-9999.0,0.7265625,1,P11_CV0,1,2,0,1,1
12,43.456,-122.761,ID12_F12_m12f12_P12_Y9_UO2316,ID12_F12_m12f12_P12_Y7_UO4832,ID12_F12_m12f12_P12_Y6_UO6488,MXY,1,0.0,1,0,0.0,0,0,0,-9999.0,0.7265625,1,P11_CV0,1,2,0,1,1
12,43.456,-122.761,ID12_F12_m12f12_P12_Y9_UO2339,ID12_F12_m12f12_P12_Y6_UO567,ID12_F12_m12f12_P12_Y8_UO1266,MXY,1,0.0,1,0,0.0,0,0,0,-9999.0,0.8984375,1,P11_CV0,1,2,0,1,1
12,43.456,-122.761,ID12_F12_m12f12_P12_Y9_UO2340,ID12_F12_m12f12_P12_Y6_UO567,ID12_F12_m12f12_P12_Y8_UO1266,MXY,1,0.0,1,0,0.0,0,0,0,-9999.0,0.8984375,1,P11_CV0,1,2,0,0,2
12,43.456,-122.761,ID12_F12_m12f12_P12_Y9_UO2343,ID12_F12_m12f12_P12_Y6_UO567,ID12_F12_m12f12_P12_Y8_UO1266,FXX,1,0.0,1,0,1.0,0,0,0,-9999.0,0.8984375,1,P11_CV0,1,2,0,0,2
12,43.456,-122.761,ID12_F12_m12f12_P12_Y9_UO2896,ID12_F12_m12f12_P12_Y6_UO7313,ID12_F12_m12f12_P12_Y8_UO3440,MXY,1,0.0,1,0,0.0,0,0,0,-9999.0,0.8125,1,P11_CV0,1,2,0,2,0
12,43.456,-122.761,ID12_F12_m12f12_P12_Y9_UO2898,ID12_F12_m12f12_P12_Y6_UO7313,ID12_F12_m12f12_P12_Y8_UO3440,FXX,1,0.0,1,0,1.0,0,0,0,-9999.0,0.8125,1,P11_CV0,1,2,0,2,0
12,43.456,-122.761,ID12_F12_m12f12_P12_Y9_UO3273,ID12_F12_m12f12_P12_Y7_UO1483,ID12_F12_m12f12_P12_Y8_UO458,FXX,1,0.0,1,0,1.0,0,0,0,-9999.0,0.765625,1,P11_CV0,1,2,0,1,1
12,43.456,-122.761,ID12_F12_m12f12_P12_Y9_UO3279,ID12_F12_m12f12_P12_Y7_UO1483,ID12_F12_m12f12_P12_Y8_UO458,MXY,1,0.0,1,0,0.0,0,0,0,-9999.0,0.765625,1,P11_CV0,1,2,0,1,1
12,43.456,-122.761,ID12_F12_m12f12_P12_Y9_UO3500,ID12_F12_m12f12_P12_Y5_UO2956,ID12_F12_m12f12_P12_Y8_UO2196,MXY,1,0.0,1,0,0.0,0,0,0,-9999.0,0.767578125,1,P11_CV0,1,2,0,1,1
12,43.456,-122.761,ID12_F12_m12f12_P12_Y9_UO3501,ID12_F12_m12f12_P12_Y5_UO2956,ID12_F12_m12f12_P12_Y8_UO2196,MXY,1,0.0,1,0,0.0,0,0,0,-9999.0,0.767578125,1,P11_CV0,1,2,0,1,1
12,43.456,-122.761,ID12_F12_m12f12_P12_Y9_UO3503,ID12_F12_m12f12_P12_Y5_UO2956,ID12_F12_m12f12_P12_Y8_UO2196,MXY,1,0.0,1,0,0.0,0,0,0,-9999.0,0.767578125,1,P11_CV0,1,2,0,2,0
12,43.456,-122.761,ID12_F12_m12f12_P12_Y9_UO3516,ID12_F12_m12f12_P12_Y6_UO1737,ID12_F12_m12f12_P12_Y8_UO6454,MXY,1,0.0,1,0,0.0,0,0,0,-9999.0,0.90234375,1,P11_CV0,1,2,0,0,2
12,43.456,-122.761,ID12_F12_m12f12_P12_Y9_UO3615,ID12_F12_m12f12_P12_Y7_UO3092,ID12_F12_m12f12_P12_Y8_UO6405,MXY,1,0.0,1,0,0.0,0,0,0,-9999.0,0.84765625,1,P11_CV0,1,2,0,1,1
12,43.456,-122.761,ID12_F12_m12f12_P12_Y9_UO3617,ID12_F12_m12f12_P12_Y7_UO3092,ID12_F12_m12f12_P12_Y8_UO6405,MXY,1,0.0,1,0,0.0,0,0,0,-9999.0,0.84765625,1,P11_CV0,1,2,0,1,1
12,43.456,-122.761,ID12_F12_m12f12_P12_Y9_UO3883,ID12_F12_m12f12_P12_Y5_UO2956,ID12_F12_m12f12_P12_Y8_UO4127,FXX,1,0.0,1,0,1.0,0,0,0,-9999.0,0.76171875,1,P11_CV0,1,2,0,1,1
12,43.456,-122.761,ID12_F12_m12f12_P12_Y9_UO3884,ID12_F12_m12f12_P12_Y5_UO2956,ID12_F12_m12f12_P12_Y8_UO4127,FXX,1,0.0,1,0,1.0,0,0,0,-9999.0,0.76171875,1,P11_CV0,1,2,0,1,1
12,43.456,-122.761,ID12_F12_m12f12_P12_Y9_UO3889,ID12_F12_m12f12_P12_Y7_UO2617,ID12_F12_m12f12_P12_Y8_UO1688,FXX,1,0.0,1,0,1.0,0,0,0,-9999.0,0.8515625,1,P11_CV0,1,2,0,2,0
12,43.456,-122.761,ID12_F12_m12f12_P12_Y9_UO3892,ID12_F12_m12f12_P12_Y7_UO2617,ID12_F12_m12f12_P12_Y8_UO1688,FXX,1,0.0,1,0,1.0,0,0,0,-9999.0,0.8515625,1,P11_CV0,1,2,0,1,1
12,43.456,-122.761,ID12_F12_m12f12_P12_Y9_UO3893,ID12_F12_m12f12_P12_Y7_UO2617,ID12_F12_m12f12_P12_Y8_UO1688,FXX,1,0.0,1,0,1.0,0,0,0,-9999.0,0.8515625,1,P11_CV0,1,2,0,1,1
12,43.456,-122.761,ID12_F12_m12f12_P12_Y9_UO3894,ID12_F12_m12f12_P12_Y7_UO2617,ID12_F12_m12f12_P12_Y8_UO1688,MXY,1,0.0,1,0,0.0,0,0,0,-9999.0,0.8515625,1,P11_CV0,1,2,0,1,1
12,43.456,-122.761,ID12_F12_m12f12_P12_Y9_UO3895,ID12_F12_m12f12_P12_Y7_UO2617,ID12_F12_m12f12_P12_Y8_UO1688,FXX,1,0.0,1,0,1.0,0,0,0,-9999.0,0.8515625,1,P11_CV0,1,2,0,2,0
12,43.456,-122.761,ID12_F12_m12f12_P12_Y9_UO3897,ID12_F12_m12f12_P12_Y7_UO2617,ID12_F12_m12f12_P12_Y8_UO1688,FXX,1,0.0,1,0,1.0,0,0,0,-9999.0,0.8515625,1,P11_CV0,1,2,0,1,1
12,43.456,-122.761,ID12_F12_m12f12_P12_Y9_UO3898,ID12_F12_m12f12_P12_Y7_UO2617,ID12_F12_m12f12_P12_Y8_UO1688,MXY,1,0.0,1,0,0.0,0,0,0,-9999.0,0.8515625,1,P11_CV0,1,2,0,2,0
12,43.456,-122.761,ID12_F12_m12f12_P12_Y9_UO3899,ID12_F12_m12f12_P12_Y7_UO2617,ID12_F12_m12f12_P12_Y8_UO1688,FXX,1,0.0,1,0,1.0,0,0,0,-9999.0,0.8515625,1,P11_CV0,1,2,0,2,0
12,43.456,-122.761,ID12_F12_m12f12_P12_Y9_UO3900,ID12_F12_m12f12_P12_Y7_UO2617,ID12_F12_m12f12_P12_Y8_UO1688,FXX,1,0.0,1,0,1.0,0,0,0,-9999.0,0.8515625,1,P11_CV0,1,2,0,1,1
12,43.456,-122.761,ID12_F12_m12f12_P12_Y9_UO4163,ID12_F12_m12f12_P12_Y6_UO3937,ID12_F12_m12f12_P12_Y8_UO109,MXY,1,0.0,1,0,0.0,0,0,0,-9999.0,0.7734375,1,P11_CV0,1,2,0,1,1
12,43.456,-122.761,ID12_F12_m12f12_P12_Y9_UO4211,ID12_F12_m12f12_P12_Y6_UO1924,ID12_F12_m12f12_P12_Y8_UO6237,FXX,1,0.0,1,0,1.0,0,0,0,-9999.0,0.75390625,1,P11_CV0,1,2,0,0,2
12,43.456,-122.761,ID12_F12_m12f12_P12_Y9_UO4214,ID12_F12_m12f12_P12_Y6_UO1924,ID12_F12_m12f12_P12_Y8_UO6237,MXY,1,0.0,1,0,0.0,0,0,0,-9999.0,0.75390625,1,P11_CV0,1,2,0,0,2
12,43.456,-122.761,ID12_F12_m12f12_P12_Y9_UO4279,ID12_F12_m12f12_P12_Y7_UO1483,ID12_F12_m12f12_P12_Y8_UO7197,FXX,1,0.0,1,0,1.0,0,0,0,-9999.0,0.859375,1,P11_CV0,1,2,0,2,0
12,43.456,-122.761,ID12_F12_m12f12_P12_Y9_UO4281,ID12_F12_m12f12_P12_Y7_UO1483,ID12_F12_m12f12_P12_Y8_UO7197,FXX,1,0.0,1,0,1.0,0,0,0,-9999.0,0.859375,1,P11_CV0,1,2,0,0,2
12,43.456,-122.761,ID12_F12_m12f12_P12_Y9_UO4282,ID12_F12_m12f12_P12_Y7_UO1483,ID12_F12_m12f12_P12_Y8_UO7197,FXX,1,0.0,1,0,1.0,0,0,0,-9999.0,0.859375,1,P11_CV0,1,2,0,2,0
12,43.456,-122.761,ID12_F12_m12f12_P12_Y9_UO4283,ID12_F12_m12f12_P12_Y7_UO1483,ID12_F12_m12f12_P12_Y8_UO7197,MXY,1,0.0,1,0,0.0,0,0,0,-9999.0,0.859375,1,P11_CV0,1,2,0,1,1
12,43.456,-122.761,ID12_F12_m12f12_P12_Y9_UO4287,ID12_F12_m12f12_P12_Y7_UO1483,ID12_F12_m12f12_P12_Y8_UO7197,FXX,1,0.0,1,0,1.0,0,0,0,-9999.0,0.859375,1,P11_CV0,1,2,0,2,0
12,43.456,-122.761,ID12_F12_m12f12_P12_Y9_UO4338,ID12_F12_m12f12_P12_Y6_UO1737,ID12_F12_m12f12_P12_Y7_UO2622,FXX,1,0.0,1,0,1.0,0,0,0,-9999.0,0.890625,1,P11_CV0,1,2,0,2,0
12,43.456,-122.761,ID12_F12_m12f12_P12_Y9_UO4339,ID12_F12_m12f12_P12_Y6_UO1737,ID12_F12_m12f12_P12_Y7_UO2622,MXY,1,0.0,1,0,0.0,0,0,0,-9999.0,0.890625,1,P11_CV0,1,2,0,2,0
12,43.456,-122.761,ID12_F12_m12f12_P12_Y9_UO4340,ID12_F12_m12f12_P12_Y6_UO1737,ID12_F12_m12f12_P12_Y7_UO2622,MXY,1,0.0,1,0,0.0,0,0,0,-9999.0,0.890625,1,P11_CV0,1,2,0,1,1
12,43.456,-122.761,ID12_F12_m12f12_P12_Y9_UO4747,ID12_F12_m12f12_P12_Y7_UO4768,ID12_F12_m12f12_P12_Y8_UO109,FXX,1,0.0,1,0,1.0,0,0,0,-9999.0,0.78515625,1,P11_CV0,1,2,0,2,0
12,43.456,-122.761,ID12_F12_m12f12_P12_Y9_UO4750,ID12_F12_m12f12_P12_Y7_UO4768,ID12_F12_m12f12_P12_Y8_UO109,FXX,1,0.0,1,0,1.0,0,0,0,-9999.0,0.78515625,1,P11_CV0,1,2,0,2,0
12,43.456,-122.761,ID12_F12_m12f12_P12_Y9_UO4752,ID12_F12_m12f12_P12_Y7_UO4768,ID12_F12_m12f12_P12_Y8_UO109,MXY,1,0.0,1,0,0.0,0,0,0,-9999.0,0.78515625,1,P11_CV0,1,2,0,1,1
12,43.456,-122.761,ID12_F12_m12f12_P12_Y9_UO4756,ID12_F12_m12f12_P12_Y7_UO4768,ID12_F12_m12f12_P12_Y8_UO109,MXY,1,0.0,1,0,0.0,0,0,0,-9999.0,0.78515625,1,P11_CV0,1,2,0,2,0
12,43.456,-122.761,ID12_F12_m12f12_P12_Y9_UO4757,ID12_F12_m12f12_P12_Y7_UO4768,ID12_F12_m12f12_P12_Y8_UO109,MXY,1,0.0,1,0,0.0,0,0,0,-9999.0,0.78515625,1,P11_CV0,1,2,0,1,1
12,43.456,-122.761,ID12_F12_m12f12_P12_Y9_UO4758,ID12_F12_m12f12_P12_Y7_UO4768,ID12_F12_m12f12_P12_Y8_UO109,MXY,1,0.0,1,0,0.0,0,0,0,-9999.0,0.78515625,1,P11_CV0,1,2,0,1,1
12,43.456,-122.761,ID12_F12_m12f12_P12_Y9_UO4760,ID12_F12_m12f12_P12_Y7_UO4768,ID12_F12_m12f12_P12_Y8_UO109,FXX,1,0.0,1,0,1.0,0,0,0,-9999.0,0.78515625,1,P11_CV0,1,2,0,2,0
12,43.456,-122.761,ID12_F12_m12f12_P12_Y9_UO4761,ID12_F12_m12f12_P12_Y7_UO4768,ID12_F12_m12f12_P12_Y8_UO109,FXX,1,0.0,1,0,1.0,0,0,0,-9999.0,0.78515625,1,P11_CV0,1,2,0,1,1
12,43.456,-122.761,ID12_F12_m12f12_P12_Y9_UO4762,ID12_F12_m12f12_P12_Y7_UO4768,ID12_F12_m12f12_P12_Y8_UO109,MXY,1,0.0,1,0,0.0,0,0,0,-9999.0,0.78515625,1,P11_CV0,1,2,0,2,0
12,43.456,-122.761,ID12_F12_m12f12_P12_Y9_UO4854,ID12_F12_m12f12_P12_Y7_UO4832,ID12_F12_m12f12_P12_Y7_UO875,MXY,1,0.0,1,0,0.0,0,0,0,-9999.0,0.71875,1,P11_CV0,1,2,0,1,1
12,43.456,-122.761,ID12_F12_m12f12_P12_Y9_UO4937,ID12_F12_m12f12_P12_Y7_UO2858,ID12_F12_m12f12_P12_Y7_UO5420,FXX,1,0.0,1,0,1.0,0,0,0,-9999.0,0.83984375,1,P11_CV0,1,2,0,1,1
12,43.456,-122.761,ID12_F12_m12f12_P12_Y9_UO4938,ID12_F12_m12f12_P12_Y7_UO2858,ID12_F12_m12f12_P12_Y7_UO5420,FXX,1,0.0,1,0,1.0,0,0,0,-9999.0,0.83984375,1,P11_CV0,1,2,0,0,2
12,43.456,-122.761,ID12_F12_m12f12_P12_Y9_UO4939,ID12_F12_m12f12_P12_Y7_UO2858,ID12_F12_m12f12_P12_Y7_UO5420,MXY,1,0.0,1,0,0.0,0,0,0,-9999.0,0.83984375,1,P11_CV0,1,2,0,2,0
12,43.456,-122.761,ID12_F12_m12f12_P12_Y9_UO5167,ID12_F12_m12f12_P12_Y7_UO2426,ID12_F12_m12f12_P12_Y8_UO3418,FXX,1,0.0,1,0,1.0,0,0,0,-9999.0,0.79296875,1,P11_CV0,1,2,0,2,0
12,43.456,-122.761,ID12_F12_m12f12_P12_Y9_UO5168,ID12_F12_m12f12_P12_Y7_UO2426,ID12_F12_m12f12_P12_Y8_UO3418,FXX,1,0.0,1,0,1.0,0,0,0,-9999.0,0.79296875,1,P11_CV0,1,2,0,2,0
12,43.456,-122.761,ID12_F12_m12f12_P12_Y9_UO5171,ID12_F12_m12f12_P12_Y7_UO2426,ID12_F12_m12f12_P12_Y8_UO3418,MXY,1,0.0,1,0,0.0,0,0,0,-9999.0,0.79296875,1,P11_CV0,1,2,0,1,1
12,43.456,-122.761,ID12_F12_m12f12_P12_Y9_UO5172,ID12_F12_m12f12_P12_Y7_UO2426,ID12_F12_m12f12_P12_Y8_UO3418,FXX,1,0.0,1,0,1.0,0,0,0,-9999.0,0.79296875,1,P11_CV0,1,2,0,1,1
12,43.456,-122.761,ID12_F12_m12f12_P12_Y9_UO5305,ID12_F12_m12f12_P12_Y7_UO2859,ID12_F12_m12f12_P12_Y8_UO5674,FXX,1,0.0,1,0,1.0,0,0,0,-9999.0,0.8125,1,P11_CV0,1,2,0,1,1
12,43.456,-122.761,ID12_F12_m12f12_P12_Y9_UO5306,ID12_F12_m12f12_P12_Y7_UO2859,ID12_F12_m12f12_P12_Y8_UO5674,MXY,1,0.0,1,0,0.0,0,0,0,-9999.0,0.8125,1,P11_CV0,1,2,0,2,0
12,43.456,-122.761,ID12_F12_m12f12_P12_Y9_UO5307,ID12_F12_m12f12_P12_Y7_UO2859,ID12_F12_m12f12_P12_Y8_UO5674,MXY,1,0.0,1,0,0.0,0,0,0,-9999.0,0.8125,1,P11_CV0,1,2,0,1,1
12,43.456,-122.761,ID12_F12_m12f12_P12_Y9_UO5309,ID12_F12_m12f12_P12_Y7_UO2859,ID12_F12_m12f12_P12_Y8_UO5674,MXY,1,0.0,1,0,0.0,0,0,0,-9999.0,0.8125,1,P11_CV0,1,2,0,2,0
12,43.456,-122.761,ID12_F12_m12f12_P12_Y9_UO5310,ID12_F12_m12f12_P12_Y7_UO2859,ID12_F12_m12f12_P12_Y8_UO5674,MXY,1,0.0,1,0,0.0,0,0,0,-9999.0,0.8125,1,P11_CV0,1,2,0,2,0
12,43.456,-122.761,ID12_F12_m12f12_P12_Y9_UO5315,ID12_F12_m12f12_P12_Y7_UO2859,ID12_F12_m12f12_P12_Y8_UO5674,MXY,1,0.0,1,0,0.0,0,0,0,-9999.0,0.8125,1,P11_CV0,1,2,0,1,1
12,43.456,-122.761,ID12_F12_m12f12_P12_Y9_UO5316,ID12_F12_m12f12_P12_Y7_UO2859,ID12_F12_m12f12_P12_Y8_UO5674,MXY,1,0.0,1,0,0.0,0,0,0,-9999.0,0.8125,1,P11_CV0,1,2,0,2,0
12,43.456,-122.761,ID12_F12_m12f12_P12_Y9_UO5320,ID12_F12_m12f12_P12_Y7_UO2859,ID12_F12_m12f12_P12_Y8_UO5674,MXY,1,0.0,1,0,0.0,0,0,0,-9999.0,0.8125,1,P11_CV0,1,2,0,2,0
12,43.456,-122.761,ID12_F12_m12f12_P12_Y9_UO5516,ID12_F12_m12f12_P12_Y7_UO4832,ID12_F12_m12f12_P12_Y8_UO2073,FXX,1,0.0,1,0,1.0,0,0,0,-9999.0,0.7890625,1,P11_CV0,1,2,0,1,1
12,43.456,-122.761,ID12_F12_m12f12_P12_Y9_UO5518,ID12_F12_m12f12_P12_Y7_UO4832,ID12_F12_m12f12_P12_Y8_UO2073,FXX,1,0.0,1,0,1.0,0,0,0,-9999.0,0.7890625,1,P11_CV0,1,2,0,1,1
12,43.456,-122.761,ID12_F12_m12f12_P12_Y9_UO5520,ID12_F12_m12f12_P12_Y7_UO4832,ID12_F12_m12f12_P12_Y8_UO2073,FXX,1,0.0,1,0,1.0,0,0,0,-9999.0,0.7890625,1,P11_CV0,1,2,0,0,2
12,43.456,-122.761,ID12_F12_m12f12_P12_Y9_UO5590,ID12_F12_m12f12_P12_Y6_UO1982,ID12_F12_m12f12_P12_Y8_UO2289,MXY,1,0.0,1,0,0.0,0,0,0,-9999.0,0.82421875,1,P11_CV0,1,2,0,0,2
12,43.456,-122.761,ID12_F12_m12f12_P12_Y9_UO5591,ID12_F12_m12f12_P12_Y6_UO1982,ID12_F12_m12f12_P12_Y8_UO2289,FXX,1,0.0,1,0,1.0,0,0,0,-9999.0,0.82421875,1,P11_CV0,1,2,0,1,1
12,43.456,-122.761,ID12_F12_m12f12_P12_Y9_UO5594,ID12_F12_m12f12_P12_Y6_UO1982,ID12_F12_m12f12_P12_Y8_UO2289,MXY,1,0.0,1,0,0.0,0,0,0,-9999.0,0.82421875,1,P11_CV0,1,2,0,0,2
12,43.456,-122.761,ID12_F12_m12f12_P12_Y9_UO5597,ID12_F12_m12f12_P12_Y6_UO1982,ID12_F12_m12f12_P12_Y8_UO2289,FXX,1,0.0,1,0,1.0,0,0,0,-9999.0,0.82421875,1,P11_CV0,1,2,0,1,1
12,43.456,-122.761,ID12_F12_m12f12_P12_Y9_UO5598,ID12_F12_m12f12_P12_Y6_UO1982,ID12_F12_m12f12_P12_Y8_UO2289,MXY,1,0.0,1,0,0.0,0,0,0,-9999.0,0.82421875,1,P11_CV0,1,2,0,0,2
12,43.456,-122.761,ID12_F12_m12f12_P12_Y9_UO5600,ID12_F12_m12f12_P12_Y6_UO1982,ID12_F12_m12f12_P12_Y8_UO2289,FXX,1,0.0,1,0,1.0,0,0,0,-9999.0,0.82421875,1,P11_CV0,1,2,0,0,2
12,43.456,-122.761,ID12_F12_m12f12_P12_Y9_UO5912,ID12_F12_m12f12_P12_Y7_UO1488,ID12_F12_m12f12_P12_Y8_UO4844,FXX,1,0.0,1,0,1.0,0,0,0,-9999.0,0.80078125,1,P11_CV0,1,2,0,1,1
12,43.456,-122.761,ID12_F12_m12f12_P12_Y9_UO5915,ID12_F12_m12f12_P12_Y7_UO1488,ID12_F12_m12f12_P12_Y8_UO4844,FXX,1,0.0,1,0,1.0,0,0,0,-9999.0,0.80078125,1,P11_CV0,1,2,0,1,1
12,43.456,-122.761,ID12_F12_m12f12_P12_Y9_UO5917,ID12_F12_m12f12_P12_Y7_UO1488,ID12_F12_m12f12_P12_Y8_UO4844,MXY,1,0.0,1,0,0.0,0,0,0,-9999.0,0.80078125,1,P11_CV0,1,2,0,2,0
12,43.456,-122.761,ID12_F12_m12f12_P12_Y9_UO5965,ID12_F12_m12f12_P12_Y5_UO2956,ID12_F12_m12f12_P12_Y8_UO2112,MXY,1,0.0,1,0,0.0,0,0,0,-9999.0,0.74609375,1,P11_CV0,1,2,0,2,0
12,43.456,-122.761,ID12_F12_m12f12_P12_Y9_UO6015,ID12_F12_m12f12_P12_Y6_UO7313,ID12_F12_m12f12_P12_Y8_UO4127,FXX,1,0.0,1,0,1.0,0,0,0,-9999.0,0.80078125,1,P11_CV0,1,2,0,1,1
12,43.456,-122.761,ID12_F12_m12f12_P12_Y9_UO6035,ID12_F12_m12f12_P12_Y6_UO7370,ID12_F12_m12f12_P12_Y8_UO7577,MXY,1,0.0,1,0,0.0,0,0,0,-9999.0,0.8359375,1,P11_CV0,1,2,0,1,1
12,43.456,-122.761,ID12_F12_m12f12_P12_Y9_UO6039,ID12_F12_m12f12_P12_Y6_UO7370,ID12_F12_m12f12_P12_Y8_UO7577,FXX,1,0.0,1,0,1.0,0,0,0,-9999.0,0.8359375,1,P11_CV0,1,2,0,2,0
12,43.456,-122.761,ID12_F12_m12f12_P12_Y9_UO6041,ID12_F12_m12f12_P12_Y6_UO7370,ID12_F12_m12f12_P12_Y8_UO7577,FXX,1,0.0,1,0,1.0,0,0,0,-9999.0,0.8359375,1,P11_CV0,1,2,0,1,1
12,43.456,-122.761,ID12_F12_m12f12_P12_Y9_UO6042,ID12_F12_m12f12_P12_Y6_UO7370,ID12_F12_m12f12_P12_Y8_UO7577,FXX,1,0.0,1,0,1.0,0,0,0,-9999.0,0.8359375,1,P11_CV0,1,2,0,2,0
12,43.456,-122.761,ID12_F12_m12f12_P12_Y9_UO6043,ID12_F12_m12f12_P12_Y6_UO7370,ID12_F12_m12f12_P12_Y8_UO7577,MXY,1,0.0,1,0,0.0,0,0,0,-9999.0,0.8359375,1,P11_CV0,1,2,0,2,0
12,43.456,-122.761,ID12_F12_m12f12_P12_Y8_UO2067,ID12_F12_m12f12_P12_Y6_UO2711,ID12_F12_m12f12_P12_Y7_UO1484,MXY,2,0.0,1,0,0.0,0,0,0,-9999.0,0.859375,1,P11_CV0,1,2,0,0,2
12,43.456,-122.761,ID12_F12_m12f12_P12_Y8_UO6551,ID12_F12_m12f12_P12_Y5_UO1746,ID12_F12_m12f12_P12_Y6_UO868,FXX,2,0.0,1,0,1.0,0,0,0,-9999.0,0.90625,1,P11_CV0,1,2,0,1,1
12,43.456,-122.761,ID12_F12_m12f12_P12_Y8_UO1911,ID12_F12_m12f12_P12_Y6_UO567,ID12_F12_m12f12_P12_Y7_UO3731,FXX,2,0.0,1,0,1.0,0,0,0,-9999.0,0.8515625,1,P11_CV0,1,2,0,0,2
12,43.456,-122.761,ID12_F12_m12f12_P12_Y8_UO7343,ID12_F12_m12f12_P12_Y6_UO1736,ID12_F12_m12f12_P12_Y7_UO5319,MXY,2,0.0,1,0,0.0,0,0,0,-9999.0,0.828125,1,P11_CV0,1,2,0,1,1
12,43.456,-122.761,ID12_F12_m12f12_P12_Y8_UO2540,ID12_F12_m12f12_P12_Y6_UO792,ID12_F12_m12f12_P12_Y7_UO4770,FXX,2,0.0,1,0,1.0,0,0,0,-9999.0,0.796875,1,P11_CV0,1,2,0,2,0
12,43.456,-122.761,ID12_F12_m12f12_P12_Y8_UO4898,ID12_F12_m12f12_P12_Y6_UO4736,ID12_F12_m12f12_P12_Y6_UO6045,MXY,2,0.0,1,0,0.0,0,0,0,-9999.0,0.84375,1,P11_CV0,1,2,0,1,1
12,43.456,-122.761,ID12_F12_m12f12_P12_Y8_UO276,ID12_F12_m12f12_P12_Y6_UO1582,ID12_F12_m12f12_P12_Y7_UO929,FXX,2,0.0,1,0,1.0,0,0,0,-9999.0,0.7890625,1,P11_CV0,1,2,0,0,2
12,43.456,-122.761,ID12_F12_m12f12_P12_Y8_UO2116,ID12_F12_m12f12_P12_Y4_UO5024,ID12_F12_m12f12_P12_Y7_UO929,FXX,2,0.0,1,0,1.0,0,0,0,-9999.0,0.7734375,1,P11_CV0,1,2,0,1,1
12,43.456,-122.761,ID12_F12_m12f12_P12_Y8_UO6230,ID12_F12_m12f12_P12_Y6_UO7300,ID12_F12_m12f12_P12_Y7_UO3430,MXY,2,0.0,1,0,0.0,0,0,0,-9999.0,0.83984375,1,P11_CV0,1,2,0,1,1
12,43.456,-122.761,ID12_F12_m12f12_P12_Y8_UO7575,ID12_F12_m12f12_P12_Y6_UO4978,ID12_F12_m12f12_P12_Y7_UO2847,FXX,2,0.0,1,0,1.0,0,0,0,-9999.0,0.765625,1,P11_CV0,1,2,0,2,0
12,43.456,-122.761,ID12_F12_m12f12_P12_Y8_UO6965,ID12_F12_m12f12_P12_Y6_UO2132,ID12_F12_m12f12_P12_Y7_UO2622,FXX,2,0.0,1,0,1.0,0,0,0,-9999.0,0.8125,1,P11_CV0,1,2,0,1,1
12,43.456,-122.761,ID12_F12_m12f12_P12_Y8_UO2074,ID12_F12_m12f12_P12_Y6_UO2855,ID12_F12_m12f12_P12_Y6_UO6380,FXX,2,0.0,1,0,1.0,0,0,0,-9999.0,0.859375,1,P11_CV0,1,2,0,1,1
12,43.456,-122.761,ID12_F12_m12f12_P12_Y8_UO6849,ID12_F12_m12f12_P12_Y6_UO2528,ID12_F12_m12f12_P12_Y6_UO1607,FXX,2,0.0,1,0,1.0,0,0,0,-9999.0,0.7734375,1,P11_CV0,1,2,0,1,1
12,43.456,-122.761,ID12_F12_m12f12_P12_Y8_UO2686,ID12_F12_m12f12_P12_Y6_UO5006,ID12_F12_m12f12_P12_Y7_UO1000,MXY,2,0.0,1,0,0.0,0,0,0,-9999.0,0.8359375,1,P11_CV0,1,2,0,0,2
12,43.456,-122.761,ID12_F12_m12f12_P12_Y8_UO6813,ID12_F12_m12f12_P12_Y6_UO1736,ID12_F12_m12f12_P12_Y5_UO1784,FXX,2,0.0,1,0,1.0,0,0,0,-9999.0,0.8203125,1,P11_CV0,1,2,0,1,1
12,43.456,-122.761,ID12_F12_m12f12_P12_Y8_UO6239,ID12_F12_m12f12_P12_Y6_UO6583,ID12_F12_m12f12_P12_Y7_UO866,FXX,2,0.0,1,0,1.0,0,0,0,-9999.0,0.7421875,1,P11_CV0,1,2,0,2,0
12,43.456,-122.761,ID12_F12_m12f12_P12_Y8_UO2288,ID12_F12_m12f12_P12_Y6_UO6039,ID12_F12_m12f12_P12_Y6_UO3153,FXX,2,0.0,1,0,1.0,0,0,0,-9999.0,0.7734375,1,P11_CV0,1,2,0,1,1
12,43.456,-122.761,ID12_F12_m12f12_P12_Y8_UO6812,ID12_F12_m12f12_P12_Y6_UO1736,ID12_F12_m12f12_P12_Y5_UO1784,MXY,2,0.0,1,0,0.0,0,0,0,-9999.0,0.8203125,1,P11_CV0,1,2,0,1,1
12,43.456,-122.761,ID12_F12_m12f12_P12_Y8_UO7577,ID12_F12_m12f12_P12_Y6_UO4978,ID12_F12_m12f12_P12_Y7_UO2847,MXY,2,0.0,1,0,0.0,0,0,0,-9999.0,0.765625,1,P11_CV0,1,2,0,2,0
12,43.456,-122.761,ID12_F12_m12f12_P12_Y8_UO3084,ID12_F12_m12f12_P12_Y6_UO1982,ID12_F12_m12f12_P12_Y6_UO6044,MXY,2,0.0,1,0,0.0,0,0,0,-9999.0,0.8125,1,P11_CV0,1,2,0,1,1
12,43.456,-122.761,ID12_F12_m12f12_P12_Y8_UO3207,ID12_F12_m12f12_P12_Y6_UO7297,ID12_F12_m12f12_P12_Y6_UO4504,MXY,2,0.0,1,0,0.0,0,0,0,-9999.0,0.87890625,1,P11_CV0,1,2,0,1,1
12,43.456,-122.761,ID12_F12_m12f12_P12_Y8_UO1744,ID12_F12_m12f12_P12_Y6_UO7300,ID12_F12_m12f12_P12_Y6_UO1987,FXX,2,0.0,1,0,1.0,0,0,0,-9999.0,0.86328125,1,P11_CV0,1,2,0,0,2
12,43.456,-122.761,ID12_F12_m12f12_P12_Y8_UO107,ID12_F12_m12f12_P12_Y6_UO1605,ID12_F12_m12f12_P12_Y6_UO6380,FXX,2,0.0,1,0,1.0,0,0,0,-9999.0,0.8203125,1,P11_CV0,1,2,0,2,0
12,43.456,-122.761,ID12_F12_m12f12_P12_Y8_UO3092,ID12_F12_m12f12_P12_Y5_UO2729,ID12_F12_m12f12_P12_Y6_UO2135,MXY,2,0.0,1,0,0.0,0,0,0,-9999.0,0.8046875,1,P11_CV0,1,2,0,0,2
12,43.456,-122.761,ID12_F12_m12f12_P12_Y8_UO2196,ID12_F12_m12f12_P12_Y4_UO6740,ID12_F12_m12f12_P12_Y7_UO5576,MXY,2,0.0,1,0,0.0,0,0,0,-9999.0,0.81640625,1,P11_CV0,1,2,0,1,1
12,43.456,-122.761,ID12_F12_m12f12_P12_Y8_UO6852,ID12_F12_m12f12_P12_Y6_UO2528,ID12_F12_m12f12_P12_Y6_UO1607,FXX,2,0.0,1,0,1.0,0,0,0,-9999.0,0.7734375,1,P11_CV0,1,2,0,1,1
12,43.456,-122.761,ID12_F12_m12f12_P12_Y8_UO6553,ID12_F12_m12f12_P12_Y5_UO1746,ID12_F12_m12f12_P12_Y6_UO868,MXY,2,0.0,1,0,0.0,0,0,0,-9999.0,0.90625,1,P11_CV0,1,2,0,1,1
12,43.456,-122.761,ID12_F12_m12f12_P12_Y8_UO4893,ID12_F12_m12f12_P12_Y6_UO4736,ID12_F12_m12f12_P12_Y6_UO6045,FXX,2,0.0,1,0,1.0,0,0,0,-9999.0,0.84375,1,P11_CV0,1,2,0,1,1
12,43.456,-122.761,ID12_F12_m12f12_P12_Y8_UO2689,ID12_F12_m12f12_P12_Y6_UO5006,ID12_F12_m12f12_P12_Y7_UO1000,MXY,2,0.0,1,0,0.0,0,0,0,-9999.0,0.8359375,1,P11_CV0,1,2,0,1,1
12,43.456,-122.761,ID12_F12_m12f12_P12_Y8_UO1688,ID12_F12_m12f12_P12_Y6_UO7370,ID12_F12_m12f12_P12_Y7_UO882,MXY,2,0.0,1,0,0.0,0,0,0,-9999.0,0.8125,1,P11_CV0,1,2,0,1,1
12,43.456,-122.761,ID12_F12_m12f12_P12_Y8_UO6705,ID12_F12_m12f12_P12_Y6_UO6197,ID12_F12_m12f12_P12_Y7_UO2622,FXX,2,0.0,1,0,1.0,0,0,0,-9999.0,0.8125,1,P11_CV0,1,2,0,2,0
12,43.456,-122.761,ID12_F12_m12f12_P12_Y8_UO7578,ID12_F12_m12f12_P12_Y6_UO4978,ID12_F12_m12f12_P12_Y7_UO2847,MXY,2,0.0,1,0,0.0,0,0,0,-9999.0,0.765625,1,P11_CV0,1,2,0,1,1
12,43.456,-122.761,ID12_F12_m12f12_P12_Y8_UO6938,ID12_F12_m12f12_P12_Y6_UO2010,ID12_F12_m12f12_P12_Y5_UO1987,FXX,2,0.0,1,0,1.0,0,0,0,-9999.0,0.859375,1,P11_CV0,1,2,0,2,0
12,43.456,-122.761,ID12_F12_m12f12_P12_Y8_UO737,ID12_F12_m12f12_P12_Y6_UO6199,ID12_F12_m12f12_P12_Y6_UO1227,FXX,2,0.0,1,0,1.0,0,0,0,-9999.0,0.796875,1,P11_CV0,1,2,0,1,1
12,43.456,-122.761,ID12_F12_m12f12_P12_Y8_UO7574,ID12_F12_m12f12_P12_Y6_UO4978,ID12_F12_m12f12_P12_Y7_UO2847,MXY,2,0.0,1,0,0.0,0,0,0,-9999.0,0.765625,1,P11_CV0,1,2,0,1,1
12,43.456,-122.761,ID12_F12_m12f12_P12_Y8_UO7591,ID12_F12_m12f12_P12_Y6_UO7225,ID12_F12_m12f12_P12_Y7_UO2856,FXX,2,0.0,1,0,1.0,0,0,0,-9999.0,0.80078125,1,P11_CV0,1,2,0,1,1
12,43.456,-122.761,ID12_F12_m12f12_P12_Y8_UO7488,ID12_F12_m12f12_P12_Y5_UO40,ID12_F12_m12f12_P12_Y7_UO5319,FXX,2,0.0,1,0,1.0,0,0,0,-9999.0,0.8515625,1,P11_CV0,1,2,0,1,1
12,43.456,-122.761,ID12_F12_m12f12_P12_Y8_UO2115,ID12_F12_m12f12_P12_Y4_UO5024,ID12_F12_m12f12_P12_Y7_UO929,MXY,2,0.0,1,0,0.0,0,0,0,-9999.0,0.7734375,1,P11_CV0,1,2,0,0,2
12,43.456,-122.761,ID12_F12_m12f12_P12_Y8_UO2112,ID12_F12_m12f12_P12_Y4_UO5024,ID12_F12_m12f12_P12_Y7_UO929,MXY,2,0.0,1,0,0.0,0,0,0,-9999.0,0.7734375,1,P11_CV0,1,2,0,1,1
12,43.456,-122.761,ID12_F12_m12f12_P12_Y8_UO7198,ID12_F12_m12f12_P12_Y4_UO1361,ID12_F12_m12f12_P12_Y7_UO4765,FXX,2,0.0,1,0,1.0,0,0,0,-9999.0,0.875,1,P11_CV0,1,2,0,2,0
12,43.456,-122.761,ID12_F12_m12f12_P12_Y8_UO6454,ID12_F12_m12f12_P12_Y4_UO2588,ID12_F12_m12f12_P12_Y7_UO1000,MXY,2,0.0,1,0,0.0,0,0,0,-9999.0,0.9140625,1,P11_CV0,1,2,0,1,1
12,43.456,-122.761,ID12_F12_m12f12_P12_Y8_UO108,ID12_F12_m12f12_P12_Y6_UO1605,ID12_F12_m12f12_P12_Y6_UO6380,FXX,2,0.0,1,0,1.0,0,0,0,-9999.0,0.8203125,1,P11_CV0,1,2,0,2,0
12,43.456,-122.761,ID12_F12_m12f12_P12_Y8_UO6933,ID12_F12_m12f12_P12_Y5_UO3018,ID12_F12_m12f12_P12_Y6_UO3286,MXY,2,0.0,1,0,0.0,0,0,0,-9999.0,0.8125,1,P11_CV0,1,2,0,1,1
12,43.456,-122.761,ID12_F12_m12f12_P12_Y8_UO6455,ID12_F12_m12f12_P12_Y4_UO2588,ID12_F12_m12f12_P12_Y7_UO1000,FXX,2,0.0,1,0,1.0,0,0,0,-9999.0,0.9140625,1,P11_CV0,1,2,0,1,1
12,43.456,-122.761,ID12_F12_m12f12_P12_Y8_UO1275,ID12_F12_m12f12_P12_Y6_UO2770,ID12_F12_m12f12_P12_Y6_UO4502,MXY,2,0.0,1,0,0.0,0,0,0,-9999.0,0.84375,1,P11_CV0,1,2,0,1,1
12,43.456,-122.761,ID12_F12_m12f12_P12_Y8_UO4845,ID12_F12_m12f12_P12_Y6_UO2907,ID12_F12_m12f12_P12_Y7_UO5331,MXY,2,0.0,1,0,0.0,0,0,0,-9999.0,0.7578125,1,P11_CV0,1,2,0,1,1
12,43.456,-122.761,ID12_F12_m12f12_P12_Y8_UO6405,ID12_F12_m12f12_P12_Y6_UO5781,ID12_F12_m12f12_P12_Y6_UO5549,MXY,2,0.0,1,0,0.0,0,0,0,-9999.0,0.8203125,1,P11_CV0,1,2,0,2,0
12,43.456,-122.761,ID12_F12_m12f12_P12_Y8_UO5675,ID12_F12_m12f12_P12_Y5_UO40,ID12_F12_m12f12_P12_Y6_UO2779,MXY,2,0.0,1,0,0.0,0,0,0,-9999.0,0.8203125,1,P11_CV0,1,2,0,1,1
12,43.456,-122.761,ID12_F12_m12f12_P12_Y8_UO7489,ID12_F12_m12f12_P12_Y5_UO40,ID12_F12_m12f12_P12_Y7_UO5319,FXX,2,0.0,1,0,1.0,0,0,0,-9999.0,0.8515625,1,P11_CV0,1,2,0,0,2
12,43.456,-122.761,ID12_F12_m12f12_P12_Y8_UO6557,ID12_F12_m12f12_P12_Y5_UO1746,ID12_F12_m12f12_P12_Y6_UO868,FXX,2,0.0,1,0,1.0,0,0,0,-9999.0,0.90625,1,P11_CV0,1,2,0,0,2
12,43.456,-122.761,ID12_F12_m12f12_P12_Y8_UO105,ID12_F12_m12f12_P12_Y6_UO1605,ID12_F12_m12f12_P12_Y6_UO6380,FXX,2,0.0,1,0,1.0,0,0,0,-9999.0,0.8203125,1,P11_CV0,1,2,0,2,0
12,43.456,-122.761,ID12_F12_m12f12_P12_Y8_UO3293,ID12_F12_m12f12_P12_Y4_UO6740,ID12_F12_m12f12_P12_Y7_UO3732,FXX,2,0.0,1,0,1.0,0,0,0,-9999.0,0.8671875,1,P11_CV0,1,2,0,1,1
12,43.456,-122.761,ID12_F12_m12f12_P12_Y8_UO5132,ID12_F12_m12f12_P12_Y6_UO1588,ID12_F12_m12f12_P12_Y7_UO1484,MXY,2,0.0,1,0,0.0,0,0,0,-9999.0,0.8125,1,P11_CV0,1,2,0,1,1
12,43.456,-122.761,ID12_F12_m12f12_P12_Y8_UO2065,ID12_F12_m12f12_P12_Y6_UO2711,ID12_F12_m12f12_P12_Y7_UO1484,FXX,2,0.0,1,0,1.0,0,0,0,-9999.0,0.859375,1,P11_CV0,1,2,0,1,1
12,43.456,-122.761,ID12_F12_m12f12_P12_Y8_UO4301,ID12_F12_m12f12_P12_Y6_UO6741,ID12_F12_m12f12_P12_Y7_UO2864,FXX,2,0.0,1,0,1.0,0,0,0,-9999.0,0.77734375,1,P11_CV0,1,2,0,1,1
12,43.456,-122.761,ID12_F12_m12f12_P12_Y8_UO1746,ID12_F12_m12f12_P12_Y6_UO7300,ID12_F12_m12f12_P12_Y6_UO1987,MXY,2,0.0,1,0,0.0,0,0,0,-9999.0,0.86328125,1,P11_CV0,1,2,0,1,1
12,43.456,-122.761,ID12_F12_m12f12_P12_Y8_UO3212,ID12_F12_m12f12_P12_Y6_UO7297,ID12_F12_m12f12_P12_Y6_UO4504,FXX,2,0.0,1,0,1.0,0,0,0,-9999.0,0.87890625,1,P11_CV0,1,2,0,0,2
12,43.456,-122.761,ID12_F12_m12f12_P12_Y8_UO2076,ID12_F12_m12f12_P12_Y6_UO2855,ID12_F12_m12f12_P12_Y6_UO6380,FXX,2,0.0,1,0,1.0,0,0,0,-9999.0,0.859375,1,P11_CV0,1,2,0,1,1
12,43.456,-122.761,ID12_F12_m12f12_P12_Y8_UO1277,ID12_F12_m12f12_P12_Y6_UO2770,ID12_F12_m12f12_P12_Y6_UO4502,FXX,2,0.0,1,0,1.0,0,0,0,-9999.0,0.84375,1,P11_CV0,1,2,0,1,1
12,43.456,-122.761,ID12_F12_m12f12_P12_Y8_UO2335,ID12_F12_m12f12_P12_Y5_UO2969,ID12_F12_m12f12_P12_Y7_UO1400,MXY,2,0.0,1,0,0.0,0,0,0,-9999.0,0.8046875,1,P11_CV0,1,2,0,1,1
12,43.456,-122.761,ID12_F12_m12f12_P12_Y8_UO6556,ID12_F12_m12f12_P12_Y5_UO1746,ID12_F12_m12f12_P12_Y6_UO868,MXY,2,0.0,1,0,0.0,0,0,0,-9999.0,0.90625,1,P11_CV0,1,2,0,0,2
12,43.456,-122.761,ID12_F12_m12f12_P12_Y8_UO1697,ID12_F12_m12f12_P12_Y5_UO2329,ID12_F12_m12f12_P12_Y5_UO2467,FXX,2,0.0,1,0,1.0,0,0,0,-9999.0,0.796875,1,P11_CV0,1,2,0,0,2
12,43.456,-122.761,ID12_F12_m12f12_P12_Y8_UO608,ID12_F12_m12f12_P12_Y4_UO3066,ID12_F12_m12f12_P12_Y7_UO5421,FXX,2,0.0,1,0,1.0,0,0,0,-9999.0,0.84375,1,P11_CV0,1,2,0,1,1
12,43.456,-122.761,ID12_F12_m12f12_P12_Y8_UO6851,ID12_F12_m12f12_P12_Y6_UO2528,ID12_F12_m12f12_P12_Y6_UO1607,MXY,2,0.0,1,0,0.0,0,0,0,-9999.0,0.7734375,1,P11_CV0,1,2,0,2,0
12,43.456,-122.761,ID12_F12_m12f12_P12_Y8_UO2064,ID12_F12_m12f12_P12_Y6_UO2711,ID12_F12_m12f12_P12_Y7_UO1484,FXX,2,0.0,1,0,1.0,0,0,0,-9999.0,0.859375,1,P11_CV0,1,2,0,0,2
12,43.456,-122.761,ID12_F12_m12f12_P12_Y8_UO236,ID12_F12_m12f12_P12_Y6_UO2134,ID12_F12_m12f12_P12_Y6_UO2135,MXY,2,0.0,1,0,0.0,0,0,0,-9999.0,0.734375,1,P11_CV0,1,2,0,1,1
12,43.456,-122.761,ID12_F12_m12f12_P12_Y8_UO736,ID12_F12_m12f12_P12_Y6_UO6199,ID12_F12_m12f12_P12_Y6_UO1227,MXY,2,0.0,1,0,0.0,0,0,0,-9999.0,0.796875,1,P11_CV0,1,2,0,1,1
12,43.456,-122.761,ID12_F12_m12f12_P12_Y8_UO1924,ID12_F12_m12f12_P12_Y6_UO2132,ID12_F12_m12f12_P12_Y7_UO3732,MXY,2,0.0,1,0,0.0,0,0,0,-9999.0,0.765625,1,P11_CV0,1,2,0,1,1
12,43.456,-122.761,ID12_F12_m12f12_P12_Y8_UO1694,ID12_F12_m12f12_P12_Y5_UO2329,ID12_F12_m12f12_P12_Y5_UO2467,MXY,2,0.0,1,0,0.0,0,0,0,-9999.0,0.796875,1,P11_CV0,1,2,0,1,1
12,43.456,-122.761,ID12_F12_m12f12_P12_Y8_UO7499,ID12_F12_m12f12_P12_Y6_UO1582,ID12_F12_m12f12_P12_Y7_UO5581,FXX,2,0.0,1,0,1.0,0,0,0,-9999.0,0.73828125,1,P11_CV0,1,2,0,0,2
12,43.456,-122.761,ID12_F12_m12f12_P12_Y8_UO612,ID12_F12_m12f12_P12_Y4_UO3066,ID12_F12_m12f12_P12_Y7_UO5421,MXY,2,0.0,1,0,0.0,0,0,0,-9999.0,0.84375,1,P11_CV0,1,2,0,0,2
12,43.456,-122.761,ID12_F12_m12f12_P12_Y8_UO2683,ID12_F12_m12f12_P12_Y6_UO5006,ID12_F12_m12f12_P12_Y7_UO1000,FXX,2,0.0,1,0,1.0,0,0,0,-9999.0,0.8359375,1,P11_CV0,1,2,0,0,2
12,43.456,-122.761,ID12_F12_m12f12_P12_Y8_UO6240,ID12_F12_m12f12_P12_Y6_UO6583,ID12_F12_m12f12_P12_Y7_UO866,MXY,2,0.0,1,0,0.0,0,0,0,-9999.0,0.7421875,1,P11_CV0,1,2,0,2,0
12,43.456,-122.761,ID12_F12_m12f12_P12_Y8_UO5542,ID12_F12_m12f12_P12_Y6_UO2907,ID12_F12_m12f12_P12_Y7_UO3430,MXY,2,0.0,1,0,0.0,0,0,0,-9999.0,0.7890625,1,P11_CV0,1,2,0,2,0
12,43.456,-122.761,ID12_F12_m12f12_P12_Y8_UO6942,ID12_F12_m12f12_P12_Y6_UO2010,ID12_F12_m12f12_P12_Y5_UO1987,MXY,2,0.0,1,0,0.0,0,0,0,-9999.0,0.859375,1,P11_CV0,1,2,0,2,0
12,43.456,-122.761,ID12_F12_m12f12_P12_Y8_UO88,ID12_F12_m12f12_P12_Y5_UO2969,ID12_F12_m12f12_P12_Y6_UO3283,FXX,2,0.0,1,0,1.0,0,0,0,-9999.0,0.8203125,1,P11_CV0,1,2,0,1,1
12,43.456,-122.761,ID12_F12_m12f12_P12_Y8_UO3440,ID12_F12_m12f12_P12_Y6_UO6577,ID12_F12_m12f12_P12_Y6_UO4282,MXY,2,0.0,1,0,0.0,0,0,0,-9999.0,0.828125,1,P11_CV0,1,2,0,2,0
12,43.456,-122.761,ID12_F12_m12f12_P12_Y8_UO2063,ID12_F12_m12f12_P12_Y6_UO2711,ID12_F12_m12f12_P12_Y7_UO1484,MXY,2,0.0,1,0,0.0,0,0,0,-9999.0,0.859375,1,P11_CV0,1,2,0,1,1
12,43.456,-122.761,ID12_F12_m12f12_P12_Y8_UO3211,ID12_F12_m12f12_P12_Y6_UO7297,ID12_F12_m12f12_P12_Y6_UO4504,FXX,2,0.0,1,0,1.0,0,0,0,-9999.0,0.87890625,1,P11_CV0,1,2,0,0,2
12,43.456,-122.761,ID12_F12_m12f12_P12_Y8_UO6404,ID12_F12_m12f12_P12_Y6_UO5781,ID12_F12_m12f12_P12_Y6_UO5549,MXY,2,0.0,1,0,0.0,0,0,0,-9999.0,0.8203125,1,P11_CV0,1,2,0,1,1
12,43.456,-122.761,ID12_F12_m12f12_P12_Y8_UO5796,ID12_F12_m12f12_P12_Y5_UO3018,ID12_F12_m12f12_P12_Y6_UO2775,MXY,2,0.0,1,0,0.0,0,0,0,-9999.0,0.7578125,1,P11_CV0,1,2,0,2,0
12,43.456,-122.761,ID12_F12_m12f12_P12_Y8_UO3488,ID12_F12_m12f12_P12_Y6_UO6741,ID12_F12_m12f12_P12_Y5_UO75,FXX,2,0.0,1,0,1.0,0,0,0,-9999.0,0.765625,1,P11_CV0,1,2,0,2,0
12,43.456,-122.761,ID12_F12_m12f12_P12_Y8_UO739,ID12_F12_m12f12_P12_Y6_UO6199,ID12_F12_m12f12_P12_Y6_UO1227,MXY,2,0.0,1,0,0.0,0,0,0,-9999.0,0.796875,1,P11_CV0,1,2,0,2,0
12,43.456,-122.761,ID12_F12_m12f12_P12_Y8_UO5130,ID12_F12_m12f12_P12_Y6_UO1588,ID12_F12_m12f12_P12_Y7_UO1484,MXY,2,0.0,1,0,0.0,0,0,0,-9999.0,0.8125,1,P11_CV0,1,2,0,0,2
12,43.456,-122.761,ID12_F12_m12f12_P12_Y8_UO2500,ID12_F12_m12f12_P12_Y6_UO2711,ID12_F12_m12f12_P12_Y7_UO5319,MXY,2,0.0,1,0,0.0,0,0,0,-9999.0,0.8203125,1,P11_CV0,1,2,0,0,2
12,43.456,-122.761,ID12_F12_m12f12_P12_Y8_UO6238,ID12_F12_m12f12_P12_Y6_UO6583,ID12_F12_m12f12_P12_Y7_UO866,FXX,2,0.0,1,0,1.0,0,0,0,-9999.0,0.7421875,1,P11_CV0,1,2,0,2,0
12,43.456,-122.761,ID12_F12_m12f12_P12_Y8_UO6401,ID12_F12_m12f12_P12_Y6_UO5781,ID12_F12_m12f12_P12_Y6_UO5549,MXY,2,0.0,1,0,0.0,0,0,0,-9999.0,0.8203125,1,P11_CV0,1,2,0,1,1
12,43.456,-122.761,ID12_F12_m12f12_P12_Y8_UO460,ID12_F12_m12f12_P12_Y6_UO6041,ID12_F12_m12f12_P12_Y6_UO7425,FXX,2,0.0,1,0,1.0,0,0,0,-9999.0,0.6875,1,P11_CV0,1,2,0,2,0
12,43.456,-122.761,ID12_F12_m12f12_P12_Y8_UO3332,ID12_F12_m12f12_P12_Y6_UO2134,ID12_F12_m12f12_P12_Y6_UO4502,FXX,2,0.0,1,0,1.0,0,0,0,-9999.0,0.7578125,1,P11_CV0,1,2,0,1,1
12,43.456,-122.761,ID12_F12_m12f12_P12_Y8_UO930,ID12_F12_m12f12_P12_Y6_UO567,ID12_F12_m12f12_P12_Y7_UO5421,MXY,2,0.0,1,0,0.0,0,0,0,-9999.0,0.890625,1,P11_CV0,1,2,0,0,2
12,43.456,-122.761,ID12_F12_m12f12_P12_Y8_UO3418,ID12_F12_m12f12_P12_Y6_UO6583,ID12_F12_m12f12_P12_Y7_UO4765,MXY,2,0.0,1,0,0.0,0,0,0,-9999.0,0.7578125,1,P11_CV0,1,2,0,2,0
12,43.456,-122.761,ID12_F12_m12f12_P12_Y8_UO7196,ID12_F12_m12f12_P12_Y4_UO1361,ID12_F12_m12f12_P12_Y7_UO4765,FXX,2,0.0,1,0,1.0,0,0,0,-9999.0,0.875,1,P11_CV0,1,2,0,1,1
12,43.456,-122.761,ID12_F12_m12f12_P12_Y8_UO3296,ID12_F12_m12f12_P12_Y4_UO6740,ID12_F12_m12f12_P12_Y7_UO3732,FXX,2,0.0,1,0,1.0,0,0,0,-9999.0,0.8671875,1,P11_CV0,1,2,0,1,1
12,43.456,-122.761,ID12_F12_m12f12_P12_Y8_UO4180,ID12_F12_m12f12_P12_Y6_UO4728,ID12_F12_m12f12_P12_Y7_UO867,FXX,2,0.0,1,0,1.0,0,0,0,-9999.0,0.734375,1,P11_CV0,1,2,0,0,2
12,43.456,-122.761,ID12_F12_m12f12_P12_Y7_UO2859,ID12_F12_m12f12_P12_Y5_UO2472,ID12_F12_m12f12_P12_Y6_UO2517,FXX,3,0.0,1,0,1.0,0,0,0,-9999.0,0.8046875,1,P11_CV0,1,2,0,1,1
12,43.456,-122.761,ID12_F12_m12f12_P12_Y7_UO5579,ID12_F12_m12f12_P12_Y2_UO2377,ID12_F12_m12f12_P12_Y6_UO4571,FXX,3,0.0,1,0,1.0,0,0,0,-9999.0,0.6953125,1,P11_CV0,1,2,0,0,2
12,43.456,-122.761,ID12_F12_m12f12_P12_Y7_UO875,ID12_F12_m12f12_P12_Y5_UO2463,ID12_F12_m12f12_P12_Y6_UO2754,MXY,3,0.0,1,0,0.0,0,0,0,-9999.0,0.71875,1,P11_CV0,1,2,0,1,1
12,43.456,-122.761,ID12_F12_m12f12_P12_Y7_UO2384,ID12_F12_m12f12_P12_Y5_UO40,ID12_F12_m12f12_P12_Y4_UO7005,FXX,3,0.0,1,0,1.0,0,0,0,-9999.0,0.890625,1,P11_CV0,1,2,0,2,0
12,43.456,-122.761,ID12_F12_m12f12_P12_Y7_UO2383,ID12_F12_m12f12_P12_Y5_UO40,ID12_F12_m12f12_P12_Y4_UO7005,FXX,3,0.0,1,0,1.0,0,0,0,-9999.0,0.890625,1,P11_CV0,1,2,0,1,1
12,43.456,-122.761,ID12_F12_m12f12_P12_Y7_UO1396,ID12_F12_m12f12_P12_Y4_UO606,ID12_F12_m12f12_P12_Y6_UO6044,FXX,3,0.0,1,0,1.0,0,0,0,-9999.0,0.78125,1,P11_CV0,1,2,0,2,0
12,43.456,-122.761,ID12_F12_m12f12_P12_Y7_UO149,ID12_F12_m12f12_P12_Y5_UO2258,ID12_F12_m12f12_P12_Y4_UO7005,FXX,3,0.0,1,0,1.0,0,0,0,-9999.0,0.8125,1,P11_CV0,1,2,0,1,1
12,43.456,-122.761,ID12_F12_m12f12_P12_Y7_UO2867,ID12_F12_m12f12_P12_Y5_UO2472,ID12_F12_m12f12_P12_Y6_UO2517,MXY,3,0.0,1,0,0.0,0,0,0,-9999.0,0.8046875,1,P11_CV0,1,2,0,1,1
12,43.456,-122.761,ID12_F12_m12f12_P12_Y7_UO4621,ID12_F12_m12f12_P12_Y4_UO4758,ID12_F12_m12f12_P12_Y6_UO2909,MXY,3,0.0,1,0,0.0,0,0,0,-9999.0,0.78125,1,P11_CV0,1,2,0,2,0
12,43.456,-122.761,ID12_F12_m12f12_P12_Y7_UO4628,ID12_F12_m12f12_P12_Y4_UO4758,ID12_F12_m12f12_P12_Y6_UO2909,MXY,3,0.0,1,0,0.0,0,0,0,-9999.0,0.78125,1,P11_CV0,1,2,0,2,0
12,43.456,-122.761,ID12_F12_m12f12_P12_Y7_UO2427,ID12_F12_m12f12_P12_Y5_UO2254,ID12_F12_m12f12_P12_Y6_UO775,MXY,3,0.0,1,0,0.0,0,0,0,-9999.0,0.828125,1,P11_CV0,1,2,0,2,0
12,43.456,-122.761,ID12_F12_m12f12_P12_Y7_UO1488,ID12_F12_m12f12_P12_Y5_UO40,ID12_F12_m12f12_P12_Y6_UO2912,FXX,3,0.0,1,0,1.0,0,0,0,-9999.0,0.84375,1,P11_CV0,1,2,0,1,1
12,43.456,-122.761,ID12_F12_m12f12_P12_Y7_UO2858,ID12_F12_m12f12_P12_Y5_UO2472,ID12_F12_m12f12_P12_Y6_UO2517,FXX,3,0.0,1,0,1.0,0,0,0,-9999.0,0.8046875,1,P11_CV0,1,2,0,1,1
12,43.456,-122.761,ID12_F12_m12f12_P12_Y7_UO3729,ID12_F12_m12f12_P12_Y5_UO2258,ID12_F12_m12f12_P12_Y6_UO3286,FXX,3,0.0,1,0,1.0,0,0,0,-9999.0,0.796875,1,P11_CV0,1,2,0,0,2
12,43.456,-122.761,ID12_F12_m12f12_P12_Y7_UO3658,ID12_F12_m12f12_P12_Y5_UO5454,ID12_F12_m12f12_P12_Y4_UO1210,MXY,3,0.0,1,0,0.0,0,0,0,-9999.0,0.6875,1,P11_CV0,1,2,0,2,0
12,43.456,-122.761,ID12_F12_m12f12_P12_Y7_UO1928,ID12_F12_m12f12_P12_Y3_UO4626,ID12_F12_m12f12_P12_Y2_UO2104,MXY,3,0.0,1,0,0.0,0,0,0,-9999.0,0.6875,1,P11_CV0,1,2,0,1,1
12,43.456,-122.761,ID12_F12_m12f12_P12_Y7_UO4833,ID12_F12_m12f12_P12_Y5_UO5453,ID12_F12_m12f12_P12_Y6_UO2112,FXX,3,0.0,1,0,1.0,0,0,0,-9999.0,0.71875,1,P11_CV0,1,2,0,1,1
12,43.456,-122.761,ID12_F12_m12f12_P12_Y7_UO802,ID12_F12_m12f12_P12_Y3_UO4626,ID12_F12_m12f12_P12_Y2_UO2104,MXY,3,0.0,1,0,0.0,0,0,0,-9999.0,0.6875,1,P11_CV0,1,2,0,2,0
12,43.456,-122.761,ID12_F12_m12f12_P12_Y7_UO2426,ID12_F12_m12f12_P12_Y5_UO2254,ID12_F12_m12f12_P12_Y6_UO775,FXX,3,0.0,1,0,1.0,0,0,0,-9999.0,0.828125,1,P11_CV0,1,2,0,1,1
12,43.456,-122.761,ID12_F12_m12f12_P12_Y7_UO3430,ID12_F12_m12f12_P12_Y5_UO4562,ID12_F12_m12f12_P12_Y5_UO75,MXY,3,0.0,1,0,0.0,0,0,0,-9999.0,0.828125,1,P11_CV0,1,2,0,2,0
12,43.456,-122.761,ID12_F12_m12f12_P12_Y7_UO995,ID12_F12_m12f12_P12_Y5_UO4562,ID12_F12_m12f12_P12_Y5_UO2261,FXX,3,0.0,1,0,1.0,0,0,0,-9999.0,0.828125,1,P11_CV0,1,2,0,2,0
12,43.456,-122.761,ID12_F12_m12f12_P12_Y7_UO4767,ID12_F12_m12f12_P12_Y5_UO3123,ID12_F12_m12f12_P12_Y5_UO2467,MXY,3,0.0,1,0,0.0,0,0,0,-9999.0,0.75,1,P11_CV0,1,2,0,2,0
12,43.456,-122.761,ID12_F12_m12f12_P12_Y6_UO2779,ID12_F12_m12f12_P12_Y4_UO6295,ID12_F12_m12f12_P12_Y5_UO2954,MXY,4,0.0,1,0,0.0,0,0,0,-9999.0,0.703125,1,P11_CV0,1,2,0,2,0
12,43.456,-122.761,ID12_F12_m12f12_P12_Y6_UO5562,ID12_F12_m12f12_P12_Y4_UO5747,ID12_F12_m12f12_P12_Y5_UO2471,MXY,4,0.0,1,0,0.0,0,0,0,-9999.0,0.71875,1,P11_CV0,1,2,0,0,2
12,43.456,-122.761,ID12_F12_m12f12_P12_Y6_UO6039,ID12_F12_m12f12_P12_Y4_UO1665,ID12_F12_m12f12_P12_Y4_UO5585,FXX,4,0.0,1,0,1.0,0,0,0,-9999.0,0.75,1,P11_CV0,1,2,0,2,0
12,43.456,-122.761,ID12_F12_m12f12_P12_Y6_UO3283,ID12_F12_m12f12_P12_Y2_UO6538,ID12_F12_m12f12_P12_Y2_UO2104,MXY,4,0.0,1,0,0.0,0,0,0,-9999.0,0.8125,1,P11_CV0,1,2,0,1,1
12,43.456,-122.761,ID12_F12_m12f12_P12_Y6_UO4504,ID12_F12_m12f12_P12_Y4_UO7170,ID12_F12_m12f12_P12_Y5_UO1919,MXY,4,0.0,1,0,0.0,0,0,0,-9999.0,0.90625,1,P11_CV0,1,2,0,1,1
12,43.456,-122.761,ID12_F12_m12f12_P12_Y6_UO2775,ID12_F12_m12f12_P12_Y4_UO6295,ID12_F12_m12f12_P12_Y5_UO2954,MXY,4,0.0,1,0,0.0,0,0,0,-9999.0,0.703125,1,P11_CV0,1,2,0,2,0
12,43.456,-122.761,ID12_F12_m12f12_P12_Y6_UO7310,ID12_F12_m12f12_P12_Y4_UO1208,ID12_F12_m12f12_P12_Y4_UO3363,MXY,4,0.0,1,0,0.0,0,0,0,-9999.0,0.796875,1,P11_CV0,1,2,0,2,0
12,43.456,-122.761,ID12_F12_m12f12_P12_Y6_UO1426,ID12_F12_m12f12_P12_Y4_UO606,ID12_F12_m12f12_P12_Y4_UO5487,MXY,4,0.0,1,0,0.0,0,0,0,-9999.0,0.84375,1,P11_CV0,1,2,0,0,2
12,43.456,-122.761,ID12_F12_m12f12_P12_Y6_UO3938,ID12_F12_m12f12_P12_Y3_UO4626,ID12_F12_m12f12_P12_Y5_UO2963,MXY,4,0.0,1,0,0.0,0,0,0,-9999.0,0.7265625,1,P11_CV0,1,2,0,1,1
12,43.456,-122.761,ID12_F12_m12f12_P12_Y6_UO5549,ID12_F12_m12f12_P12_Y4_UO5527,ID12_F12_m12f12_P12_Y5_UO2731,MXY,4,0.0,1,0,0.0,0,0,0,-9999.0,0.84375,1,P11_CV0,1,2,0,1,1
12,43.456,-122.761,ID12_F12_m12f12_P12_Y6_UO3784,ID12_F12_m12f12_P12_Y4_UO7169,ID12_F12_m12f12_P12_Y4_UO4187,MXY,4,0.0,1,0,0.0,0,0,0,-9999.0,0.78125,1,P11_CV0,1,2,0,2,0
12,43.456,-122.761,ID12_F12_m12f12_P12_Y6_UO6381,ID12_F12_m12f12_P12_Y4_UO495,ID12_F12_m12f12_P12_Y5_UO1417,MXY,4,0.0,1,0,0.0,0,0,0,-9999.0,0.90625,1,P11_CV0,1,2,0,2,0
12,43.456,-122.761,ID12_F12_m12f12_P12_Y6_UO5785,ID12_F12_m12f12_P12_Y4_UO1434,ID12_F12_m12f12_P12_Y5_UO655,FXX,4,0.0,1,0,1.0,0,0,0,-9999.0,0.796875,1,P11_CV0,1,2,0,2,0
12,43.456,-122.761,ID12_F12_m12f12_P12_Y6_UO2711,ID12_F12_m12f12_P12_Y4_UO4427,ID12_F12_m12f12_P12_Y4_UO567,FXX,4,0.0,1,0,1.0,0,0,0,-9999.0,0.875,1,P11_CV0,1,2,0,1,1
12,43.456,-122.761,ID12_F12_m12f12_P12_Y6_UO6041,ID12_F12_m12f12_P12_Y4_UO1665,ID12_F12_m12f12_P12_Y4_UO5585,FXX,4,0.0,1,0,1.0,0,0,0,-9999.0,0.75,1,P11_CV0,1,2,0,2,0
12,43.456,-122.761,ID12_F12_m12f12_P12_Y6_UO7313,ID12_F12_m12f12_P12_Y4_UO1208,ID12_F12_m12f12_P12_Y4_UO3363,FXX,4,0.0,1,0,1.0,0,0,0,-9999.0,0.796875,1,P11_CV0,1,2,0,2,0
12,43.456,-122.761,ID12_F12_m12f12_P12_Y6_UO3937,ID12_F12_m12f12_P12_Y3_UO4626,ID12_F12_m12f12_P12_Y5_UO2963,FXX,4,0.0,1,0,1.0,0,0,0,-9999.0,0.7265625,1,P11_CV0,1,2,0,0,2
12,43.456,-122.761,ID12_F12_m12f12_P12_Y6_UO4740,ID12_F12_m12f12_P12_Y4_UO1361,ID12_F12_m12f12_P12_Y4_UO6406,FXX,4,0.0,1,0,1.0,0,0,0,-9999.0,0.9375,1,P11_CV0,1,2,0,0,2
12,43.456,-122.761,ID12_F12_m12f12_P12_Y6_UO6748,ID12_F12_m12f12_P12_Y4_UO3413,ID12_F12_m12f12_P12_Y2_UO2687,FXX,4,0.0,1,0,1.0,0,0,0,-9999.0,0.75,1,P11_CV0,1,2,0,1,1
12,43.456,-122.761,ID12_F12_m12f12_P12_Y6_UO6488,ID12_F12_m12f12_P12_Y3_UO4621,ID12_F12_m12f12_P12_Y5_UO3725,MXY,4,0.0,1,0,0.0,0,0,0,-9999.0,0.734375,1,P11_CV0,1,2,0,2,0
12,43.456,-122.761,ID12_F12_m12f12_P12_Y6_UO3153,ID12_F12_m12f12_P12_Y2_UO3124,ID12_F12_m12f12_P12_Y5_UO2188,MXY,4,0.0,1,0,0.0,0,0,0,-9999.0,0.796875,1,P11_CV0,1,2,0,1,1
12,43.456,-122.761,ID12_F12_m12f12_P12_Y6_UO1582,ID12_F12_m12f12_P12_Y4_UO7073,ID12_F12_m12f12_P12_Y5_UO1411,FXX,4,0.0,1,0,1.0,0,0,0,-9999.0,0.78125,1,P11_CV0,1,2,0,0,2
12,43.456,-122.761,ID12_F12_m12f12_P12_Y6_UO1737,ID12_F12_m12f12_P12_Y4_UO7115,ID12_F12_m12f12_P12_Y4_UO6406,FXX,4,0.0,1,0,1.0,0,0,0,-9999.0,0.890625,1,P11_CV0,1,2,0,1,1
12,43.456,-122.761,ID12_F12_m12f12_P12_Y6_UO7370,ID12_F12_m12f12_P12_Y4_UO6740,ID12_F12_m12f12_P12_Y5_UO1929,FXX,4,0.0,1,0,1.0,0,0,0,-9999.0,0.90625,1,P11_CV0,1,2,0,1,1
12,43.456,-122.761,ID12_F12_m12f12_P12_Y6_UO2478,ID12_F12_m12f12_P12_Y4_UO7171,ID12_F12_m12f12_P12_Y2_UO2104,MXY,4,0.0,1,0,0.0,0,0,0,-9999.0,0.765625,1,P11_CV0,1,2,0,0,2
12,43.456,-122.761,ID12_F12_m12f12_P12_Y5_UO2215,ID12_F12_m12f12_P12_Y2_UO2377,ID12_F12_m12f12_P12_Y2_UO4700,FXX,5,0.0,1,0,1.0,0,0,0,-9999.0,0.875,1,P11_CV0,1,2,0,1,1
12,43.456,-122.761,ID12_F12_m12f12_P12_Y5_UO1411,ID12_F12_m12f12_P12_Y0_UO6301,ID12_F12_m12f12_P12_Y4_UO3215,MXY,5,0.0,1,0,0.0,0,0,0,-9999.0,0.875,1,P11_CV0,1,2,0,1,1
12,43.456,-122.761,ID12_F12_m12f12_P12_Y5_UO1922,ID12_F12_m12f12_P12_Y3_UO1798,ID12_F12_m12f12_P12_Y4_UO738,FXX,5,0.0,1,0,1.0,0,0,0,-9999.0,0.875,1,P11_CV0,1,2,0,1,1
12,43.456,-122.761,ID12_F12_m12f12_P12_Y4_UO3214,ID12_F12_m12f12_P12_Y2_UO1054,ID12_F12_m12f12_P12_Y2_UO6496,MXY,6,0.0,1,0,0.0,0,0,0,-9999.0,0.75,1,P11_CV0,1,2,0,2,0
13,45.129,-121.965,ID13_F13_m13f13_P13_Y9_UO11,ID13_F13_m13f13_P13_Y5_UO3638,ID13_F13_m13f13_P13_Y8_UO2010,MXY,1,0.0,1,0,0.0,0,0,0,-9999.0,0.79296875,1,P12_CV0,1,2,0,0,2
13,45.129,-121.965,ID13_F13_m13f13_P13_Y9_UO12,ID13_F13_m13f13_P13_Y5_UO3638,ID13_F13_m13f13_P13_Y8_UO2010,MXY,1,0.0,1,0,0.0,0,0,0,-9999.0,0.79296875,1,P12_CV0,1,2,0,0,2
13,45.129,-121.965,ID13_F13_m13f13_P13_Y9_UO13,ID13_F13_m13f13_P13_Y5_UO3638,ID13_F13_m13f13_P13_Y8_UO2010,FXX,1,0.0,1,0,1.0,0,0,0,-9999.0,0.79296875,1,P12_CV0,1,2,0,0,2
13,45.129,-121.965,ID13_F13_m13f13_P13_Y9_UO14,ID13_F13_m13f13_P13_Y5_UO3638,ID13_F13_m13f13_P13_Y8_UO2010,MXY,1,0.0,1,0,0.0,0,0,0,-9999.0,0.79296875,1,P12_CV0,1,2,0,1,1
13,45.129,-121.965,ID13_F13_m13f13_P13_Y9_UO15,ID13_F13_m13f13_P13_Y5_UO3638,ID13_F13_m13f13_P13_Y8_UO2010,MXY,1,0.0,1,0,0.0,0,0,0,-9999.0,0.79296875,1,P12_CV0,1,2,0,0,2
13,45.129,-121.965,ID13_F13_m13f13_P13_Y9_UO16,ID13_F13_m13f13_P13_Y5_UO3638,ID13_F13_m13f13_P13_Y8_UO2010,FXX,1,0.0,1,0,1.0,0,0,0,-9999.0,0.79296875,1,P12_CV0,1,2,0,1,1
13,45.129,-121.965,ID13_F13_m13f13_P13_Y9_UO61,ID13_F13_m13f13_P13_Y7_UO5608,ID13_F13_m13f13_P13_Y8_UO3963,FXX,1,0.0,1,0,1.0,0,0,0,-9999.0,0.8369140625,1,P12_CV0,1,2,0,1,1
13,45.129,-121.965,ID13_F13_m13f13_P13_Y9_UO363,ID13_F13_m13f13_P13_Y7_UO3957,ID13_F13_m13f13_P13_Y8_UO6195,FXX,1,0.0,1,0,1.0,0,0,0,-9999.0,0.84619140625,1,P12_CV0,1,2,0,1,1
13,45.129,-121.965,ID13_F13_m13f13_P13_Y9_UO364,ID13_F13_m13f13_P13_Y7_UO3957,ID13_F13_m13f13_P13_Y8_UO6195,MXY,1,0.0,1,0,0.0,0,0,0,-9999.0,0.84619140625,1,P12_CV0,1,2,0,1,1
13,45.129,-121.965,ID13_F13_m13f13_P13_Y9_UO366,ID13_F13_m13f13_P13_Y7_UO3957,ID13_F13_m13f13_P13_Y8_UO6195,MXY,1,0.0,1,0,0.0,0,0,0,-9999.0,0.84619140625,1,P12_CV0,1,2,0,2,0
13,45.129,-121.965,ID13_F13_m13f13_P13_Y9_UO369,ID13_F13_m13f13_P13_Y7_UO3957,ID13_F13_m13f13_P13_Y8_UO6195,FXX,1,0.0,1,0,1.0,0,0,0,-9999.0,0.84619140625,1,P12_CV0,1,2,0,1,1
13,45.129,-121.965,ID13_F13_m13f13_P13_Y9_UO371,ID13_F13_m13f13_P13_Y7_UO3957,ID13_F13_m13f13_P13_Y8_UO6195,FXX,1,0.0,1,0,1.0,0,0,0,-9999.0,0.84619140625,1,P12_CV0,1,2,0,1,1
13,45.129,-121.965,ID13_F13_m13f13_P13_Y9_UO373,ID13_F13_m13f13_P13_Y7_UO3957,ID13_F13_m13f13_P13_Y8_UO6195,MXY,1,0.0,1,0,0.0,0,0,0,-9999.0,0.84619140625,1,P12_CV0,1,2,0,2,0
13,45.129,-121.965,ID13_F13_m13f13_P13_Y9_UO375,ID13_F13_m13f13_P13_Y7_UO3957,ID13_F13_m13f13_P13_Y8_UO6195,FXX,1,0.0,1,0,1.0,0,0,0,-9999.0,0.84619140625,1,P12_CV0,1,2,0,1,1
13,45.129,-121.965,ID13_F13_m13f13_P13_Y9_UO377,ID13_F13_m13f13_P13_Y7_UO3957,ID13_F13_m13f13_P13_Y8_UO6195,FXX,1,0.0,1,0,1.0,0,0,0,-9999.0,0.84619140625,1,P12_CV0,1,2,0,1,1
13,45.129,-121.965,ID13_F13_m13f13_P13_Y9_UO378,ID13_F13_m13f13_P13_Y7_UO3957,ID13_F13_m13f13_P13_Y8_UO6195,FXX,1,0.0,1,0,1.0,0,0,0,-9999.0,0.84619140625,1,P12_CV0,1,2,0,2,0
13,45.129,-121.965,ID13_F13_m13f13_P13_Y9_UO498,ID13_F13_m13f13_P13_Y7_UO1841,ID13_F13_m13f13_P13_Y8_UO2008,FXX,1,0.0,1,0,1.0,0,0,0,-9999.0,0.783203125,1,P12_CV0,1,2,0,1,1
13,45.129,-121.965,ID13_F13_m13f13_P13_Y9_UO500,ID13_F13_m13f13_P13_Y7_UO1841,ID13_F13_m13f13_P13_Y8_UO2008,MXY,1,0.0,1,0,0.0,0,0,0,-9999.0,0.783203125,1,P12_CV0,1,2,0,1,1
13,45.129,-121.965,ID13_F13_m13f13_P13_Y9_UO502,ID13_F13_m13f13_P13_Y7_UO1841,ID13_F13_m13f13_P13_Y8_UO2008,MXY,1,0.0,1,0,0.0,0,0,0,-9999.0,0.783203125,1,P12_CV0,1,2,0,2,0
13,45.129,-121.965,ID13_F13_m13f13_P13_Y9_UO504,ID13_F13_m13f13_P13_Y7_UO1841,ID13_F13_m13f13_P13_Y8_UO2008,MXY,1,0.0,1,0,0.0,0,0,0,-9999.0,0.783203125,1,P12_CV0,1,2,0,2,0
13,45.129,-121.965,ID13_F13_m13f13_P13_Y9_UO508,ID13_F13_m13f13_P13_Y7_UO1841,ID13_F13_m13f13_P13_Y8_UO2008,MXY,1,0.0,1,0,0.0,0,0,0,-9999.0,0.783203125,1,P12_CV0,1,2,0,1,1
13,45.129,-121.965,ID13_F13_m13f13_P13_Y9_UO694,ID13_F13_m13f13_P13_Y4_UO887,ID13_F13_m13f13_P13_Y8_UO4492,FXX,1,0.0,1,0,1.0,0,0,0,-9999.0,0.74609375,1,P12_CV0,1,2,0,1,1
13,45.129,-121.965,ID13_F13_m13f13_P13_Y9_UO696,ID13_F13_m13f13_P13_Y4_UO887,ID13_F13_m13f13_P13_Y8_UO4492,MXY,1,0.0,1,0,0.0,0,0,0,-9999.0,0.74609375,1,P12_CV0,1,2,0,0,2
13,45.129,-121.965,ID13_F13_m13f13_P13_Y9_UO697,ID13_F13_m13f13_P13_Y4_UO887,ID13_F13_m13f13_P13_Y8_UO4492,FXX,1,0.0,1,0,1.0,0,0,0,-9999.0,0.74609375,1,P12_CV0,1,2,0,2,0
13,45.129,-121.965,ID13_F13_m13f13_P13_Y9_UO698,ID13_F13_m13f13_P13_Y4_UO887,ID13_F13_m13f13_P13_Y8_UO4492,MXY,1,0.0,1,0,0.0,0,0,0,-9999.0,0.74609375,1,P12_CV0,1,2,0,2,0
13,45.129,-121.965,ID13_F13_m13f13_P13_Y9_UO700,ID13_F13_m13f13_P13_Y4_UO887,ID13_F13_m13f13_P13_Y8_UO4492,FXX,1,0.0,1,0,1.0,0,0,0,-9999.0,0.74609375,1,P12_CV0,1,2,0,1,1
13,45.129,-121.965,ID13_F13_m13f13_P13_Y9_UO702,ID13_F13_m13f13_P13_Y4_UO887,ID13_F13_m13f13_P13_Y8_UO4492,FXX,1,0.0,1,0,1.0,0,0,0,-9999.0,0.74609375,1,P12_CV0,1,2,0,0,2
13,45.129,-121.965,ID13_F13_m13f13_P13_Y9_UO703,ID13_F13_m13f13_P13_Y4_UO887,ID13_F13_m13f13_P13_Y8_UO4492,MXY,1,0.0,1,0,0.0,0,0,0,-9999.0,0.74609375,1,P12_CV0,1,2,0,2,0
13,45.129,-121.965,ID13_F13_m13f13_P13_Y9_UO704,ID13_F13_m13f13_P13_Y4_UO887,ID13_F13_m13f13_P13_Y8_UO4492,MXY,1,0.0,1,0,0.0,0,0,0,-9999.0,0.74609375,1,P12_CV0,1,2,0,0,2
13,45.129,-121.965,ID13_F13_m13f13_P13_Y9_UO953,ID13_F13_m13f13_P13_Y6_UO3626,ID13_F13_m13f13_P13_Y8_UO3963,MXY,1,0.0,1,0,0.0,0,0,0,-9999.0,0.8486328125,1,P12_CV0,1,2,0,2,0
13,45.129,-121.965,ID13_F13_m13f13_P13_Y9_UO954,ID13_F13_m13f13_P13_Y6_UO3626,ID13_F13_m13f13_P13_Y8_UO3963,MXY,1,0.0,1,0,0.0,0,0,0,-9999.0,0.8486328125,1,P12_CV0,1,2,0,2,0
13,45.129,-121.965,ID13_F13_m13f13_P13_Y9_UO1001,ID13_F13_m13f13_P13_Y6_UO6789,ID13_F13_m13f13_P13_Y8_UO1766,MXY,1,0.0,1,0,0.0,0,0,0,-9999.0,0.869140625,1,P12_CV0,1,2,0,0,2
13,45.129,-121.965,ID13_F13_m13f13_P13_Y9_UO1003,ID13_F13_m13f13_P13_Y6_UO6789,ID13_F13_m13f13_P13_Y8_UO1766,MXY,1,0.0,1,0,0.0,0,0,0,-9999.0,0.869140625,1,P12_CV0,1,2,0,1,1
13,45.129,-121.965,ID13_F13_m13f13_P13_Y9_UO1006,ID13_F13_m13f13_P13_Y6_UO6789,ID13_F13_m13f13_P13_Y8_UO1766,MXY,1,0.0,1,0,0.0,0,0,0,-9999.0,0.869140625,1,P12_CV0,1,2,0,0,2
13,45.129,-121.965,ID13_F13_m13f13_P13_Y9_UO1007,ID13_F13_m13f13_P13_Y6_UO6789,ID13_F13_m13f13_P13_Y8_UO1766,MXY,1,0.0,1,0,0.0,0,0,0,-9999.0,0.869140625,1,P12_CV0,1,2,0,0,2
13,45.129,-121.965,ID13_F13_m13f13_P13_Y9_UO1166,ID13_F13_m13f13_P13_Y7_UO5225,ID13_F13_m13f13_P13_Y8_UO3989,MXY,1,0.0,1,0,0.0,0,0,0,-9999.0,0.77587890625,1,P12_CV0,1,2,0,1,1
13,45.129,-121.965,ID13_F13_m13f13_P13_Y9_UO1167,ID13_F13_m13f13_P13_Y7_UO5225,ID13_F13_m13f13_P13_Y8_UO3989,FXX,1,0.0,1,0,1.0,0,0,0,-9999.0,0.77587890625,1,P12_CV0,1,2,0,2,0
13,45.129,-121.965,ID13_F13_m13f13_P13_Y9_UO1168,ID13_F13_m13f13_P13_Y7_UO5225,ID13_F13_m13f13_P13_Y8_UO3989,MXY,1,0.0,1,0,0.0,0,0,0,-9999.0,0.77587890625,1,P12_CV0,1,2,0,2,0
13,45.129,-121.965,ID13_F13_m13f13_P13_Y9_UO1171,ID13_F13_m13f13_P13_Y7_UO5225,ID13_F13_m13f13_P13_Y8_UO3989,FXX,1,0.0,1,0,1.0,0,0,0,-9999.0,0.77587890625,1,P12_CV0,1,2,0,1,1
13,45.129,-121.965,ID13_F13_m13f13_P13_Y9_UO1173,ID13_F13_m13f13_P13_Y7_UO5225,ID13_F13_m13f13_P13_Y8_UO3989,MXY,1,0.0,1,0,0.0,0,0,0,-9999.0,0.77587890625,1,P12_CV0,1,2,0,1,1
13,45.129,-121.965,ID13_F13_m13f13_P13_Y9_UO1174,ID13_F13_m13f13_P13_Y7_UO5225,ID13_F13_m13f13_P13_Y8_UO3989,FXX,1,0.0,1,0,1.0,0,0,0,-9999.0,0.77587890625,1,P12_CV0,1,2,0,2,0
13,45.129,-121.965,ID13_F13_m13f13_P13_Y9_UO1176,ID13_F13_m13f13_P13_Y7_UO5225,ID13_F13_m13f13_P13_Y8_UO3989,FXX,1,0.0,1,0,1.0,0,0,0,-9999.0,0.77587890625,1,P12_CV0,1,2,0,1,1
13,45.129,-121.965,ID13_F13_m13f13_P13_Y9_UO1178,ID13_F13_m13f13_P13_Y7_UO5225,ID13_F13_m13f13_P13_Y8_UO3989,MXY,1,0.0,1,0,0.0,0,0,0,-9999.0,0.77587890625,1,P12_CV0,1,2,0,2,0
13,45.129,-121.965,ID13_F13_m13f13_P13_Y9_UO1180,ID13_F13_m13f13_P13_Y7_UO5225,ID13_F13_m13f13_P13_Y8_UO3989,MXY,1,0.0,1,0,0.0,0,0,0,-9999.0,0.77587890625,1,P12_CV0,1,2,0,2,0
13,45.129,-121.965,ID13_F13_m13f13_P13_Y9_UO1181,ID13_F13_m13f13_P13_Y7_UO5225,ID13_F13_m13f13_P13_Y8_UO3989,MXY,1,0.0,1,0,0.0,0,0,0,-9999.0,0.77587890625,1,P12_CV0,1,2,0,1,1
13,45.129,-121.965,ID13_F13_m13f13_P13_Y9_UO1182,ID13_F13_m13f13_P13_Y7_UO5225,ID13_F13_m13f13_P13_Y8_UO3989,MXY,1,0.0,1,0,0.0,0,0,0,-9999.0,0.77587890625,1,P12_CV0,1,2,0,2,0
13,45.129,-121.965,ID13_F13_m13f13_P13_Y9_UO1264,ID13_F13_m13f13_P13_Y7_UO3860,ID13_F13_m13f13_P13_Y8_UO30,MXY,1,0.0,1,0,0.0,0,0,0,-9999.0,0.8134765625,1,P12_CV0,1,2,0,2,0
13,45.129,-121.965,ID13_F13_m13f13_P13_Y9_UO1265,ID13_F13_m13f13_P13_Y7_UO3860,ID13_F13_m13f13_P13_Y8_UO30,MXY,1,0.0,1,0,0.0,0,0,0,-9999.0,0.8134765625,1,P12_CV0,1,2,0,0,2
13,45.129,-121.965,ID13_F13_m13f13_P13_Y9_UO1266,ID13_F13_m13f13_P13_Y7_UO3860,ID13_F13_m13f13_P13_Y8_UO30,MXY,1,0.0,1,0,0.0,0,0,0,-9999.0,0.8134765625,1,P12_CV0,1,2,0,1,1
13,45.129,-121.965,ID13_F13_m13f13_P13_Y9_UO1271,ID13_F13_m13f13_P13_Y7_UO3860,ID13_F13_m13f13_P13_Y8_UO30,FXX,1,0.0,1,0,1.0,0,0,0,-9999.0,0.8134765625,1,P12_CV0,1,2,0,1,1
13,45.129,-121.965,ID13_F13_m13f13_P13_Y9_UO1273,ID13_F13_m13f13_P13_Y7_UO3860,ID13_F13_m13f13_P13_Y8_UO30,FXX,1,0.0,1,0,1.0,0,0,0,-9999.0,0.8134765625,1,P12_CV0,1,2,0,2,0
13,45.129,-121.965,ID13_F13_m13f13_P13_Y9_UO1274,ID13_F13_m13f13_P13_Y7_UO3860,ID13_F13_m13f13_P13_Y8_UO30,FXX,1,0.0,1,0,1.0,0,0,0,-9999.0,0.8134765625,1,P12_CV0,1,2,0,1,1
13,45.129,-121.965,ID13_F13_m13f13_P13_Y9_UO1278,ID13_F13_m13f13_P13_Y7_UO3860,ID13_F13_m13f13_P13_Y8_UO30,FXX,1,0.0,1,0,1.0,0,0,0,-9999.0,0.8134765625,1,P12_CV0,1,2,0,2,0
13,45.129,-121.965,ID13_F13_m13f13_P13_Y9_UO1279,ID13_F13_m13f13_P13_Y7_UO3860,ID13_F13_m13f13_P13_Y8_UO30,FXX,1,0.0,1,0,1.0,0,0,0,-9999.0,0.8134765625,1,P12_CV0,1,2,0,2,0
13,45.129,-121.965,ID13_F13_m13f13_P13_Y9_UO1646,ID13_F13_m13f13_P13_Y6_UO6959,ID13_F13_m13f13_P13_Y8_UO3996,FXX,1,0.0,1,0,1.0,0,0,0,-9999.0,0.8193359375,1,P12_CV0,1,2,0,1,1
13,45.129,-121.965,ID13_F13_m13f13_P13_Y9_UO1648,ID13_F13_m13f13_P13_Y6_UO6959,ID13_F13_m13f13_P13_Y8_UO3996,MXY,1,0.0,1,0,0.0,0,0,0,-9999.0,0.8193359375,1,P12_CV0,1,2,0,1,1
13,45.129,-121.965,ID13_F13_m13f13_P13_Y9_UO1650,ID13_F13_m13f13_P13_Y6_UO6959,ID13_F13_m13f13_P13_Y8_UO3996,MXY,1,0.0,1,0,0.0,0,0,0,-9999.0,0.8193359375,1,P12_CV0,1,2,0,1,1
13,45.129,-121.965,ID13_F13_m13f13_P13_Y9_UO1651,ID13_F13_m13f13_P13_Y6_UO6959,ID13_F13_m13f13_P13_Y8_UO3996,MXY,1,0.0,1,0,0.0,0,0,0,-9999.0,0.8193359375,1,P12_CV0,1,2,0,1,1
13,45.129,-121.965,ID13_F13_m13f13_P13_Y9_UO1652,ID13_F13_m13f13_P13_Y6_UO6959,ID13_F13_m13f13_P13_Y8_UO3996,MXY,1,0.0,1,0,0.0,0,0,0,-9999.0,0.8193359375,1,P12_CV0,1,2,0,1,1
13,45.129,-121.965,ID13_F13_m13f13_P13_Y9_UO1653,ID13_F13_m13f13_P13_Y6_UO6959,ID13_F13_m13f13_P13_Y8_UO3996,MXY,1,0.0,1,0,0.0,0,0,0,-9999.0,0.8193359375,1,P12_CV0,1,2,0,1,1
13,45.129,-121.965,ID13_F13_m13f13_P13_Y9_UO2071,ID13_F13_m13f13_P13_Y7_UO5608,ID13_F13_m13f13_P13_Y8_UO4747,MXY,1,0.0,1,0,0.0,0,0,0,-9999.0,0.80078125,1,P12_CV0,1,2,0,0,2
13,45.129,-121.965,ID13_F13_m13f13_P13_Y9_UO2072,ID13_F13_m13f13_P13_Y7_UO5608,ID13_F13_m13f13_P13_Y8_UO4747,MXY,1,0.0,1,0,0.0,0,0,0,-9999.0,0.80078125,1,P12_CV0,1,2,0,2,0
13,45.129,-121.965,ID13_F13_m13f13_P13_Y9_UO2073,ID13_F13_m13f13_P13_Y7_UO5608,ID13_F13_m13f13_P13_Y8_UO4747,MXY,1,0.0,1,0,0.0,0,0,0,-9999.0,0.80078125,1,P12_CV0,1,2,0,1,1
13,45.129,-121.965,ID13_F13_m13f13_P13_Y9_UO2074,ID13_F13_m13f13_P13_Y6_UO6517,ID13_F13_m13f13_P13_Y8_UO4187,FXX,1,0.0,1,0,1.0,0,0,0,-9999.0,0.82421875,1,P12_CV0,1,2,0,1,1
13,45.129,-121.965,ID13_F13_m13f13_P13_Y9_UO2075,ID13_F13_m13f13_P13_Y6_UO6517,ID13_F13_m13f13_P13_Y8_UO4187,FXX,1,0.0,1,0,1.0,0,0,0,-9999.0,0.82421875,1,P12_CV0,1,2,0,0,2
13,45.129,-121.965,ID13_F13_m13f13_P13_Y9_UO2076,ID13_F13_m13f13_P13_Y6_UO6517,ID13_F13_m13f13_P13_Y8_UO4187,MXY,1,0.0,1,0,0.0,0,0,0,-9999.0,0.82421875,1,P12_CV0,1,2,0,0,2
13,45.129,-121.965,ID13_F13_m13f13_P13_Y9_UO2077,ID13_F13_m13f13_P13_Y6_UO6517,ID13_F13_m13f13_P13_Y8_UO4187,FXX,1,0.0,1,0,1.0,0,0,0,-9999.0,0.82421875,1,P12_CV0,1,2,0,0,2
13,45.129,-121.965,ID13_F13_m13f13_P13_Y9_UO2078,ID13_F13_m13f13_P13_Y6_UO6517,ID13_F13_m13f13_P13_Y8_UO4187,MXY,1,0.0,1,0,0.0,0,0,0,-9999.0,0.82421875,1,P12_CV0,1,2,0,1,1
13,45.129,-121.965,ID13_F13_m13f13_P13_Y9_UO2080,ID13_F13_m13f13_P13_Y6_UO6517,ID13_F13_m13f13_P13_Y8_UO4187,FXX,1,0.0,1,0,1.0,0,0,0,-9999.0,0.82421875,1,P12_CV0,1,2,0,1,1
13,45.129,-121.965,ID13_F13_m13f13_P13_Y9_UO2081,ID13_F13_m13f13_P13_Y6_UO6517,ID13_F13_m13f13_P13_Y8_UO4187,FXX,1,0.0,1,0,1.0,0,0,0,-9999.0,0.82421875,1,P12_CV0,1,2,0,1,1
13,45.129,-121.965,ID13_F13_m13f13_P13_Y9_UO2082,ID13_F13_m13f13_P13_Y6_UO6517,ID13_F13_m13f13_P13_Y8_UO4187,MXY,1,0.0,1,0,0.0,0,0,0,-9999.0,0.82421875,1,P12_CV0,1,2,0,2,0
13,45.129,-121.965,ID13_F13_m13f13_P13_Y9_UO2084,ID13_F13_m13f13_P13_Y6_UO6517,ID13_F13_m13f13_P13_Y8_UO4187,MXY,1,0.0,1,0,0.0,0,0,0,-9999.0,0.82421875,1,P12_CV0,1,2,0,1,1
13,45.129,-121.965,ID13_F13_m13f13_P13_Y9_UO2085,ID13_F13_m13f13_P13_Y6_UO6517,ID13_F13_m13f13_P13_Y8_UO4187,MXY,1,0.0,1,0,0.0,0,0,0,-9999.0,0.82421875,1,P12_CV0,1,2,0,2,0
13,45.129,-121.965,ID13_F13_m13f13_P13_Y9_UO2129,ID13_F13_m13f13_P13_Y7_UO5608,ID13_F13_m13f13_P13_Y8_UO1439,MXY,1,0.0,1,0,0.0,0,0,0,-9999.0,0.83203125,1,P12_CV0,1,2,0,1,1
13,45.129,-121.965,ID13_F13_m13f13_P13_Y9_UO2130,ID13_F13_m13f13_P13_Y7_UO5608,ID13_F13_m13f13_P13_Y8_UO1439,FXX,1,0.0,1,0,1.0,0,0,0,-9999.0,0.83203125,1,P12_CV0,1,2,0,2,0
13,45.129,-121.965,ID13_F13_m13f13_P13_Y9_UO2132,ID13_F13_m13f13_P13_Y7_UO5608,ID13_F13_m13f13_P13_Y8_UO1439,FXX,1,0.0,1,0,1.0,0,0,0,-9999.0,0.83203125,1,P12_CV0,1,2,0,1,1
13,45.129,-121.965,ID13_F13_m13f13_P13_Y9_UO2637,ID13_F13_m13f13_P13_Y7_UO1470,ID13_F13_m13f13_P13_Y8_UO5758,MXY,1,0.0,1,0,0.0,0,0,0,-9999.0,0.83203125,1,P12_CV0,1,2,0,1,1
13,45.129,-121.965,ID13_F13_m13f13_P13_Y9_UO2638,ID13_F13_m13f13_P13_Y7_UO1470,ID13_F13_m13f13_P13_Y8_UO5758,FXX,1,0.0,1,0,1.0,0,0,0,-9999.0,0.83203125,1,P12_CV0,1,2,0,1,1
13,45.129,-121.965,ID13_F13_m13f13_P13_Y9_UO2639,ID13_F13_m13f13_P13_Y7_UO1470,ID13_F13_m13f13_P13_Y8_UO5758,FXX,1,0.0,1,0,1.0,0,0,0,-9999.0,0.83203125,1,P12_CV0,1,2,0,2,0
13,45.129,-121.965,ID13_F13_m13f13_P13_Y9_UO3230,ID13_F13_m13f13_P13_Y7_UO5133,ID13_F13_m13f13_P13_Y6_UO2537,MXY,1,0.0,1,0,0.0,0,0,0,-9999.0,0.826171875,1,P12_CV0,1,2,0,1,1
13,45.129,-121.965,ID13_F13_m13f13_P13_Y9_UO3231,ID13_F13_m13f13_P13_Y7_UO5133,ID13_F13_m13f13_P13_Y6_UO2537,MXY,1,0.0,1,0,0.0,0,0,0,-9999.0,0.826171875,1,P12_CV0,1,2,0,1,1
13,45.129,-121.965,ID13_F13_m13f13_P13_Y9_UO3232,ID13_F13_m13f13_P13_Y7_UO5133,ID13_F13_m13f13_P13_Y6_UO2537,FXX,1,0.0,1,0,1.0,0,0,0,-9999.0,0.826171875,1,P12_CV0,1,2,0,2,0
13,45.129,-121.965,ID13_F13_m13f13_P13_Y9_UO3356,ID13_F13_m13f13_P13_Y7_UO5131,ID13_F13_m13f13_P13_Y8_UO3193,MXY,1,0.0,1,0,0.0,0,0,0,-9999.0,0.79296875,1,P12_CV0,1,2,0,1,1
13,45.129,-121.965,ID13_F13_m13f13_P13_Y9_UO3361,ID13_F13_m13f13_P13_Y7_UO5131,ID13_F13_m13f13_P13_Y8_UO3193,FXX,1,0.0,1,0,1.0,0,0,0,-9999.0,0.79296875,1,P12_CV0,1,2,0,1,1
13,45.129,-121.965,ID13_F13_m13f13_P13_Y9_UO3362,ID13_F13_m13f13_P13_Y7_UO5131,ID13_F13_m13f13_P13_Y8_UO3193,FXX,1,0.0,1,0,1.0,0,0,0,-9999.0,0.79296875,1,P12_CV0,1,2,0,1,1
13,45.129,-121.965,ID13_F13_m13f13_P13_Y9_UO3363,ID13_F13_m13f13_P13_Y7_UO5131,ID13_F13_m13f13_P13_Y8_UO3193,MXY,1,0.0,1,0,0.0,0,0,0,-9999.0,0.79296875,1,P12_CV0,1,2,0,1,1
13,45.129,-121.965,ID13_F13_m13f13_P13_Y9_UO3364,ID13_F13_m13f13_P13_Y7_UO5131,ID13_F13_m13f13_P13_Y8_UO3193,MXY,1,0.0,1,0,0.0,0,0,0,-9999.0,0.79296875,1,P12_CV0,1,2,0,1,1
13,45.129,-121.965,ID13_F13_m13f13_P13_Y9_UO3365,ID13_F13_m13f13_P13_Y7_UO5131,ID13_F13_m13f13_P13_Y8_UO3193,MXY,1,0.0,1,0,0.0,0,0,0,-9999.0,0.79296875,1,P12_CV0,1,2,0,1,1
13,45.129,-121.965,ID13_F13_m13f13_P13_Y9_UO3366,ID13_F13_m13f13_P13_Y7_UO5131,ID13_F13_m13f13_P13_Y8_UO3193,FXX,1,0.0,1,0,1.0,0,0,0,-9999.0,0.79296875,1,P12_CV0,1,2,0,1,1
13,45.129,-121.965,ID13_F13_m13f13_P13_Y9_UO3371,ID13_F13_m13f13_P13_Y7_UO5131,ID13_F13_m13f13_P13_Y8_UO3193,FXX,1,0.0,1,0,1.0,0,0,0,-9999.0,0.79296875,1,P12_CV0,1,2,0,1,1
13,45.129,-121.965,ID13_F13_m13f13_P13_Y9_UO3445,ID13_F13_m13f13_P13_Y6_UO803,ID13_F13_m13f13_P13_Y6_UO1470,FXX,1,0.0,1,0,1.0,0,0,0,-9999.0,0.8203125,1,P12_CV0,1,2,0,0,2
13,45.129,-121.965,ID13_F13_m13f13_P13_Y9_UO3448,ID13_F13_m13f13_P13_Y6_UO803,ID13_F13_m13f13_P13_Y6_UO1470,FXX,1,0.0,1,0,1.0,0,0,0,-9999.0,0.8203125,1,P12_CV0,1,2,0,1,1
13,45.129,-121.965,ID13_F13_m13f13_P13_Y9_UO3449,ID13_F13_m13f13_P13_Y6_UO803,ID13_F13_m13f13_P13_Y6_UO1470,FXX,1,0.0,1,0,1.0,0,0,0,-9999.0,0.8203125,1,P12_CV0,1,2,0,1,1
13,45.129,-121.965,ID13_F13_m13f13_P13_Y9_UO3450,ID13_F13_m13f13_P13_Y6_UO803,ID13_F13_m13f13_P13_Y6_UO1470,FXX,1,0.0,1,0,1.0,0,0,0,-9999.0,0.8203125,1,P12_CV0,1,2,0,2,0
13,45.129,-121.965,ID13_F13_m13f13_P13_Y9_UO3453,ID13_F13_m13f13_P13_Y6_UO803,ID13_F13_m13f13_P13_Y6_UO1470,MXY,1,0.0,1,0,0.0,0,0,0,-9999.0,0.8203125,1,P12_CV0,1,2,0,1,1
13,45.129,-121.965,ID13_F13_m13f13_P13_Y9_UO3454,ID13_F13_m13f13_P13_Y6_UO803,ID13_F13_m13f13_P13_Y6_UO1470,FXX,1,0.0,1,0,1.0,0,0,0,-9999.0,0.8203125,1,P12_CV0,1,2,0,1,1
13,45.129,-121.965,ID13_F13_m13f13_P13_Y9_UO3816,ID13_F13_m13f13_P13_Y7_UO5133,ID13_F13_m13f13_P13_Y8_UO1440,MXY,1,0.0,1,0,0.0,0,0,0,-9999.0,0.841796875,1,P12_CV0,1,2,0,0,2
13,45.129,-121.965,ID13_F13_m13f13_P13_Y9_UO3821,ID13_F13_m13f13_P13_Y7_UO5133,ID13_F13_m13f13_P13_Y8_UO1440,MXY,1,0.0,1,0,0.0,0,0,0,-9999.0,0.841796875,1,P12_CV0,1,2,0,2,0
13,45.129,-121.965,ID13_F13_m13f13_P13_Y9_UO3938,ID13_F13_m13f13_P13_Y5_UO3638,ID13_F13_m13f13_P13_Y7_UO1066,MXY,1,0.0,1,0,0.0,0,0,0,-9999.0,0.8125,1,P12_CV0,1,2,0,0,2
13,45.129,-121.965,ID13_F13_m13f13_P13_Y9_UO3939,ID13_F13_m13f13_P13_Y5_UO3638,ID13_F13_m13f13_P13_Y7_UO1066,MXY,1,0.0,1,0,0.0,0,0,0,-9999.0,0.8125,1,P12_CV0,1,2,0,0,2
13,45.129,-121.965,ID13_F13_m13f13_P13_Y9_UO4201,ID13_F13_m13f13_P13_Y7_UO1841,ID13_F13_m13f13_P13_Y8_UO3193,MXY,1,0.0,1,0,0.0,0,0,0,-9999.0,0.765625,1,P12_CV0,1,2,0,2,0
13,45.129,-121.965,ID13_F13_m13f13_P13_Y9_UO4202,ID13_F13_m13f13_P13_Y7_UO1841,ID13_F13_m13f13_P13_Y8_UO3193,MXY,1,0.0,1,0,0.0,0,0,0,-9999.0,0.765625,1,P12_CV0,1,2,0,2,0
13,45.129,-121.965,ID13_F13_m13f13_P13_Y9_UO4203,ID13_F13_m13f13_P13_Y7_UO1841,ID13_F13_m13f13_P13_Y8_UO3193,MXY,1,0.0,1,0,0.0,0,0,0,-9999.0,0.765625,1,P12_CV0,1,2,0,2,0
13,45.129,-121.965,ID13_F13_m13f13_P13_Y9_UO4277,ID13_F13_m13f13_P13_Y7_UO1470,ID13_F13_m13f13_P13_Y8_UO1914,MXY,1,0.0,1,0,0.0,0,0,0,-9999.0,0.82421875,1,P12_CV0,1,2,0,0,2
13,45.129,-121.965,ID13_F13_m13f13_P13_Y9_UO4278,ID13_F13_m13f13_P13_Y7_UO1470,ID13_F13_m13f13_P13_Y8_UO1914,FXX,1,0.0,1,0,1.0,0,0,0,-9999.0,0.82421875,1,P12_CV0,1,2,0,1,1
13,45.129,-121.965,ID13_F13_m13f13_P13_Y9_UO4431,ID13_F13_m13f13_P13_Y7_UO1470,ID13_F13_m13f13_P13_Y8_UO3231,FXX,1,0.0,1,0,1.0,0,0,0,-9999.0,0.802734375,1,P12_CV0,1,2,0,0,2
13,45.129,-121.965,ID13_F13_m13f13_P13_Y9_UO5138,ID13_F13_m13f13_P13_Y7_UO5133,ID13_F13_m13f13_P13_Y6_UO1689,MXY,1,0.0,1,0,0.0,0,0,0,-9999.0,0.833984375,1,P12_CV0,1,2,0,1,1
13,45.129,-121.965,ID13_F13_m13f13_P13_Y9_UO5140,ID13_F13_m13f13_P13_Y7_UO5133,ID13_F13_m13f13_P13_Y6_UO1689,FXX,1,0.0,1,0,1.0,0,0,0,-9999.0,0.833984375,1,P12_CV0,1,2,0,1,1
13,45.129,-121.965,ID13_F13_m13f13_P13_Y9_UO5141,ID13_F13_m13f13_P13_Y7_UO5133,ID13_F13_m13f13_P13_Y6_UO1689,MXY,1,0.0,1,0,0.0,0,0,0,-9999.0,0.833984375,1,P12_CV0,1,2,0,1,1
13,45.129,-121.965,ID13_F13_m13f13_P13_Y9_UO5328,ID13_F13_m13f13_P13_Y6_UO3626,ID13_F13_m13f13_P13_Y8_UO4501,FXX,1,0.0,1,0,1.0,0,0,0,-9999.0,0.7890625,1,P12_CV0,1,2,0,2,0
13,45.129,-121.965,ID13_F13_m13f13_P13_Y9_UO5372,ID13_F13_m13f13_P13_Y7_UO1470,ID13_F13_m13f13_P13_Y7_UO4195,FXX,1,0.0,1,0,1.0,0,0,0,-9999.0,0.82421875,1,P12_CV0,1,2,0,0,2
13,45.129,-121.965,ID13_F13_m13f13_P13_Y9_UO5407,ID13_F13_m13f13_P13_Y6_UO3593,ID13_F13_m13f13_P13_Y7_UO3123,FXX,1,0.0,1,0,1.0,0,0,0,-9999.0,0.83984375,1,P12_CV0,1,2,0,1,1
13,45.129,-121.965,ID13_F13_m13f13_P13_Y9_UO5409,ID13_F13_m13f13_P13_Y6_UO3593,ID13_F13_m13f13_P13_Y7_UO3123,FXX,1,0.0,1,0,1.0,0,0,0,-9999.0,0.83984375,1,P12_CV0,1,2,0,1,1
13,45.129,-121.965,ID13_F13_m13f13_P13_Y9_UO5411,ID13_F13_m13f13_P13_Y6_UO3593,ID13_F13_m13f13_P13_Y7_UO3123,MXY,1,0.0,1,0,0.0,0,0,0,-9999.0,0.83984375,1,P12_CV0,1,2,0,1,1
13,45.129,-121.965,ID13_F13_m13f13_P13_Y9_UO5413,ID13_F13_m13f13_P13_Y6_UO3593,ID13_F13_m13f13_P13_Y7_UO3123,MXY,1,0.0,1,0,0.0,0,0,0,-9999.0,0.83984375,1,P12_CV0,1,2,0,1,1
13,45.129,-121.965,ID13_F13_m13f13_P13_Y9_UO5415,ID13_F13_m13f13_P13_Y6_UO3593,ID13_F13_m13f13_P13_Y7_UO3123,FXX,1,0.0,1,0,1.0,0,0,0,-9999.0,0.83984375,1,P12_CV0,1,2,0,1,1
13,45.129,-121.965,ID13_F13_m13f13_P13_Y9_UO5416,ID13_F13_m13f13_P13_Y6_UO3593,ID13_F13_m13f13_P13_Y7_UO3123,MXY,1,0.0,1,0,0.0,0,0,0,-9999.0,0.83984375,1,P12_CV0,1,2,0,1,1
13,45.129,-121.965,ID13_F13_m13f13_P13_Y9_UO5417,ID13_F13_m13f13_P13_Y6_UO3593,ID13_F13_m13f13_P13_Y7_UO3123,MXY,1,0.0,1,0,0.0,0,0,0,-9999.0,0.83984375,1,P12_CV0,1,2,0,0,2
13,45.129,-121.965,ID13_F13_m13f13_P13_Y9_UO5419,ID13_F13_m13f13_P13_Y6_UO6789,ID13_F13_m13f13_P13_Y8_UO3970,FXX,1,0.0,1,0,1.0,0,0,0,-9999.0,0.8837890625,1,P12_CV0,1,2,0,0,2
13,45.129,-121.965,ID13_F13_m13f13_P13_Y9_UO5420,ID13_F13_m13f13_P13_Y6_UO6789,ID13_F13_m13f13_P13_Y8_UO3970,MXY,1,0.0,1,0,0.0,0,0,0,-9999.0,0.8837890625,1,P12_CV0,1,2,0,1,1
13,45.129,-121.965,ID13_F13_m13f13_P13_Y9_UO5705,ID13_F13_m13f13_P13_Y7_UO949,ID13_F13_m13f13_P13_Y6_UO6205,MXY,1,0.0,1,0,0.0,0,0,0,-9999.0,0.833984375,1,P12_CV0,1,2,0,1,1
13,45.129,-121.965,ID13_F13_m13f13_P13_Y9_UO5710,ID13_F13_m13f13_P13_Y7_UO949,ID13_F13_m13f13_P13_Y6_UO6205,FXX,1,0.0,1,0,1.0,0,0,0,-9999.0,0.833984375,1,P12_CV0,1,2,0,1,1
13,45.129,-121.965,ID13_F13_m13f13_P13_Y9_UO5712,ID13_F13_m13f13_P13_Y7_UO949,ID13_F13_m13f13_P13_Y6_UO6205,FXX,1,0.0,1,0,1.0,0,0,0,-9999.0,0.833984375,1,P12_CV0,1,2,0,1,1
13,45.129,-121.965,ID13_F13_m13f13_P13_Y9_UO5713,ID13_F13_m13f13_P13_Y7_UO949,ID13_F13_m13f13_P13_Y6_UO6205,MXY,1,0.0,1,0,0.0,0,0,0,-9999.0,0.833984375,1,P12_CV0,1,2,0,2,0
13,45.129,-121.965,ID13_F13_m13f13_P13_Y9_UO5715,ID13_F13_m13f13_P13_Y7_UO949,ID13_F13_m13f13_P13_Y6_UO6205,MXY,1,0.0,1,0,0.0,0,0,0,-9999.0,0.833984375,1,P12_CV0,1,2,0,0,2
13,45.129,-121.965,ID13_F13_m13f13_P13_Y9_UO5716,ID13_F13_m13f13_P13_Y7_UO949,ID13_F13_m13f13_P13_Y6_UO6205,FXX,1,0.0,1,0,1.0,0,0,0,-9999.0,0.833984375,1,P12_CV0,1,2,0,1,1
13,45.129,-121.965,ID13_F13_m13f13_P13_Y9_UO5717,ID13_F13_m13f13_P13_Y7_UO949,ID13_F13_m13f13_P13_Y6_UO6205,MXY,1,0.0,1,0,0.0,0,0,0,-9999.0,0.833984375,1,P12_CV0,1,2,0,1,1
13,45.129,-121.965,ID13_F13_m13f13_P13_Y9_UO5874,ID13_F13_m13f13_P13_Y6_UO2570,ID13_F13_m13f13_P13_Y8_UO6931,MXY,1,0.0,1,0,0.0,0,0,0,-9999.0,0.8671875,1,P12_CV0,1,2,0,1,1
13,45.129,-121.965,ID13_F13_m13f13_P13_Y9_UO5875,ID13_F13_m13f13_P13_Y6_UO2570,ID13_F13_m13f13_P13_Y8_UO6931,MXY,1,0.0,1,0,0.0,0,0,0,-9999.0,0.8671875,1,P12_CV0,1,2,0,1,1
13,45.129,-121.965,ID13_F13_m13f13_P13_Y9_UO5876,ID13_F13_m13f13_P13_Y6_UO2570,ID13_F13_m13f13_P13_Y8_UO6931,FXX,1,0.0,1,0,1.0,0,0,0,-9999.0,0.8671875,1,P12_CV0,1,2,0,1,1
13,45.129,-121.965,ID13_F13_m13f13_P13_Y9_UO5877,ID13_F13_m13f13_P13_Y6_UO2570,ID13_F13_m13f13_P13_Y8_UO6931,FXX,1,0.0,1,0,1.0,0,0,0,-9999.0,0.8671875,1,P12_CV0,1,2,0,1,1
13,45.129,-121.965,ID13_F13_m13f13_P13_Y9_UO5878,ID13_F13_m13f13_P13_Y6_UO2570,ID13_F13_m13f13_P13_Y8_UO6931,FXX,1,0.0,1,0,1.0,0,0,0,-9999.0,0.8671875,1,P12_CV0,1,2,0,1,1
13,45.129,-121.965,ID13_F13_m13f13_P13_Y9_UO5881,ID13_F13_m13f13_P13_Y6_UO2570,ID13_F13_m13f13_P13_Y8_UO6931,FXX,1,0.0,1,0,1.0,0,0,0,-9999.0,0.8671875,1,P12_CV0,1,2,0,1,1
13,45.129,-121.965,ID13_F13_m13f13_P13_Y9_UO5883,ID13_F13_m13f13_P13_Y6_UO2570,ID13_F13_m13f13_P13_Y8_UO6931,MXY,1,0.0,1,0,0.0,0,0,0,-9999.0,0.8671875,1,P12_CV0,1,2,0,1,1
13,45.129,-121.965,ID13_F13_m13f13_P13_Y9_UO5996,ID13_F13_m13f13_P13_Y7_UO3507,ID13_F13_m13f13_P13_Y6_UO7303,FXX,1,0.0,1,0,1.0,0,0,0,-9999.0,0.85546875,1,P12_CV0,1,2,0,0,2
13,45.129,-121.965,ID13_F13_m13f13_P13_Y9_UO6000,ID13_F13_m13f13_P13_Y7_UO3507,ID13_F13_m13f13_P13_Y6_UO7303,MXY,1,0.0,1,0,0.0,0,0,0,-9999.0,0.85546875,1,P12_CV0,1,2,0,0,2
13,45.129,-121.965,ID13_F13_m13f13_P13_Y9_UO6003,ID13_F13_m13f13_P13_Y7_UO3507,ID13_F13_m13f13_P13_Y6_UO7303,FXX,1,0.0,1,0,1.0,0,0,0,-9999.0,0.85546875,1,P12_CV0,1,2,0,0,2
13,45.129,-121.965,ID13_F13_m13f13_P13_Y9_UO6005,ID13_F13_m13f13_P13_Y7_UO3507,ID13_F13_m13f13_P13_Y6_UO7303,FXX,1,0.0,1,0,1.0,0,0,0,-9999.0,0.85546875,1,P12_CV0,1,2,0,0,2
13,45.129,-121.965,ID13_F13_m13f13_P13_Y9_UO6006,ID13_F13_m13f13_P13_Y7_UO3507,ID13_F13_m13f13_P13_Y6_UO7303,MXY,1,0.0,1,0,0.0,0,0,0,-9999.0,0.85546875,1,P12_CV0,1,2,0,0,2
13,45.129,-121.965,ID13_F13_m13f13_P13_Y9_UO6007,ID13_F13_m13f13_P13_Y7_UO3507,ID13_F13_m13f13_P13_Y6_UO7303,FXX,1,0.0,1,0,1.0,0,0,0,-9999.0,0.85546875,1,P12_CV0,1,2,0,0,2
13,45.129,-121.965,ID13_F13_m13f13_P13_Y9_UO6008,ID13_F13_m13f13_P13_Y7_UO3507,ID13_F13_m13f13_P13_Y6_UO7303,MXY,1,0.0,1,0,0.0,0,0,0,-9999.0,0.85546875,1,P12_CV0,1,2,0,0,2
13,45.129,-121.965,ID13_F13_m13f13_P13_Y9_UO6009,ID13_F13_m13f13_P13_Y7_UO3507,ID13_F13_m13f13_P13_Y6_UO7303,MXY,1,0.0,1,0,0.0,0,0,0,-9999.0,0.85546875,1,P12_CV0,1,2,0,0,2
13,45.129,-121.965,ID13_F13_m13f13_P13_Y9_UO6010,ID13_F13_m13f13_P13_Y7_UO3507,ID13_F13_m13f13_P13_Y6_UO7303,MXY,1,0.0,1,0,0.0,0,0,0,-9999.0,0.85546875,1,P12_CV0,1,2,0,0,2
13,45.129,-121.965,ID13_F13_m13f13_P13_Y9_UO6017,ID13_F13_m13f13_P13_Y7_UO396,ID13_F13_m13f13_P13_Y8_UO3231,MXY,1,0.0,1,0,0.0,0,0,0,-9999.0,0.763671875,1,P12_CV0,1,2,0,1,1
13,45.129,-121.965,ID13_F13_m13f13_P13_Y9_UO6026,ID13_F13_m13f13_P13_Y7_UO396,ID13_F13_m13f13_P13_Y8_UO3231,FXX,1,0.0,1,0,1.0,0,0,0,-9999.0,0.763671875,1,P12_CV0,1,2,0,0,2
13,45.129,-121.965,ID13_F13_m13f13_P13_Y9_UO6027,ID13_F13_m13f13_P13_Y7_UO396,ID13_F13_m13f13_P13_Y8_UO3231,MXY,1,0.0,1,0,0.0,0,0,0,-9999.0,0.763671875,1,P12_CV0,1,2,0,0,2
13,45.129,-121.965,ID13_F13_m13f13_P13_Y9_UO6028,ID13_F13_m13f13_P13_Y7_UO396,ID13_F13_m13f13_P13_Y8_UO3231,MXY,1,0.0,1,0,0.0,0,0,0,-9999.0,0.763671875,1,P12_CV0,1,2,0,0,2
13,45.129,-121.965,ID13_F13_m13f13_P13_Y9_UO6029,ID13_F13_m13f13_P13_Y7_UO396,ID13_F13_m13f13_P13_Y8_UO3231,FXX,1,0.0,1,0,1.0,0,0,0,-9999.0,0.763671875,1,P12_CV0,1,2,0,0,2
13,45.129,-121.965,ID13_F13_m13f13_P13_Y9_UO6030,ID13_F13_m13f13_P13_Y7_UO396,ID13_F13_m13f13_P13_Y8_UO3231,FXX,1,0.0,1,0,1.0,0,0,0,-9999.0,0.763671875,1,P12_CV0,1,2,0,0,2
13,45.129,-121.965,ID13_F13_m13f13_P13_Y9_UO6031,ID13_F13_m13f13_P13_Y7_UO396,ID13_F13_m13f13_P13_Y8_UO3231,FXX,1,0.0,1,0,1.0,0,0,0,-9999.0,0.763671875,1,P12_CV0,1,2,0,0,2
13,45.129,-121.965,ID13_F13_m13f13_P13_Y9_UO6032,ID13_F13_m13f13_P13_Y7_UO396,ID13_F13_m13f13_P13_Y8_UO3231,MXY,1,0.0,1,0,0.0,0,0,0,-9999.0,0.763671875,1,P12_CV0,1,2,0,1,1
13,45.129,-121.965,ID13_F13_m13f13_P13_Y9_UO6034,ID13_F13_m13f13_P13_Y7_UO396,ID13_F13_m13f13_P13_Y8_UO3231,FXX,1,0.0,1,0,1.0,0,0,0,-9999.0,0.763671875,1,P12_CV0,1,2,0,1,1
13,45.129,-121.965,ID13_F13_m13f13_P13_Y8_UO6891,ID13_F13_m13f13_P13_Y6_UO6792,ID13_F13_m13f13_P13_Y7_UO956,MXY,2,0.0,1,0,0.0,0,0,0,-9999.0,0.86328125,1,P12_CV0,1,2,0,1,1
13,45.129,-121.965,ID13_F13_m13f13_P13_Y8_UO6665,ID13_F13_m13f13_P13_Y6_UO6622,ID13_F13_m13f13_P13_Y7_UO5612,FXX,2,0.0,1,0,1.0,0,0,0,-9999.0,0.8203125,1,P12_CV0,1,2,0,1,1
13,45.129,-121.965,ID13_F13_m13f13_P13_Y8_UO6931,ID13_F13_m13f13_P13_Y6_UO6789,ID13_F13_m13f13_P13_Y7_UO3454,MXY,2,0.0,1,0,0.0,0,0,0,-9999.0,0.875,1,P12_CV0,1,2,0,0,2
13,45.129,-121.965,ID13_F13_m13f13_P13_Y8_UO1126,ID13_F13_m13f13_P13_Y6_UO7384,ID13_F13_m13f13_P13_Y7_UO2144,FXX,2,0.0,1,0,1.0,0,0,0,-9999.0,0.857421875,1,P12_CV0,1,2,0,1,1
13,45.129,-121.965,ID13_F13_m13f13_P13_Y8_UO1928,ID13_F13_m13f13_P13_Y6_UO3115,ID13_F13_m13f13_P13_Y7_UO3854,MXY,2,0.0,1,0,0.0,0,0,0,-9999.0,0.8125,1,P12_CV0,1,2,0,0,2
13,45.129,-121.965,ID13_F13_m13f13_P13_Y8_UO1703,ID13_F13_m13f13_P13_Y6_UO1162,ID13_F13_m13f13_P13_Y7_UO5221,MXY,2,0.0,1,0,0.0,0,0,0,-9999.0,0.796875,1,P12_CV0,1,2,0,2,0
13,45.129,-121.965,ID13_F13_m13f13_P13_Y8_UO2090,ID13_F13_m13f13_P13_Y6_UO569,ID13_F13_m13f13_P13_Y6_UO7137,MXY,2,0.0,1,0,0.0,0,0,0,-9999.0,0.890625,1,P12_CV0,1,2,0,0,2
13,45.129,-121.965,ID13_F13_m13f13_P13_Y8_UO1099,ID13_F13_m13f13_P13_Y6_UO1687,ID13_F13_m13f13_P13_Y7_UO3859,MXY,2,0.0,1,0,0.0,0,0,0,-9999.0,0.8359375,1,P12_CV0,1,2,0,1,1
13,45.129,-121.965,ID13_F13_m13f13_P13_Y8_UO1534,ID13_F13_m13f13_P13_Y6_UO2538,ID13_F13_m13f13_P13_Y7_UO723,MXY,2,0.0,1,0,0.0,0,0,0,-9999.0,0.84375,1,P12_CV0,1,2,0,1,1
13,45.129,-121.965,ID13_F13_m13f13_P13_Y8_UO614,ID13_F13_m13f13_P13_Y6_UO694,ID13_F13_m13f13_P13_Y6_UO1469,FXX,2,0.0,1,0,1.0,0,0,0,-9999.0,0.796875,1,P12_CV0,1,2,0,1,1
13,45.129,-121.965,ID13_F13_m13f13_P13_Y8_UO30,ID13_F13_m13f13_P13_Y6_UO6844,ID13_F13_m13f13_P13_Y7_UO387,MXY,2,0.0,1,0,0.0,0,0,0,-9999.0,0.806640625,1,P12_CV0,1,2,0,1,1
13,45.129,-121.965,ID13_F13_m13f13_P13_Y8_UO36,ID13_F13_m13f13_P13_Y6_UO6844,ID13_F13_m13f13_P13_Y7_UO387,MXY,2,0.0,1,0,0.0,0,0,0,-9999.0,0.806640625,1,P12_CV0,1,2,0,2,0
13,45.129,-121.965,ID13_F13_m13f13_P13_Y8_UO3234,ID13_F13_m13f13_P13_Y6_UO4905,ID13_F13_m13f13_P13_Y6_UO5519,FXX,2,0.0,1,0,1.0,0,0,0,-9999.0,0.76953125,1,P12_CV0,1,2,0,0,2
13,45.129,-121.965,ID13_F13_m13f13_P13_Y8_UO1699,ID13_F13_m13f13_P13_Y6_UO1162,ID13_F13_m13f13_P13_Y7_UO5221,FXX,2,0.0,1,0,1.0,0,0,0,-9999.0,0.796875,1,P12_CV0,1,2,0,2,0
13,45.129,-121.965,ID13_F13_m13f13_P13_Y8_UO3413,ID13_F13_m13f13_P13_Y6_UO693,ID13_F13_m13f13_P13_Y6_UO1036,FXX,2,0.0,1,0,1.0,0,0,0,-9999.0,0.77734375,1,P12_CV0,1,2,0,2,0
13,45.129,-121.965,ID13_F13_m13f13_P13_Y8_UO1009,ID13_F13_m13f13_P13_Y4_UO5759,ID13_F13_m13f13_P13_Y7_UO48,FXX,2,0.0,1,0,1.0,0,0,0,-9999.0,0.853515625,1,P12_CV0,1,2,0,2,0
13,45.129,-121.965,ID13_F13_m13f13_P13_Y8_UO3411,ID13_F13_m13f13_P13_Y6_UO693,ID13_F13_m13f13_P13_Y6_UO1036,FXX,2,0.0,1,0,1.0,0,0,0,-9999.0,0.77734375,1,P12_CV0,1,2,0,2,0
13,45.129,-121.965,ID13_F13_m13f13_P13_Y8_UO2351,ID13_F13_m13f13_P13_Y2_UO6167,ID13_F13_m13f13_P13_Y7_UO1461,FXX,2,0.0,1,0,1.0,0,0,0,-9999.0,0.85546875,1,P12_CV0,1,2,0,1,1
13,45.129,-121.965,ID13_F13_m13f13_P13_Y8_UO5008,ID13_F13_m13f13_P13_Y6_UO6789,ID13_F13_m13f13_P13_Y6_UO3118,MXY,2,0.0,1,0,0.0,0,0,0,-9999.0,0.84765625,1,P12_CV0,1,2,0,0,2
13,45.129,-121.965,ID13_F13_m13f13_P13_Y8_UO35,ID13_F13_m13f13_P13_Y6_UO6844,ID13_F13_m13f13_P13_Y7_UO387,MXY,2,0.0,1,0,0.0,0,0,0,-9999.0,0.806640625,1,P12_CV0,1,2,0,1,1
13,45.129,-121.965,ID13_F13_m13f13_P13_Y8_UO4498,ID13_F13_m13f13_P13_Y6_UO4904,ID13_F13_m13f13_P13_Y6_UO2606,MXY,2,0.0,1,0,0.0,0,0,0,-9999.0,0.7578125,1,P12_CV0,1,2,0,1,1
13,45.129,-121.965,ID13_F13_m13f13_P13_Y8_UO2606,ID13_F13_m13f13_P13_Y6_UO7447,ID13_F13_m13f13_P13_Y6_UO7034,MXY,2,0.0,1,0,0.0,0,0,0,-9999.0,0.81640625,1,P12_CV0,1,2,0,0,2
13,45.129,-121.965,ID13_F13_m13f13_P13_Y8_UO2089,ID13_F13_m13f13_P13_Y6_UO569,ID13_F13_m13f13_P13_Y6_UO7137,MXY,2,0.0,1,0,0.0,0,0,0,-9999.0,0.890625,1,P12_CV0,1,2,0,0,2
13,45.129,-121.965,ID13_F13_m13f13_P13_Y8_UO599,ID13_F13_m13f13_P13_Y4_UO990,ID13_F13_m13f13_P13_Y7_UO3953,MXY,2,0.0,1,0,0.0,0,0,0,-9999.0,0.837890625,1,P12_CV0,1,2,0,0,2
13,45.129,-121.965,ID13_F13_m13f13_P13_Y8_UO1008,ID13_F13_m13f13_P13_Y4_UO5759,ID13_F13_m13f13_P13_Y7_UO48,FXX,2,0.0,1,0,1.0,0,0,0,-9999.0,0.853515625,1,P12_CV0,1,2,0,2,0
13,45.129,-121.965,ID13_F13_m13f13_P13_Y8_UO2457,ID13_F13_m13f13_P13_Y6_UO3265,ID13_F13_m13f13_P13_Y7_UO1112,FXX,2,0.0,1,0,1.0,0,0,0,-9999.0,0.83984375,1,P12_CV0,1,2,0,1,1
13,45.129,-121.965,ID13_F13_m13f13_P13_Y8_UO5759,ID13_F13_m13f13_P13_Y5_UO4522,ID13_F13_m13f13_P13_Y7_UO4190,MXY,2,0.0,1,0,0.0,0,0,0,-9999.0,0.828125,1,P12_CV0,1,2,0,0,2
13,45.129,-121.965,ID13_F13_m13f13_P13_Y8_UO662,ID13_F13_m13f13_P13_Y6_UO7448,ID13_F13_m13f13_P13_Y7_UO1468,FXX,2,0.0,1,0,1.0,0,0,0,-9999.0,0.828125,1,P12_CV0,1,2,0,2,0
13,45.129,-121.965,ID13_F13_m13f13_P13_Y8_UO3408,ID13_F13_m13f13_P13_Y6_UO693,ID13_F13_m13f13_P13_Y6_UO1036,FXX,2,0.0,1,0,1.0,0,0,0,-9999.0,0.77734375,1,P12_CV0,1,2,0,2,0
13,45.129,-121.965,ID13_F13_m13f13_P13_Y8_UO6892,ID13_F13_m13f13_P13_Y6_UO6792,ID13_F13_m13f13_P13_Y7_UO956,MXY,2,0.0,1,0,0.0,0,0,0,-9999.0,0.86328125,1,P12_CV0,1,2,0,1,1
13,45.129,-121.965,ID13_F13_m13f13_P13_Y8_UO6659,ID13_F13_m13f13_P13_Y6_UO6622,ID13_F13_m13f13_P13_Y7_UO5612,FXX,2,0.0,1,0,1.0,0,0,0,-9999.0,0.8203125,1,P12_CV0,1,2,0,2,0
13,45.129,-121.965,ID13_F13_m13f13_P13_Y8_UO1536,ID13_F13_m13f13_P13_Y6_UO2538,ID13_F13_m13f13_P13_Y7_UO723,FXX,2,0.0,1,0,1.0,0,0,0,-9999.0,0.84375,1,P12_CV0,1,2,0,1,1
13,45.129,-121.965,ID13_F13_m13f13_P13_Y8_UO2605,ID13_F13_m13f13_P13_Y6_UO7447,ID13_F13_m13f13_P13_Y6_UO7034,MXY,2,0.0,1,0,0.0,0,0,0,-9999.0,0.81640625,1,P12_CV0,1,2,0,1,1
13,45.129,-121.965,ID13_F13_m13f13_P13_Y8_UO3233,ID13_F13_m13f13_P13_Y6_UO4905,ID13_F13_m13f13_P13_Y6_UO5519,MXY,2,0.0,1,0,0.0,0,0,0,-9999.0,0.76953125,1,P12_CV0,1,2,0,1,1
13,45.129,-121.965,ID13_F13_m13f13_P13_Y8_UO2599,ID13_F13_m13f13_P13_Y6_UO7447,ID13_F13_m13f13_P13_Y6_UO7034,FXX,2,0.0,1,0,1.0,0,0,0,-9999.0,0.81640625,1,P12_CV0,1,2,0,1,1
13,45.129,-121.965,ID13_F13_m13f13_P13_Y8_UO3879,ID13_F13_m13f13_P13_Y6_UO6650,ID13_F13_m13f13_P13_Y7_UO3116,FXX,2,0.0,1,0,1.0,0,0,0,-9999.0,0.81640625,1,P12_CV0,1,2,0,1,1
13,45.129,-121.965,ID13_F13_m13f13_P13_Y8_UO3965,ID13_F13_m13f13_P13_Y6_UO1890,ID13_F13_m13f13_P13_Y7_UO387,FXX,2,0.0,1,0,1.0,0,0,0,-9999.0,0.876953125,1,P12_CV0,1,2,0,1,1
13,45.129,-121.965,ID13_F13_m13f13_P13_Y8_UO622,ID13_F13_m13f13_P13_Y6_UO694,ID13_F13_m13f13_P13_Y6_UO1469,FXX,2,0.0,1,0,1.0,0,0,0,-9999.0,0.796875,1,P12_CV0,1,2,0,2,0
13,45.129,-121.965,ID13_F13_m13f13_P13_Y8_UO1531,ID13_F13_m13f13_P13_Y6_UO2538,ID13_F13_m13f13_P13_Y7_UO723,MXY,2,0.0,1,0,0.0,0,0,0,-9999.0,0.84375,1,P12_CV0,1,2,0,0,2
13,45.129,-121.965,ID13_F13_m13f13_P13_Y8_UO3232,ID13_F13_m13f13_P13_Y6_UO4905,ID13_F13_m13f13_P13_Y6_UO5519,MXY,2,0.0,1,0,0.0,0,0,0,-9999.0,0.76953125,1,P12_CV0,1,2,0,1,1
13,45.129,-121.965,ID13_F13_m13f13_P13_Y8_UO3992,ID13_F13_m13f13_P13_Y6_UO3626,ID13_F13_m13f13_P13_Y7_UO529,FXX,2,0.0,1,0,1.0,0,0,0,-9999.0,0.8017578125,1,P12_CV0,1,2,0,1,1
13,45.129,-121.965,ID13_F13_m13f13_P13_Y8_UO1100,ID13_F13_m13f13_P13_Y6_UO1687,ID13_F13_m13f13_P13_Y7_UO3859,MXY,2,0.0,1,0,0.0,0,0,0,-9999.0,0.8359375,1,P12_CV0,1,2,0,2,0
13,45.129,-121.965,ID13_F13_m13f13_P13_Y8_UO3477,ID13_F13_m13f13_P13_Y6_UO1774,ID13_F13_m13f13_P13_Y5_UO497,MXY,2,0.0,1,0,0.0,0,0,0,-9999.0,0.8046875,1,P12_CV0,1,2,0,2,0
13,45.129,-121.965,ID13_F13_m13f13_P13_Y8_UO4000,ID13_F13_m13f13_P13_Y6_UO5589,ID13_F13_m13f13_P13_Y7_UO53,FXX,2,0.0,1,0,1.0,0,0,0,-9999.0,0.841796875,1,P12_CV0,1,2,0,0,2
13,45.129,-121.965,ID13_F13_m13f13_P13_Y8_UO6491,ID13_F13_m13f13_P13_Y4_UO885,ID13_F13_m13f13_P13_Y7_UO3454,FXX,2,0.0,1,0,1.0,0,0,0,-9999.0,0.796875,1,P12_CV0,1,2,0,0,2
13,45.129,-121.965,ID13_F13_m13f13_P13_Y8_UO1098,ID13_F13_m13f13_P13_Y6_UO1687,ID13_F13_m13f13_P13_Y7_UO3859,MXY,2,0.0,1,0,0.0,0,0,0,-9999.0,0.8359375,1,P12_CV0,1,2,0,1,1
13,45.129,-121.965,ID13_F13_m13f13_P13_Y8_UO4746,ID13_F13_m13f13_P13_Y6_UO478,ID13_F13_m13f13_P13_Y7_UO5605,FXX,2,0.0,1,0,1.0,0,0,0,-9999.0,0.8046875,1,P12_CV0,1,2,0,1,1
13,45.129,-121.965,ID13_F13_m13f13_P13_Y8_UO4752,ID13_F13_m13f13_P13_Y6_UO478,ID13_F13_m13f13_P13_Y7_UO5605,FXX,2,0.0,1,0,1.0,0,0,0,-9999.0,0.8046875,1,P12_CV0,1,2,0,1,1
13,45.129,-121.965,ID13_F13_m13f13_P13_Y8_UO5763,ID13_F13_m13f13_P13_Y5_UO4522,ID13_F13_m13f13_P13_Y7_UO4190,FXX,2,0.0,1,0,1.0,0,0,0,-9999.0,0.828125,1,P12_CV0,1,2,0,2,0
13,45.129,-121.965,ID13_F13_m13f13_P13_Y8_UO3193,ID13_F13_m13f13_P13_Y6_UO2607,ID13_F13_m13f13_P13_Y7_UO963,MXY,2,0.0,1,0,0.0,0,0,0,-9999.0,0.76953125,1,P12_CV0,1,2,0,2,0
13,45.129,-121.965,ID13_F13_m13f13_P13_Y8_UO619,ID13_F13_m13f13_P13_Y6_UO694,ID13_F13_m13f13_P13_Y6_UO1469,FXX,2,0.0,1,0,1.0,0,0,0,-9999.0,0.796875,1,P12_CV0,1,2,0,1,1
13,45.129,-121.965,ID13_F13_m13f13_P13_Y8_UO6664,ID13_F13_m13f13_P13_Y6_UO6622,ID13_F13_m13f13_P13_Y7_UO5612,FXX,2,0.0,1,0,1.0,0,0,0,-9999.0,0.8203125,1,P12_CV0,1,2,0,2,0
13,45.129,-121.965,ID13_F13_m13f13_P13_Y8_UO3184,ID13_F13_m13f13_P13_Y6_UO2607,ID13_F13_m13f13_P13_Y7_UO963,MXY,2,0.0,1,0,0.0,0,0,0,-9999.0,0.76953125,1,P12_CV0,1,2,0,1,1
13,45.129,-121.965,ID13_F13_m13f13_P13_Y8_UO1766,ID13_F13_m13f13_P13_Y6_UO5592,ID13_F13_m13f13_P13_Y4_UO4133,MXY,2,0.0,1,0,0.0,0,0,0,-9999.0,0.84765625,1,P12_CV0,1,2,0,1,1
13,45.129,-121.965,ID13_F13_m13f13_P13_Y8_UO6492,ID13_F13_m13f13_P13_Y4_UO885,ID13_F13_m13f13_P13_Y7_UO3454,FXX,2,0.0,1,0,1.0,0,0,0,-9999.0,0.796875,1,P12_CV0,1,2,0,0,2
13,45.129,-121.965,ID13_F13_m13f13_P13_Y8_UO5940,ID13_F13_m13f13_P13_Y6_UO3814,ID13_F13_m13f13_P13_Y7_UO1112,MXY,2,0.0,1,0,0.0,0,0,0,-9999.0,0.8828125,1,P12_CV0,1,2,0,0,2
13,45.129,-121.965,ID13_F13_m13f13_P13_Y8_UO3969,ID13_F13_m13f13_P13_Y6_UO1890,ID13_F13_m13f13_P13_Y7_UO387,FXX,2,0.0,1,0,1.0,0,0,0,-9999.0,0.876953125,1,P12_CV0,1,2,0,1,1
13,45.129,-121.965,ID13_F13_m13f13_P13_Y8_UO4500,ID13_F13_m13f13_P13_Y6_UO4904,ID13_F13_m13f13_P13_Y6_UO2606,MXY,2,0.0,1,0,0.0,0,0,0,-9999.0,0.7578125,1,P12_CV0,1,2,0,1,1
13,45.129,-121.965,ID13_F13_m13f13_P13_Y8_UO7650,ID13_F13_m13f13_P13_Y6_UO6521,ID13_F13_m13f13_P13_Y6_UO2322,FXX,2,0.0,1,0,1.0,0,0,0,-9999.0,0.828125,1,P12_CV0,1,2,0,2,0
13,45.129,-121.965,ID13_F13_m13f13_P13_Y8_UO6661,ID13_F13_m13f13_P13_Y6_UO6622,ID13_F13_m13f13_P13_Y7_UO5612,MXY,2,0.0,1,0,0.0,0,0,0,-9999.0,0.8203125,1,P12_CV0,1,2,0,1,1
13,45.129,-121.965,ID13_F13_m13f13_P13_Y8_UO78,ID13_F13_m13f13_P13_Y6_UO6521,ID13_F13_m13f13_P13_Y7_UO3123,MXY,2,0.0,1,0,0.0,0,0,0,-9999.0,0.81640625,1,P12_CV0,1,2,0,1,1
13,45.129,-121.965,ID13_F13_m13f13_P13_Y8_UO6889,ID13_F13_m13f13_P13_Y6_UO6792,ID13_F13_m13f13_P13_Y7_UO956,MXY,2,0.0,1,0,0.0,0,0,0,-9999.0,0.86328125,1,P12_CV0,1,2,0,1,1
13,45.129,-121.965,ID13_F13_m13f13_P13_Y8_UO6415,ID13_F13_m13f13_P13_Y2_UO6167,ID13_F13_m13f13_P13_Y6_UO6956,FXX,2,0.0,1,0,1.0,0,0,0,-9999.0,0.8359375,1,P12_CV0,1,2,0,1,1
13,45.129,-121.965,ID13_F13_m13f13_P13_Y8_UO3970,ID13_F13_m13f13_P13_Y6_UO1890,ID13_F13_m13f13_P13_Y7_UO387,MXY,2,0.0,1,0,0.0,0,0,0,-9999.0,0.876953125,1,P12_CV0,1,2,0,1,1
13,45.129,-121.965,ID13_F13_m13f13_P13_Y8_UO1102,ID13_F13_m13f13_P13_Y6_UO1687,ID13_F13_m13f13_P13_Y7_UO3859,FXX,2,0.0,1,0,1.0,0,0,0,-9999.0,0.8359375,1,P12_CV0,1,2,0,1,1
13,45.129,-121.965,ID13_F13_m13f13_P13_Y8_UO1770,ID13_F13_m13f13_P13_Y6_UO5592,ID13_F13_m13f13_P13_Y4_UO4133,FXX,2,0.0,1,0,1.0,0,0,0,-9999.0,0.84765625,1,P12_CV0,1,2,0,1,1
13,45.129,-121.965,ID13_F13_m13f13_P13_Y8_UO1298,ID13_F13_m13f13_P13_Y6_UO6521,ID13_F13_m13f13_P13_Y7_UO3461,MXY,2,0.0,1,0,0.0,0,0,0,-9999.0,0.84375,1,P12_CV0,1,2,0,0,2
13,45.129,-121.965,ID13_F13_m13f13_P13_Y8_UO3104,ID13_F13_m13f13_P13_Y6_UO6650,ID13_F13_m13f13_P13_Y4_UO467,MXY,2,0.0,1,0,0.0,0,0,0,-9999.0,0.8828125,1,P12_CV0,1,2,0,1,1
13,45.129,-121.965,ID13_F13_m13f13_P13_Y8_UO1771,ID13_F13_m13f13_P13_Y6_UO5592,ID13_F13_m13f13_P13_Y4_UO4133,FXX,2,0.0,1,0,1.0,0,0,0,-9999.0,0.84765625,1,P12_CV0,1,2,0,1,1
13,45.129,-121.965,ID13_F13_m13f13_P13_Y8_UO1140,ID13_F13_m13f13_P13_Y6_UO588,ID13_F13_m13f13_P13_Y5_UO558,MXY,2,0.0,1,0,0.0,0,0,0,-9999.0,0.84375,1,P12_CV0,1,2,0,1,1
13,45.129,-121.965,ID13_F13_m13f13_P13_Y8_UO5931,ID13_F13_m13f13_P13_Y6_UO698,ID13_F13_m13f13_P13_Y7_UO722,MXY,2,0.0,1,0,0.0,0,0,0,-9999.0,0.81640625,1,P12_CV0,1,2,0,1,1
13,45.129,-121.965,ID13_F13_m13f13_P13_Y8_UO678,ID13_F13_m13f13_P13_Y6_UO6517,ID13_F13_m13f13_P13_Y7_UO393,MXY,2,0.0,1,0,0.0,0,0,0,-9999.0,0.79296875,1,P12_CV0,1,2,0,1,1
13,45.129,-121.965,ID13_F13_m13f13_P13_Y8_UO1702,ID13_F13_m13f13_P13_Y6_UO1162,ID13_F13_m13f13_P13_Y7_UO5221,FXX,2,0.0,1,0,1.0,0,0,0,-9999.0,0.796875,1,P12_CV0,1,2,0,1,1
13,45.129,-121.965,ID13_F13_m13f13_P13_Y8_UO4748,ID13_F13_m13f13_P13_Y6_UO478,ID13_F13_m13f13_P13_Y7_UO5605,FXX,2,0.0,1,0,1.0,0,0,0,-9999.0,0.8046875,1,P12_CV0,1,2,0,1,1
13,45.129,-121.965,ID13_F13_m13f13_P13_Y8_UO3410,ID13_F13_m13f13_P13_Y6_UO693,ID13_F13_m13f13_P13_Y6_UO1036,MXY,2,0.0,1,0,0.0,0,0,0,-9999.0,0.77734375,1,P12_CV0,1,2,0,2,0
13,45.129,-121.965,ID13_F13_m13f13_P13_Y8_UO657,ID13_F13_m13f13_P13_Y6_UO7448,ID13_F13_m13f13_P13_Y7_UO1468,MXY,2,0.0,1,0,0.0,0,0,0,-9999.0,0.828125,1,P12_CV0,1,2,0,1,1
13,45.129,-121.965,ID13_F13_m13f13_P13_Y8_UO4749,ID13_F13_m13f13_P13_Y6_UO478,ID13_F13_m13f13_P13_Y7_UO5605,FXX,2,0.0,1,0,1.0,0,0,0,-9999.0,0.8046875,1,P12_CV0,1,2,0,2,0
13,45.129,-121.965,ID13_F13_m13f13_P13_Y8_UO3990,ID13_F13_m13f13_P13_Y6_UO3626,ID13_F13_m13f13_P13_Y7_UO529,FXX,2,0.0,1,0,1.0,0,0,0,-9999.0,0.8017578125,1,P12_CV0,1,2,0,2,0
13,45.129,-121.965,ID13_F13_m13f13_P13_Y8_UO1070,ID13_F13_m13f13_P13_Y6_UO1774,ID13_F13_m13f13_P13_Y7_UO3961,MXY,2,0.0,1,0,0.0,0,0,0,-9999.0,0.80078125,1,P12_CV0,1,2,0,1,1
13,45.129,-121.965,ID13_F13_m13f13_P13_Y8_UO2796,ID13_F13_m13f13_P13_Y6_UO2570,ID13_F13_m13f13_P13_Y7_UO3461,FXX,2,0.0,1,0,1.0,0,0,0,-9999.0,0.859375,1,P12_CV0,1,2,0,1,1
13,45.129,-121.965,ID13_F13_m13f13_P13_Y8_UO3227,ID13_F13_m13f13_P13_Y6_UO4905,ID13_F13_m13f13_P13_Y6_UO5519,FXX,2,0.0,1,0,1.0,0,0,0,-9999.0,0.76953125,1,P12_CV0,1,2,0,0,2
13,45.129,-121.965,ID13_F13_m13f13_P13_Y8_UO4747,ID13_F13_m13f13_P13_Y6_UO478,ID13_F13_m13f13_P13_Y7_UO5605,MXY,2,0.0,1,0,0.0,0,0,0,-9999.0,0.8046875,1,P12_CV0,1,2,0,1,1
13,45.129,-121.965,ID13_F13_m13f13_P13_Y8_UO664,ID13_F13_m13f13_P13_Y6_UO7448,ID13_F13_m13f13_P13_Y7_UO1468,FXX,2,0.0,1,0,1.0,0,0,0,-9999.0,0.828125,1,P12_CV0,1,2,0,2,0
13,45.129,-121.965,ID13_F13_m13f13_P13_Y8_UO4117,ID13_F13_m13f13_P13_Y4_UO885,ID13_F13_m13f13_P13_Y4_UO4133,FXX,2,0.0,1,0,1.0,0,0,0,-9999.0,0.7890625,1,P12_CV0,1,2,0,2,0
13,45.129,-121.965,ID13_F13_m13f13_P13_Y8_UO938,ID13_F13_m13f13_P13_Y5_UO3638,ID13_F13_m13f13_P13_Y7_UO972,MXY,2,0.0,1,0,0.0,0,0,0,-9999.0,0.76953125,1,P12_CV0,1,2,0,0,2
13,45.129,-121.965,ID13_F13_m13f13_P13_Y8_UO7521,ID13_F13_m13f13_P13_Y4_UO3220,ID13_F13_m13f13_P13_Y4_UO4179,FXX,2,0.0,1,0,1.0,0,0,0,-9999.0,0.8125,1,P12_CV0,1,2,0,2,0
13,45.129,-121.965,ID13_F13_m13f13_P13_Y8_UO3231,ID13_F13_m13f13_P13_Y6_UO4905,ID13_F13_m13f13_P13_Y6_UO5519,MXY,2,0.0,1,0,0.0,0,0,0,-9999.0,0.76953125,1,P12_CV0,1,2,0,0,2
13,45.129,-121.965,ID13_F13_m13f13_P13_Y8_UO663,ID13_F13_m13f13_P13_Y6_UO7448,ID13_F13_m13f13_P13_Y7_UO1468,MXY,2,0.0,1,0,0.0,0,0,0,-9999.0,0.828125,1,P12_CV0,1,2,0,1,1
13,45.129,-121.965,ID13_F13_m13f13_P13_Y8_UO2459,ID13_F13_m13f13_P13_Y6_UO3265,ID13_F13_m13f13_P13_Y7_UO1112,MXY,2,0.0,1,0,0.0,0,0,0,-9999.0,0.83984375,1,P12_CV0,1,2,0,2,0
13,45.129,-121.965,ID13_F13_m13f13_P13_Y8_UO1439,ID13_F13_m13f13_P13_Y6_UO3814,ID13_F13_m13f13_P13_Y7_UO3868,MXY,2,0.0,1,0,0.0,0,0,0,-9999.0,0.8671875,1,P12_CV0,1,2,0,1,1
13,45.129,-121.965,ID13_F13_m13f13_P13_Y8_UO4744,ID13_F13_m13f13_P13_Y6_UO478,ID13_F13_m13f13_P13_Y7_UO5605,FXX,2,0.0,1,0,1.0,0,0,0,-9999.0,0.8046875,1,P12_CV0,1,2,0,1,1
13,45.129,-121.965,ID13_F13_m13f13_P13_Y8_UO7523,ID13_F13_m13f13_P13_Y4_UO3220,ID13_F13_m13f13_P13_Y4_UO4179,MXY,2,0.0,1,0,0.0,0,0,0,-9999.0,0.8125,1,P12_CV0,1,2,0,1,1
13,45.129,-121.965,ID13_F13_m13f13_P13_Y8_UO5758,ID13_F13_m13f13_P13_Y5_UO4522,ID13_F13_m13f13_P13_Y7_UO4190,MXY,2,0.0,1,0,0.0,0,0,0,-9999.0,0.828125,1,P12_CV0,1,2,0,1,1
13,45.129,-121.965,ID13_F13_m13f13_P13_Y8_UO661,ID13_F13_m13f13_P13_Y6_UO7448,ID13_F13_m13f13_P13_Y7_UO1468,FXX,2,0.0,1,0,1.0,0,0,0,-9999.0,0.828125,1,P12_CV0,1,2,0,2,0
13,45.129,-121.965,ID13_F13_m13f13_P13_Y8_UO2604,ID13_F13_m13f13_P13_Y6_UO7447,ID13_F13_m13f13_P13_Y6_UO7034,MXY,2,0.0,1,0,0.0,0,0,0,-9999.0,0.81640625,1,P12_CV0,1,2,0,1,1
13,45.129,-121.965,ID13_F13_m13f13_P13_Y8_UO3985,ID13_F13_m13f13_P13_Y6_UO3626,ID13_F13_m13f13_P13_Y7_UO529,FXX,2,0.0,1,0,1.0,0,0,0,-9999.0,0.8017578125,1,P12_CV0,1,2,0,1,1
13,45.129,-121.965,ID13_F13_m13f13_P13_Y8_UO6657,ID13_F13_m13f13_P13_Y6_UO6622,ID13_F13_m13f13_P13_Y7_UO5612,MXY,2,0.0,1,0,0.0,0,0,0,-9999.0,0.8203125,1,P12_CV0,1,2,0,1,1
13,45.129,-121.965,ID13_F13_m13f13_P13_Y8_UO1767,ID13_F13_m13f13_P13_Y6_UO5592,ID13_F13_m13f13_P13_Y4_UO4133,MXY,2,0.0,1,0,0.0,0,0,0,-9999.0,0.84765625,1,P12_CV0,1,2,0,1,1
13,45.129,-121.965,ID13_F13_m13f13_P13_Y8_UO3101,ID13_F13_m13f13_P13_Y6_UO6650,ID13_F13_m13f13_P13_Y4_UO467,FXX,2,0.0,1,0,1.0,0,0,0,-9999.0,0.8828125,1,P12_CV0,1,2,0,1,1
13,45.129,-121.965,ID13_F13_m13f13_P13_Y8_UO3478,ID13_F13_m13f13_P13_Y6_UO1774,ID13_F13_m13f13_P13_Y5_UO497,MXY,2,0.0,1,0,0.0,0,0,0,-9999.0,0.8046875,1,P12_CV0,1,2,0,1,1
13,45.129,-121.965,ID13_F13_m13f13_P13_Y8_UO7524,ID13_F13_m13f13_P13_Y4_UO3220,ID13_F13_m13f13_P13_Y4_UO4179,FXX,2,0.0,1,0,1.0,0,0,0,-9999.0,0.8125,1,P12_CV0,1,2,0,2,0
13,45.129,-121.965,ID13_F13_m13f13_P13_Y8_UO1129,ID13_F13_m13f13_P13_Y6_UO7384,ID13_F13_m13f13_P13_Y7_UO2144,MXY,2,0.0,1,0,0.0,0,0,0,-9999.0,0.857421875,1,P12_CV0,1,2,0,0,2
13,45.129,-121.965,ID13_F13_m13f13_P13_Y8_UO1121,ID13_F13_m13f13_P13_Y6_UO7384,ID13_F13_m13f13_P13_Y7_UO2144,FXX,2,0.0,1,0,1.0,0,0,0,-9999.0,0.857421875,1,P12_CV0,1,2,0,1,1
13,45.129,-121.965,ID13_F13_m13f13_P13_Y8_UO2476,ID13_F13_m13f13_P13_Y6_UO6517,ID13_F13_m13f13_P13_Y7_UO972,MXY,2,0.0,1,0,0.0,0,0,0,-9999.0,0.79296875,1,P12_CV0,1,2,0,1,1
13,45.129,-121.965,ID13_F13_m13f13_P13_Y8_UO3236,ID13_F13_m13f13_P13_Y6_UO4905,ID13_F13_m13f13_P13_Y6_UO5519,FXX,2,0.0,1,0,1.0,0,0,0,-9999.0,0.76953125,1,P12_CV0,1,2,0,0,2
13,45.129,-121.965,ID13_F13_m13f13_P13_Y8_UO6412,ID13_F13_m13f13_P13_Y5_UO4434,ID13_F13_m13f13_P13_Y7_UO964,FXX,2,0.0,1,0,1.0,0,0,0,-9999.0,0.8203125,1,P12_CV0,1,2,0,0,2
13,45.129,-121.965,ID13_F13_m13f13_P13_Y8_UO103,ID13_F13_m13f13_P13_Y4_UO887,ID13_F13_m13f13_P13_Y7_UO5228,MXY,2,0.0,1,0,0.0,0,0,0,-9999.0,0.7421875,1,P12_CV0,1,2,0,1,1
13,45.129,-121.965,ID13_F13_m13f13_P13_Y8_UO4501,ID13_F13_m13f13_P13_Y6_UO4904,ID13_F13_m13f13_P13_Y6_UO2606,MXY,2,0.0,1,0,0.0,0,0,0,-9999.0,0.7578125,1,P12_CV0,1,2,0,1,1
13,45.129,-121.965,ID13_F13_m13f13_P13_Y8_UO1145,ID13_F13_m13f13_P13_Y6_UO588,ID13_F13_m13f13_P13_Y5_UO558,MXY,2,0.0,1,0,0.0,0,0,0,-9999.0,0.84375,1,P12_CV0,1,2,0,1,1
13,45.129,-121.965,ID13_F13_m13f13_P13_Y8_UO3989,ID13_F13_m13f13_P13_Y6_UO3626,ID13_F13_m13f13_P13_Y7_UO529,MXY,2,0.0,1,0,0.0,0,0,0,-9999.0,0.8017578125,1,P12_CV0,1,2,0,1,1
13,45.129,-121.965,ID13_F13_m13f13_P13_Y8_UO7239,ID13_F13_m13f13_P13_Y6_UO2325,ID13_F13_m13f13_P13_Y7_UO831,FXX,2,0.0,1,0,1.0,0,0,0,-9999.0,0.826171875,1,P12_CV0,1,2,0,1,1
13,45.129,-121.965,ID13_F13_m13f13_P13_Y8_UO5936,ID13_F13_m13f13_P13_Y6_UO698,ID13_F13_m13f13_P13_Y7_UO722,MXY,2,0.0,1,0,0.0,0,0,0,-9999.0,0.81640625,1,P12_CV0,1,2,0,2,0
13,45.129,-121.965,ID13_F13_m13f13_P13_Y8_UO7484,ID13_F13_m13f13_P13_Y3_UO1881,ID13_F13_m13f13_P13_Y7_UO5796,MXY,2,0.0,1,0,0.0,0,0,0,-9999.0,0.869140625,1,P12_CV0,1,2,0,1,1
13,45.129,-121.965,ID13_F13_m13f13_P13_Y8_UO2082,ID13_F13_m13f13_P13_Y6_UO569,ID13_F13_m13f13_P13_Y6_UO7137,FXX,2,0.0,1,0,1.0,0,0,0,-9999.0,0.890625,1,P12_CV0,1,2,0,0,2
13,45.129,-121.965,ID13_F13_m13f13_P13_Y8_UO4187,ID13_F13_m13f13_P13_Y6_UO3265,ID13_F13_m13f13_P13_Y6_UO7034,MXY,2,0.0,1,0,0.0,0,0,0,-9999.0,0.8203125,1,P12_CV0,1,2,0,1,1
13,45.129,-121.965,ID13_F13_m13f13_P13_Y8_UO6417,ID13_F13_m13f13_P13_Y2_UO6167,ID13_F13_m13f13_P13_Y6_UO6956,FXX,2,0.0,1,0,1.0,0,0,0,-9999.0,0.8359375,1,P12_CV0,1,2,0,1,1
13,45.129,-121.965,ID13_F13_m13f13_P13_Y8_UO7237,ID13_F13_m13f13_P13_Y6_UO2325,ID13_F13_m13f13_P13_Y7_UO831,FXX,2,0.0,1,0,1.0,0,0,0,-9999.0,0.826171875,1,P12_CV0,1,2,0,1,1
13,45.129,-121.965,ID13_F13_m13f13_P13_Y8_UO4975,ID13_F13_m13f13_P13_Y5_UO4921,ID13_F13_m13f13_P13_Y4_UO467,MXY,2,0.0,1,0,0.0,0,0,0,-9999.0,0.90625,1,P12_CV0,1,2,0,1,1
13,45.129,-121.965,ID13_F13_m13f13_P13_Y8_UO1127,ID13_F13_m13f13_P13_Y6_UO7384,ID13_F13_m13f13_P13_Y7_UO2144,MXY,2,0.0,1,0,0.0,0,0,0,-9999.0,0.857421875,1,P12_CV0,1,2,0,0,2
13,45.129,-121.965,ID13_F13_m13f13_P13_Y8_UO3416,ID13_F13_m13f13_P13_Y6_UO693,ID13_F13_m13f13_P13_Y6_UO1036,FXX,2,0.0,1,0,1.0,0,0,0,-9999.0,0.77734375,1,P12_CV0,1,2,0,2,0
13,45.129,-121.965,ID13_F13_m13f13_P13_Y8_UO1704,ID13_F13_m13f13_P13_Y6_UO1162,ID13_F13_m13f13_P13_Y7_UO5221,MXY,2,0.0,1,0,0.0,0,0,0,-9999.0,0.796875,1,P12_CV0,1,2,0,2,0
13,45.129,-121.965,ID13_F13_m13f13_P13_Y8_UO4161,ID13_F13_m13f13_P13_Y4_UO885,ID13_F13_m13f13_P13_Y7_UO724,FXX,2,0.0,1,0,1.0,0,0,0,-9999.0,0.79296875,1,P12_CV0,1,2,0,2,0
13,45.129,-121.965,ID13_F13_m13f13_P13_Y8_UO4003,ID13_F13_m13f13_P13_Y6_UO5589,ID13_F13_m13f13_P13_Y7_UO53,FXX,2,0.0,1,0,1.0,0,0,0,-9999.0,0.841796875,1,P12_CV0,1,2,0,0,2
13,45.129,-121.965,ID13_F13_m13f13_P13_Y8_UO3968,ID13_F13_m13f13_P13_Y6_UO1890,ID13_F13_m13f13_P13_Y7_UO387,FXX,2,0.0,1,0,1.0,0,0,0,-9999.0,0.876953125,1,P12_CV0,1,2,0,1,1
13,45.129,-121.965,ID13_F13_m13f13_P13_Y8_UO3102,ID13_F13_m13f13_P13_Y6_UO6650,ID13_F13_m13f13_P13_Y4_UO467,MXY,2,0.0,1,0,0.0,0,0,0,-9999.0,0.8828125,1,P12_CV0,1,2,0,2,0
13,45.129,-121.965,ID13_F13_m13f13_P13_Y8_UO3993,ID13_F13_m13f13_P13_Y6_UO3626,ID13_F13_m13f13_P13_Y7_UO529,MXY,2,0.0,1,0,0.0,0,0,0,-9999.0,0.8017578125,1,P12_CV0,1,2,0,2,0
13,45.129,-121.965,ID13_F13_m13f13_P13_Y8_UO3415,ID13_F13_m13f13_P13_Y6_UO693,ID13_F13_m13f13_P13_Y6_UO1036,MXY,2,0.0,1,0,0.0,0,0,0,-9999.0,0.77734375,1,P12_CV0,1,2,0,2,0
13,45.129,-121.965,ID13_F13_m13f13_P13_Y8_UO3190,ID13_F13_m13f13_P13_Y6_UO2607,ID13_F13_m13f13_P13_Y7_UO963,FXX,2,0.0,1,0,1.0,0,0,0,-9999.0,0.76953125,1,P12_CV0,1,2,0,1,1
13,45.129,-121.965,ID13_F13_m13f13_P13_Y7_UO949,ID13_F13_m13f13_P13_Y5_UO505,ID13_F13_m13f13_P13_Y5_UO497,FXX,3,0.0,1,0,1.0,0,0,0,-9999.0,0.8359375,1,P12_CV0,1,2,0,1,1
13,45.129,-121.965,ID13_F13_m13f13_P13_Y7_UO3957,ID13_F13_m13f13_P13_Y4_UO644,ID13_F13_m13f13_P13_Y6_UO1350,FXX,3,0.0,1,0,1.0,0,0,0,-9999.0,0.86328125,1,P12_CV0,1,2,0,1,1
13,45.129,-121.965,ID13_F13_m13f13_P13_Y7_UO395,ID13_F13_m13f13_P13_Y4_UO885,ID13_F13_m13f13_P13_Y5_UO3644,MXY,3,0.0,1,0,0.0,0,0,0,-9999.0,0.7578125,1,P12_CV0,1,2,0,1,1
13,45.129,-121.965,ID13_F13_m13f13_P13_Y7_UO969,ID13_F13_m13f13_P13_Y5_UO1120,ID13_F13_m13f13_P13_Y4_UO6478,MXY,3,0.0,1,0,0.0,0,0,0,-9999.0,0.7578125,1,P12_CV0,1,2,0,1,1
13,45.129,-121.965,ID13_F13_m13f13_P13_Y7_UO5130,ID13_F13_m13f13_P13_Y4_UO1221,ID13_F13_m13f13_P13_Y6_UO2728,MXY,3,0.0,1,0,0.0,0,0,0,-9999.0,0.81640625,1,P12_CV0,1,2,0,1,1
13,45.129,-121.965,ID13_F13_m13f13_P13_Y7_UO1824,ID13_F13_m13f13_P13_Y4_UO2097,ID13_F13_m13f13_P13_Y6_UO5009,FXX,3,0.0,1,0,1.0,0,0,0,-9999.0,0.734375,1,P12_CV0,1,2,0,2,0
13,45.129,-121.965,ID13_F13_m13f13_P13_Y7_UO119,ID13_F13_m13f13_P13_Y4_UO990,ID13_F13_m13f13_P13_Y5_UO497,MXY,3,0.0,1,0,0.0,0,0,0,-9999.0,0.8125,1,P12_CV0,1,2,0,1,1
13,45.129,-121.965,ID13_F13_m13f13_P13_Y7_UO4683,ID13_F13_m13f13_P13_Y5_UO545,ID13_F13_m13f13_P13_Y6_UO1893,MXY,3,0.0,1,0,0.0,0,0,0,-9999.0,0.89453125,1,P12_CV0,1,2,0,1,1
13,45.129,-121.965,ID13_F13_m13f13_P13_Y7_UO48,ID13_F13_m13f13_P13_Y4_UO3343,ID13_F13_m13f13_P13_Y6_UO4654,MXY,3,0.0,1,0,0.0,0,0,0,-9999.0,0.83203125,1,P12_CV0,1,2,0,2,0
13,45.129,-121.965,ID13_F13_m13f13_P13_Y7_UO1120,ID13_F13_m13f13_P13_Y4_UO994,ID13_F13_m13f13_P13_Y5_UO1191,FXX,3,0.0,1,0,1.0,0,0,0,-9999.0,0.8515625,1,P12_CV0,1,2,0,2,0
13,45.129,-121.965,ID13_F13_m13f13_P13_Y7_UO2309,ID13_F13_m13f13_P13_Y5_UO1315,ID13_F13_m13f13_P13_Y6_UO3472,MXY,3,0.0,1,0,0.0,0,0,0,-9999.0,0.80859375,1,P12_CV0,1,2,0,1,1
13,45.129,-121.965,ID13_F13_m13f13_P13_Y7_UO3458,ID13_F13_m13f13_P13_Y5_UO4921,ID13_F13_m13f13_P13_Y4_UO4133,MXY,3,0.0,1,0,0.0,0,0,0,-9999.0,0.859375,1,P12_CV0,1,2,0,0,2
13,45.129,-121.965,ID13_F13_m13f13_P13_Y7_UO1841,ID13_F13_m13f13_P13_Y5_UO1762,ID13_F13_m13f13_P13_Y6_UO1036,FXX,3,0.0,1,0,1.0,0,0,0,-9999.0,0.76171875,1,P12_CV0,1,2,0,2,0
13,45.129,-121.965,ID13_F13_m13f13_P13_Y7_UO53,ID13_F13_m13f13_P13_Y4_UO3343,ID13_F13_m13f13_P13_Y6_UO4654,MXY,3,0.0,1,0,0.0,0,0,0,-9999.0,0.83203125,1,P12_CV0,1,2,0,0,2
13,45.129,-121.965,ID13_F13_m13f13_P13_Y7_UO5057,ID13_F13_m13f13_P13_Y5_UO489,ID13_F13_m13f13_P13_Y6_UO6999,FXX,3,0.0,1,0,1.0,0,0,0,-9999.0,0.8203125,1,P12_CV0,1,2,0,1,1
13,45.129,-121.965,ID13_F13_m13f13_P13_Y7_UO1470,ID13_F13_m13f13_P13_Y2_UO6164,ID13_F13_m13f13_P13_Y6_UO6958,FXX,3,0.0,1,0,1.0,0,0,0,-9999.0,0.8359375,1,P12_CV0,1,2,0,1,1
13,45.129,-121.965,ID13_F13_m13f13_P13_Y7_UO2310,ID13_F13_m13f13_P13_Y5_UO1315,ID13_F13_m13f13_P13_Y6_UO3472,FXX,3,0.0,1,0,1.0,0,0,0,-9999.0,0.80859375,1,P12_CV0,1,2,0,0,2
13,45.129,-121.965,ID13_F13_m13f13_P13_Y7_UO3856,ID13_F13_m13f13_P13_Y5_UO3955,ID13_F13_m13f13_P13_Y6_UO7138,MXY,3,0.0,1,0,0.0,0,0,0,-9999.0,0.8203125,1,P12_CV0,1,2,0,1,1
13,45.129,-121.965,ID13_F13_m13f13_P13_Y7_UO5133,ID13_F13_m13f13_P13_Y4_UO1221,ID13_F13_m13f13_P13_Y6_UO2728,FXX,3,0.0,1,0,1.0,0,0,0,-9999.0,0.81640625,1,P12_CV0,1,2,0,1,1
13,45.129,-121.965,ID13_F13_m13f13_P13_Y7_UO5628,ID13_F13_m13f13_P13_Y5_UO1058,ID13_F13_m13f13_P13_Y4_UO6478,FXX,3,0.0,1,0,1.0,0,0,0,-9999.0,0.84375,1,P12_CV0,1,2,0,2,0
13,45.129,-121.965,ID13_F13_m13f13_P13_Y7_UO293,ID13_F13_m13f13_P13_Y5_UO1162,ID13_F13_m13f13_P13_Y6_UO695,MXY,3,0.0,1,0,0.0,0,0,0,-9999.0,0.828125,1,P12_CV0,1,2,0,1,1
13,45.129,-121.965,ID13_F13_m13f13_P13_Y7_UO391,ID13_F13_m13f13_P13_Y4_UO885,ID13_F13_m13f13_P13_Y5_UO3644,FXX,3,0.0,1,0,1.0,0,0,0,-9999.0,0.7578125,1,P12_CV0,1,2,0,1,1
13,45.129,-121.965,ID13_F13_m13f13_P13_Y7_UO1066,ID13_F13_m13f13_P13_Y5_UO1162,ID13_F13_m13f13_P13_Y6_UO1467,MXY,3,0.0,1,0,0.0,0,0,0,-9999.0,0.84375,1,P12_CV0,1,2,0,0,2
13,45.129,-121.965,ID13_F13_m13f13_P13_Y7_UO5793,ID13_F13_m13f13_P13_Y5_UO4433,ID13_F13_m13f13_P13_Y4_UO4133,FXX,3,0.0,1,0,1.0,0,0,0,-9999.0,0.86328125,1,P12_CV0,1,2,0,2,0
13,45.129,-121.965,ID13_F13_m13f13_P13_Y7_UO5796,ID13_F13_m13f13_P13_Y5_UO4433,ID13_F13_m13f13_P13_Y4_UO4133,MXY,3,0.0,1,0,0.0,0,0,0,-9999.0,0.86328125,1,P12_CV0,1,2,0,2,0
13,45.129,-121.965,ID13_F13_m13f13_P13_Y7_UO3860,ID13_F13_m13f13_P13_Y5_UO3955,ID13_F13_m13f13_P13_Y6_UO7138,FXX,3,0.0,1,0,1.0,0,0,0,-9999.0,0.8203125,1,P12_CV0,1,2,0,1,1
13,45.129,-121.965,ID13_F13_m13f13_P13_Y7_UO401,ID13_F13_m13f13_P13_Y5_UO3638,ID13_F13_m13f13_P13_Y2_UO3838,FXX,3,0.0,1,0,1.0,0,0,0,-9999.0,0.859375,1,P12_CV0,1,2,0,0,2
13,45.129,-121.965,ID13_F13_m13f13_P13_Y6_UO3626,ID13_F13_m13f13_P13_Y4_UO1220,ID13_F13_m13f13_P13_Y5_UO4524,FXX,4,0.0,1,0,1.0,0,0,0,-9999.0,0.8203125,1,P12_CV0,1,2,0,2,0
13,45.129,-121.965,ID13_F13_m13f13_P13_Y6_UO5909,ID13_F13_m13f13_P13_Y4_UO2549,ID13_F13_m13f13_P13_Y5_UO1766,MXY,4,0.0,1,0,0.0,0,0,0,-9999.0,0.75,1,P12_CV0,1,2,0,1,1
13,45.129,-121.965,ID13_F13_m13f13_P13_Y6_UO6959,ID13_F13_m13f13_P13_Y3_UO2851,ID13_F13_m13f13_P13_Y5_UO4520,FXX,4,0.0,1,0,1.0,0,0,0,-9999.0,0.796875,1,P12_CV0,1,2,0,2,0
13,45.129,-121.965,ID13_F13_m13f13_P13_Y6_UO7035,ID13_F13_m13f13_P13_Y4_UO3947,ID13_F13_m13f13_P13_Y2_UO178,FXX,4,0.0,1,0,1.0,0,0,0,-9999.0,0.8125,1,P12_CV0,1,2,0,0,2
13,45.129,-121.965,ID13_F13_m13f13_P13_Y6_UO6078,ID13_F13_m13f13_P13_Y4_UO6481,ID13_F13_m13f13_P13_Y5_UO1190,MXY,4,0.0,1,0,0.0,0,0,0,-9999.0,0.8359375,1,P12_CV0,1,2,0,1,1
13,45.129,-121.965,ID13_F13_m13f13_P13_Y6_UO1040,ID13_F13_m13f13_P13_Y4_UO885,ID13_F13_m13f13_P13_Y5_UO493,MXY,4,0.0,1,0,0.0,0,0,0,-9999.0,0.7734375,1,P12_CV0,1,2,0,2,0
13,45.129,-121.965,ID13_F13_m13f13_P13_Y6_UO1371,ID13_F13_m13f13_P13_Y4_UO3559,ID13_F13_m13f13_P13_Y5_UO818,MXY,4,0.0,1,0,0.0,0,0,0,-9999.0,0.8828125,1,P12_CV0,1,2,0,1,1
13,45.129,-121.965,ID13_F13_m13f13_P13_Y6_UO1370,ID13_F13_m13f13_P13_Y4_UO3559,ID13_F13_m13f13_P13_Y5_UO818,FXX,4,0.0,1,0,1.0,0,0,0,-9999.0,0.8828125,1,P12_CV0,1,2,0,2,0
13,45.129,-121.965,ID13_F13_m13f13_P13_Y6_UO1660,ID13_F13_m13f13_P13_Y4_UO6541,ID13_F13_m13f13_P13_Y4_UO5882,FXX,4,0.0,1,0,1.0,0,0,0,-9999.0,0.8125,1,P12_CV0,1,2,0,1,1
13,45.129,-121.965,ID13_F13_m13f13_P13_Y6_UO2537,ID13_F13_m13f13_P13_Y4_UO1048,ID13_F13_m13f13_P13_Y5_UO5469,MXY,4,0.0,1,0,0.0,0,0,0,-9999.0,0.8359375,1,P12_CV0,1,2,0,2,0
13,45.129,-121.965,ID13_F13_m13f13_P13_Y6_UO3118,ID13_F13_m13f13_P13_Y4_UO4035,ID13_F13_m13f13_P13_Y5_UO818,MXY,4,0.0,1,0,0.0,0,0,0,-9999.0,0.8046875,1,P12_CV0,1,2,0,1,1
13,45.129,-121.965,ID13_F13_m13f13_P13_Y6_UO7303,ID13_F13_m13f13_P13_Y4_UO1220,ID13_F13_m13f13_P13_Y2_UO6173,MXY,4,0.0,1,0,0.0,0,0,0,-9999.0,0.8359375,1,P12_CV0,1,2,0,0,2
13,45.129,-121.965,ID13_F13_m13f13_P13_Y6_UO6956,ID13_F13_m13f13_P13_Y3_UO2851,ID13_F13_m13f13_P13_Y5_UO4520,MXY,4,0.0,1,0,0.0,0,0,0,-9999.0,0.796875,1,P12_CV0,1,2,0,2,0
13,45.129,-121.965,ID13_F13_m13f13_P13_Y6_UO1687,ID13_F13_m13f13_P13_Y4_UO6932,ID13_F13_m13f13_P13_Y5_UO549,FXX,4,0.0,1,0,1.0,0,0,0,-9999.0,0.8515625,1,P12_CV0,1,2,0,2,0
13,45.129,-121.965,ID13_F13_m13f13_P13_Y6_UO4905,ID13_F13_m13f13_P13_Y4_UO5147,ID13_F13_m13f13_P13_Y4_UO5846,FXX,4,0.0,1,0,1.0,0,0,0,-9999.0,0.734375,1,P12_CV0,1,2,0,0,2
13,45.129,-121.965,ID13_F13_m13f13_P13_Y6_UO7032,ID13_F13_m13f13_P13_Y4_UO3947,ID13_F13_m13f13_P13_Y2_UO178,FXX,4,0.0,1,0,1.0,0,0,0,-9999.0,0.8125,1,P12_CV0,1,2,0,1,1
13,45.129,-121.965,ID13_F13_m13f13_P13_Y6_UO803,ID13_F13_m13f13_P13_Y4_UO3298,ID13_F13_m13f13_P13_Y5_UO1155,FXX,4,0.0,1,0,1.0,0,0,0,-9999.0,0.828125,1,P12_CV0,1,2,0,1,1
13,45.129,-121.965,ID13_F13_m13f13_P13_Y6_UO36,ID13_F13_m13f13_P13_Y4_UO6873,ID13_F13_m13f13_P13_Y5_UO4524,MXY,4,0.0,1,0,0.0,0,0,0,-9999.0,0.890625,1,P12_CV0,1,2,0,1,1
13,45.129,-121.965,ID13_F13_m13f13_P13_Y6_UO6789,ID13_F13_m13f13_P13_Y4_UO644,ID13_F13_m13f13_P13_Y5_UO4524,FXX,4,0.0,1,0,1.0,0,0,0,-9999.0,0.890625,1,P12_CV0,1,2,0,0,2
13,45.129,-121.965,ID13_F13_m13f13_P13_Y6_UO3472,ID13_F13_m13f13_P13_Y2_UO3858,ID13_F13_m13f13_P13_Y4_UO752,MXY,4,0.0,1,0,0.0,0,0,0,-9999.0,0.7578125,1,P12_CV0,1,2,0,1,1
13,45.129,-121.965,ID13_F13_m13f13_P13_Y5_UO417,ID13_F13_m13f13_P13_Y3_UO1760,ID13_F13_m13f13_P13_Y2_UO178,MXY,5,0.0,1,0,0.0,0,0,0,-9999.0,0.78125,1,P12_CV0,1,2,0,0,2
13,45.129,-121.965,ID13_F13_m13f13_P13_Y5_UO3638,ID13_F13_m13f13_P13_Y2_UO425,ID13_F13_m13f13_P13_Y2_UO632,FXX,5,0.0,1,0,1.0,0,0,0,-9999.0,0.78125,1,P12_CV0,1,2,0,0,2
13,45.129,-121.965,ID13_F13_m13f13_P13_Y5_UO393,ID13_F13_m13f13_P13_Y1_UO484,ID13_F13_m13f13_P13_Y4_UO996,MXY,5,0.0,1,0,0.0,0,0,0,-9999.0,0.84375,1,P12_CV0,1,2,0,1,1
13,45.129,-121.965,ID13_F13_m13f13_P13_Y4_UO279,ID13_F13_m13f13_P13_Y2_UO2591,ID13_F13_m13f13_P13_Y3_UO1583,MXY,6,0.0,1,0,0.0,0,0,0,-9999.0,0.9375,1,P12_CV0,1,2,0,0,2
14,44.246,-122.307,ID14_F14_m14f14_P14_Y9_UO255,ID14_F14_m14f14_P14_Y7_UO2228,ID14_F14_m14f14_P14_Y8_UO5522,MXY,1,0.0,1,0,0.0,0,0,0,-9999.0,0.765625,1,P13_CV0,1,2,0,0,2
14,44.246,-122.307,ID14_F14_m14f14_P14_Y9_UO256,ID14_F14_m14f14_P14_Y7_UO2228,ID14_F14_m14f14_P14_Y8_UO5522,MXY,1,0.0,1,0,0.0,0,0,0,-9999.0,0.765625,1,P13_CV0,1,2,0,0,2
14,44.246,-122.307,ID14_F14_m14f14_P14_Y9_UO258,ID14_F14_m14f14_P14_Y7_UO2228,ID14_F14_m14f14_P14_Y8_UO5522,MXY,1,0.0,1,0,0.0,0,0,0,-9999.0,0.765625,1,P13_CV0,1,2,0,0,2
14,44.246,-122.307,ID14_F14_m14f14_P14_Y9_UO260,ID14_F14_m14f14_P14_Y7_UO2228,ID14_F14_m14f14_P14_Y8_UO5522,MXY,1,0.0,1,0,0.0,0,0,0,-9999.0,0.765625,1,P13_CV0,1,2,0,0,2
14,44.246,-122.307,ID14_F14_m14f14_P14_Y9_UO261,ID14_F14_m14f14_P14_Y7_UO2228,ID14_F14_m14f14_P14_Y8_UO5522,MXY,1,0.0,1,0,0.0,0,0,0,-9999.0,0.765625,1,P13_CV0,1,2,0,0,2
14,44.246,-122.307,ID14_F14_m14f14_P14_Y9_UO265,ID14_F14_m14f14_P14_Y7_UO2228,ID14_F14_m14f14_P14_Y8_UO5522,MXY,1,0.0,1,0,0.0,0,0,0,-9999.0,0.765625,1,P13_CV0,1,2,0,0,2
14,44.246,-122.307,ID14_F14_m14f14_P14_Y9_UO266,ID14_F14_m14f14_P14_Y7_UO2228,ID14_F14_m14f14_P14_Y8_UO5522,MXY,1,0.0,1,0,0.0,0,0,0,-9999.0,0.765625,1,P13_CV0,1,2,0,0,2
14,44.246,-122.307,ID14_F14_m14f14_P14_Y9_UO267,ID14_F14_m14f14_P14_Y7_UO2228,ID14_F14_m14f14_P14_Y8_UO5522,FXX,1,0.0,1,0,1.0,0,0,0,-9999.0,0.765625,1,P13_CV0,1,2,0,0,2
14,44.246,-122.307,ID14_F14_m14f14_P14_Y9_UO269,ID14_F14_m14f14_P14_Y7_UO2228,ID14_F14_m14f14_P14_Y8_UO5522,MXY,1,0.0,1,0,0.0,0,0,0,-9999.0,0.765625,1,P13_CV0,1,2,0,0,2
14,44.246,-122.307,ID14_F14_m14f14_P14_Y9_UO455,ID14_F14_m14f14_P14_Y7_UO3182,ID14_F14_m14f14_P14_Y8_UO6945,FXX,1,0.0,1,0,1.0,0,0,0,-9999.0,0.712890625,1,P13_CV0,1,2,0,0,2
14,44.246,-122.307,ID14_F14_m14f14_P14_Y9_UO456,ID14_F14_m14f14_P14_Y7_UO3182,ID14_F14_m14f14_P14_Y8_UO6945,MXY,1,0.0,1,0,0.0,0,0,0,-9999.0,0.712890625,1,P13_CV0,1,2,0,0,2
14,44.246,-122.307,ID14_F14_m14f14_P14_Y9_UO459,ID14_F14_m14f14_P14_Y7_UO3182,ID14_F14_m14f14_P14_Y8_UO6945,FXX,1,0.0,1,0,1.0,0,0,0,-9999.0,0.712890625,1,P13_CV0,1,2,0,0,2
14,44.246,-122.307,ID14_F14_m14f14_P14_Y9_UO463,ID14_F14_m14f14_P14_Y7_UO3182,ID14_F14_m14f14_P14_Y8_UO6945,FXX,1,0.0,1,0,1.0,0,0,0,-9999.0,0.712890625,1,P13_CV0,1,2,0,0,2
14,44.246,-122.307,ID14_F14_m14f14_P14_Y9_UO467,ID14_F14_m14f14_P14_Y7_UO3182,ID14_F14_m14f14_P14_Y8_UO6945,FXX,1,0.0,1,0,1.0,0,0,0,-9999.0,0.712890625,1,P13_CV0,1,2,0,1,1
14,44.246,-122.307,ID14_F14_m14f14_P14_Y9_UO468,ID14_F14_m14f14_P14_Y7_UO3182,ID14_F14_m14f14_P14_Y8_UO6945,MXY,1,0.0,1,0,0.0,0,0,0,-9999.0,0.712890625,1,P13_CV0,1,2,0,1,1
14,44.246,-122.307,ID14_F14_m14f14_P14_Y9_UO469,ID14_F14_m14f14_P14_Y7_UO3182,ID14_F14_m14f14_P14_Y8_UO6945,FXX,1,0.0,1,0,1.0,0,0,0,-9999.0,0.712890625,1,P13_CV0,1,2,0,1,1
14,44.246,-122.307,ID14_F14_m14f14_P14_Y9_UO1154,ID14_F14_m14f14_P14_Y7_UO2485,ID14_F14_m14f14_P14_Y8_UO1493,FXX,1,0.0,1,0,1.0,0,0,0,-9999.0,0.68408203125,1,P13_CV0,1,2,0,0,2
14,44.246,-122.307,ID14_F14_m14f14_P14_Y9_UO1199,ID14_F14_m14f14_P14_Y6_UO2202,ID14_F14_m14f14_P14_Y8_UO6379,FXX,1,0.0,1,0,1.0,0,0,0,-9999.0,0.7109375,1,P13_CV0,1,2,0,0,2
14,44.246,-122.307,ID14_F14_m14f14_P14_Y9_UO1200,ID14_F14_m14f14_P14_Y6_UO2202,ID14_F14_m14f14_P14_Y8_UO6379,FXX,1,0.0,1,0,1.0,0,0,0,-9999.0,0.7109375,1,P13_CV0,1,2,0,0,2
14,44.246,-122.307,ID14_F14_m14f14_P14_Y9_UO1201,ID14_F14_m14f14_P14_Y6_UO2202,ID14_F14_m14f14_P14_Y8_UO6379,FXX,1,0.0,1,0,1.0,0,0,0,-9999.0,0.7109375,1,P13_CV0,1,2,0,1,1
14,44.246,-122.307,ID14_F14_m14f14_P14_Y9_UO1283,ID14_F14_m14f14_P14_Y6_UO7321,ID14_F14_m14f14_P14_Y8_UO350,FXX,1,0.0,1,0,1.0,0,0,0,-9999.0,0.69140625,1,P13_CV0,1,2,0,2,0
14,44.246,-122.307,ID14_F14_m14f14_P14_Y9_UO1284,ID14_F14_m14f14_P14_Y6_UO7321,ID14_F14_m14f14_P14_Y8_UO350,FXX,1,0.0,1,0,1.0,0,0,0,-9999.0,0.69140625,1,P13_CV0,1,2,0,2,0
14,44.246,-122.307,ID14_F14_m14f14_P14_Y9_UO1285,ID14_F14_m14f14_P14_Y6_UO7321,ID14_F14_m14f14_P14_Y8_UO350,FXX,1,0.0,1,0,1.0,0,0,0,-9999.0,0.69140625,1,P13_CV0,1,2,0,1,1
14,44.246,-122.307,ID14_F14_m14f14_P14_Y9_UO1333,ID14_F14_m14f14_P14_Y7_UO2020,ID14_F14_m14f14_P14_Y7_UO3970,MXY,1,0.0,1,0,0.0,0,0,0,-9999.0,0.626953125,1,P13_CV0,1,2,0,0,2
14,44.246,-122.307,ID14_F14_m14f14_P14_Y9_UO1335,ID14_F14_m14f14_P14_Y7_UO2020,ID14_F14_m14f14_P14_Y7_UO3970,MXY,1,0.0,1,0,0.0,0,0,0,-9999.0,0.626953125,1,P13_CV0,1,2,0,0,2
14,44.246,-122.307,ID14_F14_m14f14_P14_Y9_UO1341,ID14_F14_m14f14_P14_Y7_UO2020,ID14_F14_m14f14_P14_Y7_UO3970,FXX,1,0.0,1,0,1.0,0,0,0,-9999.0,0.626953125,1,P13_CV0,1,2,0,1,1
14,44.246,-122.307,ID14_F14_m14f14_P14_Y9_UO1342,ID14_F14_m14f14_P14_Y7_UO2020,ID14_F14_m14f14_P14_Y7_UO3970,FXX,1,0.0,1,0,1.0,0,0,0,-9999.0,0.626953125,1,P13_CV0,1,2,0,1,1
14,44.246,-122.307,ID14_F14_m14f14_P14_Y9_UO1344,ID14_F14_m14f14_P14_Y7_UO2020,ID14_F14_m14f14_P14_Y7_UO3970,FXX,1,0.0,1,0,1.0,0,0,0,-9999.0,0.626953125,1,P13_CV0,1,2,0,0,2
14,44.246,-122.307,ID14_F14_m14f14_P14_Y9_UO1345,ID14_F14_m14f14_P14_Y7_UO2020,ID14_F14_m14f14_P14_Y7_UO3970,MXY,1,0.0,1,0,0.0,0,0,0,-9999.0,0.626953125,1,P13_CV0,1,2,0,1,1
14,44.246,-122.307,ID14_F14_m14f14_P14_Y9_UO1346,ID14_F14_m14f14_P14_Y7_UO2020,ID14_F14_m14f14_P14_Y7_UO3970,MXY,1,0.0,1,0,0.0,0,0,0,-9999.0,0.626953125,1,P13_CV0,1,2,0,1,1
14,44.246,-122.307,ID14_F14_m14f14_P14_Y9_UO1347,ID14_F14_m14f14_P14_Y7_UO2020,ID14_F14_m14f14_P14_Y7_UO3970,MXY,1,0.0,1,0,0.0,0,0,0,-9999.0,0.626953125,1,P13_CV0,1,2,0,1,1
14,44.246,-122.307,ID14_F14_m14f14_P14_Y9_UO1348,ID14_F14_m14f14_P14_Y7_UO2020,ID14_F14_m14f14_P14_Y7_UO3970,MXY,1,0.0,1,0,0.0,0,0,0,-9999.0,0.626953125,1,P13_CV0,1,2,0,0,2
14,44.246,-122.307,ID14_F14_m14f14_P14_Y9_UO1705,ID14_F14_m14f14_P14_Y7_UO1554,ID14_F14_m14f14_P14_Y8_UO6611,FXX,1,0.0,1,0,1.0,0,0,0,-9999.0,0.765625,1,P13_CV0,1,2,0,2,0
14,44.246,-122.307,ID14_F14_m14f14_P14_Y9_UO1707,ID14_F14_m14f14_P14_Y7_UO1554,ID14_F14_m14f14_P14_Y8_UO6611,MXY,1,0.0,1,0,0.0,0,0,0,-9999.0,0.765625,1,P13_CV0,1,2,0,2,0
14,44.246,-122.307,ID14_F14_m14f14_P14_Y9_UO2002,ID14_F14_m14f14_P14_Y7_UO3698,ID14_F14_m14f14_P14_Y6_UO3806,FXX,1,0.0,1,0,1.0,0,0,0,-9999.0,0.6328125,1,P13_CV0,1,2,0,1,1
14,44.246,-122.307,ID14_F14_m14f14_P14_Y9_UO2005,ID14_F14_m14f14_P14_Y7_UO3698,ID14_F14_m14f14_P14_Y6_UO3806,FXX,1,0.0,1,0,1.0,0,0,0,-9999.0,0.6328125,1,P13_CV0,1,2,0,1,1
14,44.246,-122.307,ID14_F14_m14f14_P14_Y9_UO2007,ID14_F14_m14f14_P14_Y7_UO3698,ID14_F14_m14f14_P14_Y6_UO3806,FXX,1,0.0,1,0,1.0,0,0,0,-9999.0,0.6328125,1,P13_CV0,1,2,0,2,0
14,44.246,-122.307,ID14_F14_m14f14_P14_Y9_UO2010,ID14_F14_m14f14_P14_Y7_UO3698,ID14_F14_m14f14_P14_Y6_UO3806,MXY,1,0.0,1,0,0.0,0,0,0,-9999.0,0.6328125,1,P13_CV0,1,2,0,2,0
14,44.246,-122.307,ID14_F14_m14f14_P14_Y9_UO2050,ID14_F14_m14f14_P14_Y6_UO1546,ID14_F14_m14f14_P14_Y8_UO1490,FXX,1,0.0,1,0,1.0,0,0,0,-9999.0,0.771484375,1,P13_CV0,1,2,0,1,1
14,44.246,-122.307,ID14_F14_m14f14_P14_Y9_UO2052,ID14_F14_m14f14_P14_Y6_UO1546,ID14_F14_m14f14_P14_Y8_UO1490,FXX,1,0.0,1,0,1.0,0,0,0,-9999.0,0.771484375,1,P13_CV0,1,2,0,2,0
14,44.246,-122.307,ID14_F14_m14f14_P14_Y9_UO2053,ID14_F14_m14f14_P14_Y6_UO1546,ID14_F14_m14f14_P14_Y8_UO1490,MXY,1,0.0,1,0,0.0,0,0,0,-9999.0,0.771484375,1,P13_CV0,1,2,0,2,0
14,44.246,-122.307,ID14_F14_m14f14_P14_Y9_UO2260,ID14_F14_m14f14_P14_Y4_UO5714,ID14_F14_m14f14_P14_Y7_UO2019,MXY,1,0.0,1,0,0.0,0,0,0,-9999.0,0.681640625,1,P13_CV0,1,2,0,0,2
14,44.246,-122.307,ID14_F14_m14f14_P14_Y9_UO2293,ID14_F14_m14f14_P14_Y7_UO860,ID14_F14_m14f14_P14_Y8_UO7072,FXX,1,0.0,1,0,1.0,0,0,0,-9999.0,0.6806640625,1,P13_CV0,1,2,0,1,1
14,44.246,-122.307,ID14_F14_m14f14_P14_Y9_UO2400,ID14_F14_m14f14_P14_Y6_UO4535,ID14_F14_m14f14_P14_Y8_UO6946,FXX,1,0.0,1,0,1.0,0,0,0,-9999.0,0.689453125,1,P13_CV0,1,2,0,1,1
14,44.246,-122.307,ID14_F14_m14f14_P14_Y9_UO2539,ID14_F14_m14f14_P14_Y7_UO2699,ID14_F14_m14f14_P14_Y8_UO1863,FXX,1,0.0,1,0,1.0,0,0,0,-9999.0,0.740234375,1,P13_CV0,1,2,0,0,2
14,44.246,-122.307,ID14_F14_m14f14_P14_Y9_UO2542,ID14_F14_m14f14_P14_Y7_UO2699,ID14_F14_m14f14_P14_Y8_UO1863,FXX,1,0.0,1,0,1.0,0,0,0,-9999.0,0.740234375,1,P13_CV0,1,2,0,0,2
14,44.246,-122.307,ID14_F14_m14f14_P14_Y9_UO2544,ID14_F14_m14f14_P14_Y7_UO2699,ID14_F14_m14f14_P14_Y8_UO1863,MXY,1,0.0,1,0,0.0,0,0,0,-9999.0,0.740234375,1,P13_CV0,1,2,0,1,1
14,44.246,-122.307,ID14_F14_m14f14_P14_Y9_UO2545,ID14_F14_m14f14_P14_Y7_UO2699,ID14_F14_m14f14_P14_Y8_UO1863,MXY,1,0.0,1,0,0.0,0,0,0,-9999.0,0.740234375,1,P13_CV0,1,2,0,0,2
14,44.246,-122.307,ID14_F14_m14f14_P14_Y9_UO2546,ID14_F14_m14f14_P14_Y7_UO2699,ID14_F14_m14f14_P14_Y8_UO1863,FXX,1,0.0,1,0,1.0,0,0,0,-9999.0,0.740234375,1,P13_CV0,1,2,0,0,2
14,44.246,-122.307,ID14_F14_m14f14_P14_Y9_UO2547,ID14_F14_m14f14_P14_Y7_UO2699,ID14_F14_m14f14_P14_Y8_UO1863,MXY,1,0.0,1,0,0.0,0,0,0,-9999.0,0.740234375,1,P13_CV0,1,2,0,0,2
14,44.246,-122.307,ID14_F14_m14f14_P14_Y9_UO2548,ID14_F14_m14f14_P14_Y7_UO2699,ID14_F14_m14f14_P14_Y8_UO1863,MXY,1,0.0,1,0,0.0,0,0,0,-9999.0,0.740234375,1,P13_CV0,1,2,0,0,2
14,44.246,-122.307,ID14_F14_m14f14_P14_Y9_UO2551,ID14_F14_m14f14_P14_Y7_UO2699,ID14_F14_m14f14_P14_Y8_UO1863,FXX,1,0.0,1,0,1.0,0,0,0,-9999.0,0.740234375,1,P13_CV0,1,2,0,0,2
14,44.246,-122.307,ID14_F14_m14f14_P14_Y9_UO2553,ID14_F14_m14f14_P14_Y7_UO2699,ID14_F14_m14f14_P14_Y8_UO1863,FXX,1,0.0,1,0,1.0,0,0,0,-9999.0,0.740234375,1,P13_CV0,1,2,0,1,1
14,44.246,-122.307,ID14_F14_m14f14_P14_Y9_UO2578,ID14_F14_m14f14_P14_Y7_UO859,ID14_F14_m14f14_P14_Y8_UO1554,FXX,1,0.0,1,0,1.0,0,0,0,-9999.0,0.69140625,1,P13_CV0,1,2,0,0,2
14,44.246,-122.307,ID14_F14_m14f14_P14_Y9_UO2580,ID14_F14_m14f14_P14_Y7_UO859,ID14_F14_m14f14_P14_Y8_UO1554,MXY,1,0.0,1,0,0.0,0,0,0,-9999.0,0.69140625,1,P13_CV0,1,2,0,0,2
14,44.246,-122.307,ID14_F14_m14f14_P14_Y9_UO2581,ID14_F14_m14f14_P14_Y7_UO859,ID14_F14_m14f14_P14_Y8_UO1554,FXX,1,0.0,1,0,1.0,0,0,0,-9999.0,0.69140625,1,P13_CV0,1,2,0,2,0
14,44.246,-122.307,ID14_F14_m14f14_P14_Y9_UO2586,ID14_F14_m14f14_P14_Y7_UO859,ID14_F14_m14f14_P14_Y8_UO1554,FXX,1,0.0,1,0,1.0,0,0,0,-9999.0,0.69140625,1,P13_CV0,1,2,0,1,1
14,44.246,-122.307,ID14_F14_m14f14_P14_Y9_UO2589,ID14_F14_m14f14_P14_Y7_UO859,ID14_F14_m14f14_P14_Y8_UO1554,FXX,1,0.0,1,0,1.0,0,0,0,-9999.0,0.69140625,1,P13_CV0,1,2,0,2,0
14,44.246,-122.307,ID14_F14_m14f14_P14_Y9_UO2758,ID14_F14_m14f14_P14_Y7_UO1554,ID14_F14_m14f14_P14_Y8_UO5263,MXY,1,0.0,1,0,0.0,0,0,0,-9999.0,0.767578125,1,P13_CV0,1,2,0,0,2
14,44.246,-122.307,ID14_F14_m14f14_P14_Y9_UO2761,ID14_F14_m14f14_P14_Y7_UO1554,ID14_F14_m14f14_P14_Y8_UO5263,FXX,1,0.0,1,0,1.0,0,0,0,-9999.0,0.767578125,1,P13_CV0,1,2,0,2,0
14,44.246,-122.307,ID14_F14_m14f14_P14_Y9_UO2763,ID14_F14_m14f14_P14_Y7_UO1554,ID14_F14_m14f14_P14_Y8_UO5263,MXY,1,0.0,1,0,0.0,0,0,0,-9999.0,0.767578125,1,P13_CV0,1,2,0,1,1
14,44.246,-122.307,ID14_F14_m14f14_P14_Y9_UO2803,ID14_F14_m14f14_P14_Y6_UO4535,ID14_F14_m14f14_P14_Y8_UO2207,MXY,1,0.0,1,0,0.0,0,0,0,-9999.0,0.6953125,1,P13_CV0,1,2,0,0,2
14,44.246,-122.307,ID14_F14_m14f14_P14_Y9_UO2805,ID14_F14_m14f14_P14_Y6_UO4535,ID14_F14_m14f14_P14_Y8_UO2207,MXY,1,0.0,1,0,0.0,0,0,0,-9999.0,0.6953125,1,P13_CV0,1,2,0,1,1
14,44.246,-122.307,ID14_F14_m14f14_P14_Y9_UO2806,ID14_F14_m14f14_P14_Y6_UO4535,ID14_F14_m14f14_P14_Y8_UO2207,MXY,1,0.0,1,0,0.0,0,0,0,-9999.0,0.6953125,1,P13_CV0,1,2,0,1,1
14,44.246,-122.307,ID14_F14_m14f14_P14_Y9_UO2807,ID14_F14_m14f14_P14_Y6_UO4535,ID14_F14_m14f14_P14_Y8_UO2207,FXX,1,0.0,1,0,1.0,0,0,0,-9999.0,0.6953125,1,P13_CV0,1,2,0,1,1
14,44.246,-122.307,ID14_F14_m14f14_P14_Y9_UO2809,ID14_F14_m14f14_P14_Y6_UO4535,ID14_F14_m14f14_P14_Y8_UO2207,FXX,1,0.0,1,0,1.0,0,0,0,-9999.0,0.6953125,1,P13_CV0,1,2,0,0,2
14,44.246,-122.307,ID14_F14_m14f14_P14_Y9_UO2869,ID14_F14_m14f14_P14_Y6_UO7321,ID14_F14_m14f14_P14_Y6_UO7196,MXY,1,0.0,1,0,0.0,0,0,0,-9999.0,0.75,1,P13_CV0,1,2,0,1,1
14,44.246,-122.307,ID14_F14_m14f14_P14_Y9_UO2933,ID14_F14_m14f14_P14_Y7_UO2716,ID14_F14_m14f14_P14_Y8_UO6148,MXY,1,0.0,1,0,0.0,0,0,0,-9999.0,0.6767578125,1,P13_CV0,1,2,0,2,0
14,44.246,-122.307,ID14_F14_m14f14_P14_Y9_UO2934,ID14_F14_m14f14_P14_Y7_UO2716,ID14_F14_m14f14_P14_Y8_UO6148,FXX,1,0.0,1,0,1.0,0,0,0,-9999.0,0.6767578125,1,P13_CV0,1,2,0,1,1
14,44.246,-122.307,ID14_F14_m14f14_P14_Y9_UO2935,ID14_F14_m14f14_P14_Y7_UO2716,ID14_F14_m14f14_P14_Y8_UO6148,MXY,1,0.0,1,0,0.0,0,0,0,-9999.0,0.6767578125,1,P13_CV0,1,2,0,2,0
14,44.246,-122.307,ID14_F14_m14f14_P14_Y9_UO2936,ID14_F14_m14f14_P14_Y7_UO2716,ID14_F14_m14f14_P14_Y8_UO6148,MXY,1,0.0,1,0,0.0,0,0,0,-9999.0,0.6767578125,1,P13_CV0,1,2,0,2,0
14,44.246,-122.307,ID14_F14_m14f14_P14_Y9_UO2938,ID14_F14_m14f14_P14_Y7_UO2716,ID14_F14_m14f14_P14_Y8_UO6148,FXX,1,0.0,1,0,1.0,0,0,0,-9999.0,0.6767578125,1,P13_CV0,1,2,0,1,1
14,44.246,-122.307,ID14_F14_m14f14_P14_Y9_UO2940,ID14_F14_m14f14_P14_Y7_UO2716,ID14_F14_m14f14_P14_Y8_UO6148,FXX,1,0.0,1,0,1.0,0,0,0,-9999.0,0.6767578125,1,P13_CV0,1,2,0,1,1
14,44.246,-122.307,ID14_F14_m14f14_P14_Y9_UO2942,ID14_F14_m14f14_P14_Y7_UO2716,ID14_F14_m14f14_P14_Y8_UO6148,FXX,1,0.0,1,0,1.0,0,0,0,-9999.0,0.6767578125,1,P13_CV0,1,2,0,2,0
14,44.246,-122.307,ID14_F14_m14f14_P14_Y9_UO2943,ID14_F14_m14f14_P14_Y7_UO2716,ID14_F14_m14f14_P14_Y8_UO6148,MXY,1,0.0,1,0,0.0,0,0,0,-9999.0,0.6767578125,1,P13_CV0,1,2,0,1,1
14,44.246,-122.307,ID14_F14_m14f14_P14_Y9_UO2945,ID14_F14_m14f14_P14_Y7_UO1724,ID14_F14_m14f14_P14_Y8_UO5646,FXX,1,0.0,1,0,1.0,0,0,0,-9999.0,0.6884765625,1,P13_CV0,1,2,0,0,2
14,44.246,-122.307,ID14_F14_m14f14_P14_Y9_UO2947,ID14_F14_m14f14_P14_Y7_UO1724,ID14_F14_m14f14_P14_Y8_UO5646,FXX,1,0.0,1,0,1.0,0,0,0,-9999.0,0.6884765625,1,P13_CV0,1,2,0,0,2
14,44.246,-122.307,ID14_F14_m14f14_P14_Y9_UO2948,ID14_F14_m14f14_P14_Y7_UO1724,ID14_F14_m14f14_P14_Y8_UO5646,FXX,1,0.0,1,0,1.0,0,0,0,-9999.0,0.6884765625,1,P13_CV0,1,2,0,1,1
14,44.246,-122.307,ID14_F14_m14f14_P14_Y9_UO2949,ID14_F14_m14f14_P14_Y7_UO1724,ID14_F14_m14f14_P14_Y8_UO5646,FXX,1,0.0,1,0,1.0,0,0,0,-9999.0,0.6884765625,1,P13_CV0,1,2,0,0,2
14,44.246,-122.307,ID14_F14_m14f14_P14_Y9_UO2954,ID14_F14_m14f14_P14_Y7_UO1724,ID14_F14_m14f14_P14_Y8_UO5646,MXY,1,0.0,1,0,0.0,0,0,0,-9999.0,0.6884765625,1,P13_CV0,1,2,0,1,1
14,44.246,-122.307,ID14_F14_m14f14_P14_Y9_UO2955,ID14_F14_m14f14_P14_Y7_UO1724,ID14_F14_m14f14_P14_Y8_UO5646,FXX,1,0.0,1,0,1.0,0,0,0,-9999.0,0.6884765625,1,P13_CV0,1,2,0,0,2
14,44.246,-122.307,ID14_F14_m14f14_P14_Y9_UO2957,ID14_F14_m14f14_P14_Y7_UO1724,ID14_F14_m14f14_P14_Y8_UO5646,MXY,1,0.0,1,0,0.0,0,0,0,-9999.0,0.6884765625,1,P13_CV0,1,2,0,1,1
14,44.246,-122.307,ID14_F14_m14f14_P14_Y9_UO2967,ID14_F14_m14f14_P14_Y6_UO2202,ID14_F14_m14f14_P14_Y8_UO486,FXX,1,0.0,1,0,1.0,0,0,0,-9999.0,0.72265625,1,P13_CV0,1,2,0,1,1
14,44.246,-122.307,ID14_F14_m14f14_P14_Y9_UO2968,ID14_F14_m14f14_P14_Y6_UO2202,ID14_F14_m14f14_P14_Y8_UO486,MXY,1,0.0,1,0,0.0,0,0,0,-9999.0,0.72265625,1,P13_CV0,1,2,0,1,1
14,44.246,-122.307,ID14_F14_m14f14_P14_Y9_UO3182,ID14_F14_m14f14_P14_Y7_UO4946,ID14_F14_m14f14_P14_Y8_UO6950,FXX,1,0.0,1,0,1.0,0,0,0,-9999.0,0.7099609375,1,P13_CV0,1,2,0,1,1
14,44.246,-122.307,ID14_F14_m14f14_P14_Y9_UO3183,ID14_F14_m14f14_P14_Y7_UO4946,ID14_F14_m14f14_P14_Y8_UO6950,FXX,1,0.0,1,0,1.0,0,0,0,-9999.0,0.7099609375,1,P13_CV0,1,2,0,1,1
14,44.246,-122.307,ID14_F14_m14f14_P14_Y9_UO3185,ID14_F14_m14f14_P14_Y7_UO4946,ID14_F14_m14f14_P14_Y8_UO6950,FXX,1,0.0,1,0,1.0,0,0,0,-9999.0,0.7099609375,1,P13_CV0,1,2,0,1,1
14,44.246,-122.307,ID14_F14_m14f14_P14_Y9_UO3186,ID14_F14_m14f14_P14_Y7_UO4946,ID14_F14_m14f14_P14_Y8_UO6950,MXY,1,0.0,1,0,0.0,0,0,0,-9999.0,0.7099609375,1,P13_CV0,1,2,0,1,1
14,44.246,-122.307,ID14_F14_m14f14_P14_Y9_UO3188,ID14_F14_m14f14_P14_Y7_UO4946,ID14_F14_m14f14_P14_Y8_UO6950,MXY,1,0.0,1,0,0.0,0,0,0,-9999.0,0.7099609375,1,P13_CV0,1,2,0,1,1
14,44.246,-122.307,ID14_F14_m14f14_P14_Y9_UO3294,ID14_F14_m14f14_P14_Y7_UO464,ID14_F14_m14f14_P14_Y7_UO3646,FXX,1,0.0,1,0,1.0,0,0,0,-9999.0,0.771484375,1,P13_CV0,1,2,0,1,1
14,44.246,-122.307,ID14_F14_m14f14_P14_Y9_UO3295,ID14_F14_m14f14_P14_Y7_UO464,ID14_F14_m14f14_P14_Y7_UO3646,FXX,1,0.0,1,0,1.0,0,0,0,-9999.0,0.771484375,1,P13_CV0,1,2,0,1,1
14,44.246,-122.307,ID14_F14_m14f14_P14_Y9_UO3296,ID14_F14_m14f14_P14_Y7_UO464,ID14_F14_m14f14_P14_Y7_UO3646,MXY,1,0.0,1,0,0.0,0,0,0,-9999.0,0.771484375,1,P13_CV0,1,2,0,1,1
14,44.246,-122.307,ID14_F14_m14f14_P14_Y9_UO3297,ID14_F14_m14f14_P14_Y7_UO464,ID14_F14_m14f14_P14_Y7_UO3646,FXX,1,0.0,1,0,1.0,0,0,0,-9999.0,0.771484375,1,P13_CV0,1,2,0,0,2
14,44.246,-122.307,ID14_F14_m14f14_P14_Y9_UO3299,ID14_F14_m14f14_P14_Y7_UO464,ID14_F14_m14f14_P14_Y7_UO3646,FXX,1,0.0,1,0,1.0,0,0,0,-9999.0,0.771484375,1,P13_CV0,1,2,0,1,1
14,44.246,-122.307,ID14_F14_m14f14_P14_Y9_UO3300,ID14_F14_m14f14_P14_Y7_UO464,ID14_F14_m14f14_P14_Y7_UO3646,FXX,1,0.0,1,0,1.0,0,0,0,-9999.0,0.771484375,1,P13_CV0,1,2,0,1,1
14,44.246,-122.307,ID14_F14_m14f14_P14_Y9_UO3379,ID14_F14_m14f14_P14_Y7_UO2716,ID14_F14_m14f14_P14_Y8_UO2312,FXX,1,0.0,1,0,1.0,0,0,0,-9999.0,0.70703125,1,P13_CV0,1,2,0,1,1
14,44.246,-122.307,ID14_F14_m14f14_P14_Y9_UO3380,ID14_F14_m14f14_P14_Y7_UO2716,ID14_F14_m14f14_P14_Y8_UO2312,MXY,1,0.0,1,0,0.0,0,0,0,-9999.0,0.70703125,1,P13_CV0,1,2,0,1,1
14,44.246,-122.307,ID14_F14_m14f14_P14_Y9_UO3383,ID14_F14_m14f14_P14_Y7_UO3297,ID14_F14_m14f14_P14_Y8_UO6644,MXY,1,0.0,1,0,0.0,0,0,0,-9999.0,0.7578125,1,P13_CV0,1,2,0,2,0
14,44.246,-122.307,ID14_F14_m14f14_P14_Y9_UO3387,ID14_F14_m14f14_P14_Y7_UO3297,ID14_F14_m14f14_P14_Y8_UO6644,FXX,1,0.0,1,0,1.0,0,0,0,-9999.0,0.7578125,1,P13_CV0,1,2,0,2,0
14,44.246,-122.307,ID14_F14_m14f14_P14_Y9_UO3390,ID14_F14_m14f14_P14_Y7_UO3297,ID14_F14_m14f14_P14_Y8_UO6644,FXX,1,0.0,1,0,1.0,0,0,0,-9999.0,0.7578125,1,P13_CV0,1,2,0,1,1
14,44.246,-122.307,ID14_F14_m14f14_P14_Y9_UO3391,ID14_F14_m14f14_P14_Y7_UO3297,ID14_F14_m14f14_P14_Y8_UO6644,MXY,1,0.0,1,0,0.0,0,0,0,-9999.0,0.7578125,1,P13_CV0,1,2,0,1,1
14,44.246,-122.307,ID14_F14_m14f14_P14_Y9_UO3394,ID14_F14_m14f14_P14_Y7_UO3297,ID14_F14_m14f14_P14_Y8_UO6644,MXY,1,0.0,1,0,0.0,0,0,0,-9999.0,0.7578125,1,P13_CV0,1,2,0,1,1
14,44.246,-122.307,ID14_F14_m14f14_P14_Y9_UO3395,ID14_F14_m14f14_P14_Y7_UO3297,ID14_F14_m14f14_P14_Y8_UO6644,FXX,1,0.0,1,0,1.0,0,0,0,-9999.0,0.7578125,1,P13_CV0,1,2,0,2,0
14,44.246,-122.307,ID14_F14_m14f14_P14_Y9_UO3396,ID14_F14_m14f14_P14_Y7_UO3297,ID14_F14_m14f14_P14_Y8_UO6644,FXX,1,0.0,1,0,1.0,0,0,0,-9999.0,0.7578125,1,P13_CV0,1,2,0,2,0
14,44.246,-122.307,ID14_F14_m14f14_P14_Y9_UO3583,ID14_F14_m14f14_P14_Y7_UO3161,ID14_F14_m14f14_P14_Y4_UO5826,FXX,1,0.0,1,0,1.0,0,0,0,-9999.0,0.779296875,1,P13_CV0,1,2,0,0,2
14,44.246,-122.307,ID14_F14_m14f14_P14_Y9_UO3585,ID14_F14_m14f14_P14_Y7_UO3161,ID14_F14_m14f14_P14_Y4_UO5826,FXX,1,0.0,1,0,1.0,0,0,0,-9999.0,0.779296875,1,P13_CV0,1,2,0,0,2
14,44.246,-122.307,ID14_F14_m14f14_P14_Y9_UO3586,ID14_F14_m14f14_P14_Y7_UO3161,ID14_F14_m14f14_P14_Y4_UO5826,FXX,1,0.0,1,0,1.0,0,0,0,-9999.0,0.779296875,1,P13_CV0,1,2,0,0,2
14,44.246,-122.307,ID14_F14_m14f14_P14_Y9_UO3587,ID14_F14_m14f14_P14_Y7_UO3161,ID14_F14_m14f14_P14_Y4_UO5826,FXX,1,0.0,1,0,1.0,0,0,0,-9999.0,0.779296875,1,P13_CV0,1,2,0,0,2
14,44.246,-122.307,ID14_F14_m14f14_P14_Y9_UO3765,ID14_F14_m14f14_P14_Y7_UO860,ID14_F14_m14f14_P14_Y8_UO6016,MXY,1,0.0,1,0,0.0,0,0,0,-9999.0,0.69140625,1,P13_CV0,1,2,0,1,1
14,44.246,-122.307,ID14_F14_m14f14_P14_Y9_UO3766,ID14_F14_m14f14_P14_Y7_UO860,ID14_F14_m14f14_P14_Y8_UO6016,MXY,1,0.0,1,0,0.0,0,0,0,-9999.0,0.69140625,1,P13_CV0,1,2,0,1,1
14,44.246,-122.307,ID14_F14_m14f14_P14_Y9_UO3768,ID14_F14_m14f14_P14_Y7_UO3161,ID14_F14_m14f14_P14_Y8_UO4913,FXX,1,0.0,1,0,1.0,0,0,0,-9999.0,0.736328125,1,P13_CV0,1,2,0,1,1
14,44.246,-122.307,ID14_F14_m14f14_P14_Y9_UO3769,ID14_F14_m14f14_P14_Y7_UO3161,ID14_F14_m14f14_P14_Y8_UO4913,MXY,1,0.0,1,0,0.0,0,0,0,-9999.0,0.736328125,1,P13_CV0,1,2,0,1,1
14,44.246,-122.307,ID14_F14_m14f14_P14_Y9_UO3771,ID14_F14_m14f14_P14_Y7_UO3161,ID14_F14_m14f14_P14_Y8_UO4913,FXX,1,0.0,1,0,1.0,0,0,0,-9999.0,0.736328125,1,P13_CV0,1,2,0,0,2
14,44.246,-122.307,ID14_F14_m14f14_P14_Y9_UO3774,ID14_F14_m14f14_P14_Y7_UO3161,ID14_F14_m14f14_P14_Y8_UO4913,MXY,1,0.0,1,0,0.0,0,0,0,-9999.0,0.736328125,1,P13_CV0,1,2,0,0,2
14,44.246,-122.307,ID14_F14_m14f14_P14_Y9_UO4017,ID14_F14_m14f14_P14_Y7_UO3995,ID14_F14_m14f14_P14_Y8_UO1778,MXY,1,0.0,1,0,0.0,0,0,0,-9999.0,0.771484375,1,P13_CV0,1,2,0,1,1
14,44.246,-122.307,ID14_F14_m14f14_P14_Y9_UO4019,ID14_F14_m14f14_P14_Y7_UO3995,ID14_F14_m14f14_P14_Y8_UO1778,FXX,1,0.0,1,0,1.0,0,0,0,-9999.0,0.771484375,1,P13_CV0,1,2,0,1,1
14,44.246,-122.307,ID14_F14_m14f14_P14_Y9_UO4020,ID14_F14_m14f14_P14_Y7_UO3995,ID14_F14_m14f14_P14_Y8_UO1778,MXY,1,0.0,1,0,0.0,0,0,0,-9999.0,0.771484375,1,P13_CV0,1,2,0,0,2
14,44.246,-122.307,ID14_F14_m14f14_P14_Y9_UO4021,ID14_F14_m14f14_P14_Y7_UO3995,ID14_F14_m14f14_P14_Y8_UO1778,FXX,1,0.0,1,0,1.0,0,0,0,-9999.0,0.771484375,1,P13_CV0,1,2,0,1,1
14,44.246,-122.307,ID14_F14_m14f14_P14_Y9_UO4022,ID14_F14_m14f14_P14_Y7_UO3995,ID14_F14_m14f14_P14_Y8_UO1778,MXY,1,0.0,1,0,0.0,0,0,0,-9999.0,0.771484375,1,P13_CV0,1,2,0,0,2
14,44.246,-122.307,ID14_F14_m14f14_P14_Y9_UO4023,ID14_F14_m14f14_P14_Y7_UO3995,ID14_F14_m14f14_P14_Y8_UO1778,FXX,1,0.0,1,0,1.0,0,0,0,-9999.0,0.771484375,1,P13_CV0,1,2,0,1,1
14,44.246,-122.307,ID14_F14_m14f14_P14_Y9_UO4025,ID14_F14_m14f14_P14_Y7_UO3995,ID14_F14_m14f14_P14_Y8_UO1778,FXX,1,0.0,1,0,1.0,0,0,0,-9999.0,0.771484375,1,P13_CV0,1,2,0,1,1
14,44.246,-122.307,ID14_F14_m14f14_P14_Y9_UO4028,ID14_F14_m14f14_P14_Y7_UO3995,ID14_F14_m14f14_P14_Y8_UO1778,MXY,1,0.0,1,0,0.0,0,0,0,-9999.0,0.771484375,1,P13_CV0,1,2,0,0,2
14,44.246,-122.307,ID14_F14_m14f14_P14_Y9_UO4032,ID14_F14_m14f14_P14_Y7_UO3995,ID14_F14_m14f14_P14_Y8_UO1778,MXY,1,0.0,1,0,0.0,0,0,0,-9999.0,0.771484375,1,P13_CV0,1,2,0,1,1
14,44.246,-122.307,ID14_F14_m14f14_P14_Y9_UO4666,ID14_F14_m14f14_P14_Y7_UO2485,ID14_F14_m14f14_P14_Y8_UO6528,MXY,1,0.0,1,0,0.0,0,0,0,-9999.0,0.6875,1,P13_CV0,1,2,0,0,2
14,44.246,-122.307,ID14_F14_m14f14_P14_Y9_UO4668,ID14_F14_m14f14_P14_Y7_UO2485,ID14_F14_m14f14_P14_Y8_UO6528,MXY,1,0.0,1,0,0.0,0,0,0,-9999.0,0.6875,1,P13_CV0,1,2,0,0,2
14,44.246,-122.307,ID14_F14_m14f14_P14_Y9_UO4670,ID14_F14_m14f14_P14_Y7_UO855,ID14_F14_m14f14_P14_Y8_UO6485,FXX,1,0.0,1,0,1.0,0,0,0,-9999.0,0.6796875,1,P13_CV0,1,2,0,1,1
14,44.246,-122.307,ID14_F14_m14f14_P14_Y9_UO4671,ID14_F14_m14f14_P14_Y7_UO855,ID14_F14_m14f14_P14_Y8_UO6485,FXX,1,0.0,1,0,1.0,0,0,0,-9999.0,0.6796875,1,P13_CV0,1,2,0,1,1
14,44.246,-122.307,ID14_F14_m14f14_P14_Y9_UO4672,ID14_F14_m14f14_P14_Y7_UO855,ID14_F14_m14f14_P14_Y8_UO6485,MXY,1,0.0,1,0,0.0,0,0,0,-9999.0,0.6796875,1,P13_CV0,1,2,0,1,1
14,44.246,-122.307,ID14_F14_m14f14_P14_Y9_UO4674,ID14_F14_m14f14_P14_Y7_UO855,ID14_F14_m14f14_P14_Y8_UO6485,MXY,1,0.0,1,0,0.0,0,0,0,-9999.0,0.6796875,1,P13_CV0,1,2,0,0,2
14,44.246,-122.307,ID14_F14_m14f14_P14_Y9_UO4676,ID14_F14_m14f14_P14_Y7_UO855,ID14_F14_m14f14_P14_Y8_UO6485,MXY,1,0.0,1,0,0.0,0,0,0,-9999.0,0.6796875,1,P13_CV0,1,2,0,1,1
14,44.246,-122.307,ID14_F14_m14f14_P14_Y9_UO4677,ID14_F14_m14f14_P14_Y7_UO855,ID14_F14_m14f14_P14_Y8_UO6485,MXY,1,0.0,1,0,0.0,0,0,0,-9999.0,0.6796875,1,P13_CV0,1,2,0,1,1
14,44.246,-122.307,ID14_F14_m14f14_P14_Y9_UO4678,ID14_F14_m14f14_P14_Y7_UO855,ID14_F14_m14f14_P14_Y8_UO6485,MXY,1,0.0,1,0,0.0,0,0,0,-9999.0,0.6796875,1,P13_CV0,1,2,0,1,1
14,44.246,-122.307,ID14_F14_m14f14_P14_Y9_UO4679,ID14_F14_m14f14_P14_Y7_UO855,ID14_F14_m14f14_P14_Y8_UO6485,MXY,1,0.0,1,0,0.0,0,0,0,-9999.0,0.6796875,1,P13_CV0,1,2,0,1,1
14,44.246,-122.307,ID14_F14_m14f14_P14_Y9_UO4680,ID14_F14_m14f14_P14_Y7_UO855,ID14_F14_m14f14_P14_Y8_UO6485,FXX,1,0.0,1,0,1.0,0,0,0,-9999.0,0.6796875,1,P13_CV0,1,2,0,2,0
14,44.246,-122.307,ID14_F14_m14f14_P14_Y9_UO4682,ID14_F14_m14f14_P14_Y7_UO855,ID14_F14_m14f14_P14_Y8_UO6485,FXX,1,0.0,1,0,1.0,0,0,0,-9999.0,0.6796875,1,P13_CV0,1,2,0,1,1
14,44.246,-122.307,ID14_F14_m14f14_P14_Y9_UO4683,ID14_F14_m14f14_P14_Y7_UO855,ID14_F14_m14f14_P14_Y8_UO6485,FXX,1,0.0,1,0,1.0,0,0,0,-9999.0,0.6796875,1,P13_CV0,1,2,0,2,0
14,44.246,-122.307,ID14_F14_m14f14_P14_Y9_UO4684,ID14_F14_m14f14_P14_Y7_UO855,ID14_F14_m14f14_P14_Y8_UO6485,FXX,1,0.0,1,0,1.0,0,0,0,-9999.0,0.6796875,1,P13_CV0,1,2,0,0,2
14,44.246,-122.307,ID14_F14_m14f14_P14_Y9_UO4685,ID14_F14_m14f14_P14_Y7_UO855,ID14_F14_m14f14_P14_Y8_UO6485,FXX,1,0.0,1,0,1.0,0,0,0,-9999.0,0.6796875,1,P13_CV0,1,2,0,1,1
14,44.246,-122.307,ID14_F14_m14f14_P14_Y9_UO4726,ID14_F14_m14f14_P14_Y7_UO860,ID14_F14_m14f14_P14_Y8_UO7074,MXY,1,0.0,1,0,0.0,0,0,0,-9999.0,0.63671875,1,P13_CV0,1,2,0,1,1
14,44.246,-122.307,ID14_F14_m14f14_P14_Y9_UO4727,ID14_F14_m14f14_P14_Y7_UO860,ID14_F14_m14f14_P14_Y8_UO7074,MXY,1,0.0,1,0,0.0,0,0,0,-9999.0,0.63671875,1,P13_CV0,1,2,0,2,0
14,44.246,-122.307,ID14_F14_m14f14_P14_Y9_UO4729,ID14_F14_m14f14_P14_Y7_UO860,ID14_F14_m14f14_P14_Y8_UO7074,FXX,1,0.0,1,0,1.0,0,0,0,-9999.0,0.63671875,1,P13_CV0,1,2,0,1,1
14,44.246,-122.307,ID14_F14_m14f14_P14_Y9_UO5038,ID14_F14_m14f14_P14_Y6_UO3610,ID14_F14_m14f14_P14_Y8_UO7074,MXY,1,0.0,1,0,0.0,0,0,0,-9999.0,0.6875,1,P13_CV0,1,2,0,1,1
14,44.246,-122.307,ID14_F14_m14f14_P14_Y9_UO5041,ID14_F14_m14f14_P14_Y6_UO3610,ID14_F14_m14f14_P14_Y8_UO7074,FXX,1,0.0,1,0,1.0,0,0,0,-9999.0,0.6875,1,P13_CV0,1,2,0,1,1
14,44.246,-122.307,ID14_F14_m14f14_P14_Y9_UO5044,ID14_F14_m14f14_P14_Y6_UO3610,ID14_F14_m14f14_P14_Y8_UO7074,MXY,1,0.0,1,0,0.0,0,0,0,-9999.0,0.6875,1,P13_CV0,1,2,0,0,2
14,44.246,-122.307,ID14_F14_m14f14_P14_Y9_UO5045,ID14_F14_m14f14_P14_Y6_UO3610,ID14_F14_m14f14_P14_Y8_UO7074,MXY,1,0.0,1,0,0.0,0,0,0,-9999.0,0.6875,1,P13_CV0,1,2,0,2,0
14,44.246,-122.307,ID14_F14_m14f14_P14_Y9_UO5153,ID14_F14_m14f14_P14_Y6_UO1189,ID14_F14_m14f14_P14_Y7_UO2700,FXX,1,0.0,1,0,1.0,0,0,0,-9999.0,0.734375,1,P13_CV0,1,2,0,1,1
14,44.246,-122.307,ID14_F14_m14f14_P14_Y9_UO5156,ID14_F14_m14f14_P14_Y6_UO1189,ID14_F14_m14f14_P14_Y7_UO2700,FXX,1,0.0,1,0,1.0,0,0,0,-9999.0,0.734375,1,P13_CV0,1,2,0,0,2
14,44.246,-122.307,ID14_F14_m14f14_P14_Y9_UO5158,ID14_F14_m14f14_P14_Y6_UO1189,ID14_F14_m14f14_P14_Y7_UO2700,MXY,1,0.0,1,0,0.0,0,0,0,-9999.0,0.734375,1,P13_CV0,1,2,0,1,1
14,44.246,-122.307,ID14_F14_m14f14_P14_Y9_UO5301,ID14_F14_m14f14_P14_Y7_UO2485,ID14_F14_m14f14_P14_Y7_UO2019,MXY,1,0.0,1,0,0.0,0,0,0,-9999.0,0.62890625,1,P13_CV0,1,2,0,0,2
14,44.246,-122.307,ID14_F14_m14f14_P14_Y9_UO5303,ID14_F14_m14f14_P14_Y7_UO2485,ID14_F14_m14f14_P14_Y7_UO2019,MXY,1,0.0,1,0,0.0,0,0,0,-9999.0,0.62890625,1,P13_CV0,1,2,0,0,2
14,44.246,-122.307,ID14_F14_m14f14_P14_Y9_UO5367,ID14_F14_m14f14_P14_Y6_UO2202,ID14_F14_m14f14_P14_Y8_UO3054,MXY,1,0.0,1,0,0.0,0,0,0,-9999.0,0.689453125,1,P13_CV0,1,2,0,1,1
14,44.246,-122.307,ID14_F14_m14f14_P14_Y9_UO5368,ID14_F14_m14f14_P14_Y6_UO2202,ID14_F14_m14f14_P14_Y8_UO3054,FXX,1,0.0,1,0,1.0,0,0,0,-9999.0,0.689453125,1,P13_CV0,1,2,0,2,0
14,44.246,-122.307,ID14_F14_m14f14_P14_Y9_UO5398,ID14_F14_m14f14_P14_Y7_UO464,ID14_F14_m14f14_P14_Y8_UO4617,FXX,1,0.0,1,0,1.0,0,0,0,-9999.0,0.724609375,1,P13_CV0,1,2,0,1,1
14,44.246,-122.307,ID14_F14_m14f14_P14_Y9_UO5399,ID14_F14_m14f14_P14_Y7_UO464,ID14_F14_m14f14_P14_Y8_UO4617,MXY,1,0.0,1,0,0.0,0,0,0,-9999.0,0.724609375,1,P13_CV0,1,2,0,1,1
14,44.246,-122.307,ID14_F14_m14f14_P14_Y9_UO5401,ID14_F14_m14f14_P14_Y7_UO464,ID14_F14_m14f14_P14_Y8_UO4617,FXX,1,0.0,1,0,1.0,0,0,0,-9999.0,0.724609375,1,P13_CV0,1,2,0,1,1
14,44.246,-122.307,ID14_F14_m14f14_P14_Y9_UO5402,ID14_F14_m14f14_P14_Y7_UO464,ID14_F14_m14f14_P14_Y8_UO4617,MXY,1,0.0,1,0,0.0,0,0,0,-9999.0,0.724609375,1,P13_CV0,1,2,0,1,1
14,44.246,-122.307,ID14_F14_m14f14_P14_Y9_UO5403,ID14_F14_m14f14_P14_Y7_UO464,ID14_F14_m14f14_P14_Y8_UO4617,MXY,1,0.0,1,0,0.0,0,0,0,-9999.0,0.724609375,1,P13_CV0,1,2,0,1,1
14,44.246,-122.307,ID14_F14_m14f14_P14_Y9_UO5404,ID14_F14_m14f14_P14_Y7_UO464,ID14_F14_m14f14_P14_Y8_UO4617,FXX,1,0.0,1,0,1.0,0,0,0,-9999.0,0.724609375,1,P13_CV0,1,2,0,1,1
14,44.246,-122.307,ID14_F14_m14f14_P14_Y9_UO5546,ID14_F14_m14f14_P14_Y7_UO3971,ID14_F14_m14f14_P14_Y8_UO435,FXX,1,0.0,1,0,1.0,0,0,0,-9999.0,0.69921875,1,P13_CV0,1,2,0,0,2
14,44.246,-122.307,ID14_F14_m14f14_P14_Y9_UO5548,ID14_F14_m14f14_P14_Y7_UO3971,ID14_F14_m14f14_P14_Y8_UO435,MXY,1,0.0,1,0,0.0,0,0,0,-9999.0,0.69921875,1,P13_CV0,1,2,0,0,2
14,44.246,-122.307,ID14_F14_m14f14_P14_Y9_UO5549,ID14_F14_m14f14_P14_Y7_UO3971,ID14_F14_m14f14_P14_Y8_UO435,FXX,1,0.0,1,0,1.0,0,0,0,-9999.0,0.69921875,1,P13_CV0,1,2,0,0,2
14,44.246,-122.307,ID14_F14_m14f14_P14_Y9_UO5550,ID14_F14_m14f14_P14_Y7_UO3971,ID14_F14_m14f14_P14_Y8_UO435,MXY,1,0.0,1,0,0.0,0,0,0,-9999.0,0.69921875,1,P13_CV0,1,2,0,0,2
14,44.246,-122.307,ID14_F14_m14f14_P14_Y9_UO5551,ID14_F14_m14f14_P14_Y7_UO3971,ID14_F14_m14f14_P14_Y8_UO435,MXY,1,0.0,1,0,0.0,0,0,0,-9999.0,0.69921875,1,P13_CV0,1,2,0,0,2
14,44.246,-122.307,ID14_F14_m14f14_P14_Y9_UO5554,ID14_F14_m14f14_P14_Y7_UO3971,ID14_F14_m14f14_P14_Y8_UO435,MXY,1,0.0,1,0,0.0,0,0,0,-9999.0,0.69921875,1,P13_CV0,1,2,0,0,2
14,44.246,-122.307,ID14_F14_m14f14_P14_Y9_UO5555,ID14_F14_m14f14_P14_Y7_UO3971,ID14_F14_m14f14_P14_Y8_UO435,FXX,1,0.0,1,0,1.0,0,0,0,-9999.0,0.69921875,1,P13_CV0,1,2,0,0,2
14,44.246,-122.307,ID14_F14_m14f14_P14_Y9_UO5556,ID14_F14_m14f14_P14_Y7_UO3971,ID14_F14_m14f14_P14_Y8_UO435,MXY,1,0.0,1,0,0.0,0,0,0,-9999.0,0.69921875,1,P13_CV0,1,2,0,0,2
14,44.246,-122.307,ID14_F14_m14f14_P14_Y9_UO5558,ID14_F14_m14f14_P14_Y7_UO3971,ID14_F14_m14f14_P14_Y8_UO435,MXY,1,0.0,1,0,0.0,0,0,0,-9999.0,0.69921875,1,P13_CV0,1,2,0,0,2
14,44.246,-122.307,ID14_F14_m14f14_P14_Y9_UO5582,ID14_F14_m14f14_P14_Y7_UO4946,ID14_F14_m14f14_P14_Y6_UO5280,MXY,1,0.0,1,0,0.0,0,0,0,-9999.0,0.7275390625,1,P13_CV0,1,2,0,1,1
14,44.246,-122.307,ID14_F14_m14f14_P14_Y9_UO5583,ID14_F14_m14f14_P14_Y7_UO4946,ID14_F14_m14f14_P14_Y6_UO5280,MXY,1,0.0,1,0,0.0,0,0,0,-9999.0,0.7275390625,1,P13_CV0,1,2,0,2,0
14,44.246,-122.307,ID14_F14_m14f14_P14_Y9_UO5585,ID14_F14_m14f14_P14_Y7_UO4946,ID14_F14_m14f14_P14_Y6_UO5280,FXX,1,0.0,1,0,1.0,0,0,0,-9999.0,0.7275390625,1,P13_CV0,1,2,0,2,0
14,44.246,-122.307,ID14_F14_m14f14_P14_Y9_UO5587,ID14_F14_m14f14_P14_Y7_UO4946,ID14_F14_m14f14_P14_Y6_UO5280,FXX,1,0.0,1,0,1.0,0,0,0,-9999.0,0.7275390625,1,P13_CV0,1,2,0,2,0
14,44.246,-122.307,ID14_F14_m14f14_P14_Y9_UO5906,ID14_F14_m14f14_P14_Y4_UO5714,ID14_F14_m14f14_P14_Y8_UO7072,FXX,1,0.0,1,0,1.0,0,0,0,-9999.0,0.7275390625,1,P13_CV0,1,2,0,2,0
14,44.246,-122.307,ID14_F14_m14f14_P14_Y9_UO5907,ID14_F14_m14f14_P14_Y4_UO5714,ID14_F14_m14f14_P14_Y8_UO7072,MXY,1,0.0,1,0,0.0,0,0,0,-9999.0,0.7275390625,1,P13_CV0,1,2,0,1,1
14,44.246,-122.307,ID14_F14_m14f14_P14_Y9_UO5908,ID14_F14_m14f14_P14_Y4_UO5714,ID14_F14_m14f14_P14_Y8_UO7072,FXX,1,0.0,1,0,1.0,0,0,0,-9999.0,0.7275390625,1,P13_CV0,1,2,0,1,1
14,44.246,-122.307,ID14_F14_m14f14_P14_Y9_UO5910,ID14_F14_m14f14_P14_Y4_UO5714,ID14_F14_m14f14_P14_Y8_UO7072,FXX,1,0.0,1,0,1.0,0,0,0,-9999.0,0.7275390625,1,P13_CV0,1,2,0,2,0
14,44.246,-122.307,ID14_F14_m14f14_P14_Y8_UO3062,ID14_F14_m14f14_P14_Y6_UO7321,ID14_F14_m14f14_P14_Y5_UO589,FXX,2,0.0,1,0,1.0,0,0,0,-9999.0,0.68359375,1,P13_CV0,1,2,0,0,2
14,44.246,-122.307,ID14_F14_m14f14_P14_Y8_UO5191,ID14_F14_m14f14_P14_Y4_UO5819,ID14_F14_m14f14_P14_Y7_UO2022,FXX,2,0.0,1,0,1.0,0,0,0,-9999.0,0.705078125,1,P13_CV0,1,2,0,2,0
14,44.246,-122.307,ID14_F14_m14f14_P14_Y8_UO6619,ID14_F14_m14f14_P14_Y6_UO3932,ID14_F14_m14f14_P14_Y7_UO5530,FXX,2,0.0,1,0,1.0,0,0,0,-9999.0,0.72265625,1,P13_CV0,1,2,0,0,2
14,44.246,-122.307,ID14_F14_m14f14_P14_Y8_UO3301,ID14_F14_m14f14_P14_Y6_UO366,ID14_F14_m14f14_P14_Y7_UO825,MXY,2,0.0,1,0,0.0,0,0,0,-9999.0,0.67578125,1,P13_CV0,1,2,0,0,2
14,44.246,-122.307,ID14_F14_m14f14_P14_Y8_UO350,ID14_F14_m14f14_P14_Y6_UO366,ID14_F14_m14f14_P14_Y5_UO3649,MXY,2,0.0,1,0,0.0,0,0,0,-9999.0,0.6484375,1,P13_CV0,1,2,0,2,0
14,44.246,-122.307,ID14_F14_m14f14_P14_Y8_UO5164,ID14_F14_m14f14_P14_Y5_UO447,ID14_F14_m14f14_P14_Y7_UO4593,FXX,2,0.0,1,0,1.0,0,0,0,-9999.0,0.61328125,1,P13_CV0,1,2,0,1,1
14,44.246,-122.307,ID14_F14_m14f14_P14_Y8_UO5858,ID14_F14_m14f14_P14_Y6_UO7000,ID14_F14_m14f14_P14_Y6_UO5144,FXX,2,0.0,1,0,1.0,0,0,0,-9999.0,0.69921875,1,P13_CV0,1,2,0,1,1
14,44.246,-122.307,ID14_F14_m14f14_P14_Y8_UO595,ID14_F14_m14f14_P14_Y6_UO373,ID14_F14_m14f14_P14_Y7_UO1504,FXX,2,0.0,1,0,1.0,0,0,0,-9999.0,0.7265625,1,P13_CV0,1,2,0,1,1
14,44.246,-122.307,ID14_F14_m14f14_P14_Y8_UO351,ID14_F14_m14f14_P14_Y6_UO366,ID14_F14_m14f14_P14_Y5_UO3649,FXX,2,0.0,1,0,1.0,0,0,0,-9999.0,0.6484375,1,P13_CV0,1,2,0,1,1
14,44.246,-122.307,ID14_F14_m14f14_P14_Y8_UO815,ID14_F14_m14f14_P14_Y6_UO6095,ID14_F14_m14f14_P14_Y7_UO977,FXX,2,0.0,1,0,1.0,0,0,0,-9999.0,0.71875,1,P13_CV0,1,2,0,1,1
14,44.246,-122.307,ID14_F14_m14f14_P14_Y8_UO3913,ID14_F14_m14f14_P14_Y6_UO7002,ID14_F14_m14f14_P14_Y7_UO3417,FXX,2,0.0,1,0,1.0,0,0,0,-9999.0,0.681640625,1,P13_CV0,1,2,0,1,1
14,44.246,-122.307,ID14_F14_m14f14_P14_Y8_UO290,ID14_F14_m14f14_P14_Y6_UO5972,ID14_F14_m14f14_P14_Y6_UO1636,FXX,2,0.0,1,0,1.0,0,0,0,-9999.0,0.69921875,1,P13_CV0,1,2,0,1,1
14,44.246,-122.307,ID14_F14_m14f14_P14_Y8_UO4514,ID14_F14_m14f14_P14_Y5_UO1438,ID14_F14_m14f14_P14_Y7_UO2666,FXX,2,0.0,1,0,1.0,0,0,0,-9999.0,0.67578125,1,P13_CV0,1,2,0,2,0
14,44.246,-122.307,ID14_F14_m14f14_P14_Y8_UO2929,ID14_F14_m14f14_P14_Y6_UO6308,ID14_F14_m14f14_P14_Y6_UO750,FXX,2,0.0,1,0,1.0,0,0,0,-9999.0,0.6171875,1,P13_CV0,1,2,0,2,0
14,44.246,-122.307,ID14_F14_m14f14_P14_Y8_UO814,ID14_F14_m14f14_P14_Y6_UO6095,ID14_F14_m14f14_P14_Y7_UO977,MXY,2,0.0,1,0,0.0,0,0,0,-9999.0,0.71875,1,P13_CV0,1,2,0,1,1
14,44.246,-122.307,ID14_F14_m14f14_P14_Y8_UO5854,ID14_F14_m14f14_P14_Y6_UO7000,ID14_F14_m14f14_P14_Y6_UO5144,FXX,2,0.0,1,0,1.0,0,0,0,-9999.0,0.69921875,1,P13_CV0,1,2,0,2,0
14,44.246,-122.307,ID14_F14_m14f14_P14_Y8_UO793,ID14_F14_m14f14_P14_Y6_UO6095,ID14_F14_m14f14_P14_Y7_UO1504,FXX,2,0.0,1,0,1.0,0,0,0,-9999.0,0.7421875,1,P13_CV0,1,2,0,0,2
14,44.246,-122.307,ID14_F14_m14f14_P14_Y8_UO5265,ID14_F14_m14f14_P14_Y5_UO1901,ID14_F14_m14f14_P14_Y6_UO5280,MXY,2,0.0,1,0,0.0,0,0,0,-9999.0,0.72265625,1,P13_CV0,1,2,0,1,1
14,44.246,-122.307,ID14_F14_m14f14_P14_Y8_UO5190,ID14_F14_m14f14_P14_Y4_UO5819,ID14_F14_m14f14_P14_Y7_UO2022,FXX,2,0.0,1,0,1.0,0,0,0,-9999.0,0.705078125,1,P13_CV0,1,2,0,2,0
14,44.246,-122.307,ID14_F14_m14f14_P14_Y8_UO4394,ID14_F14_m14f14_P14_Y6_UO5305,ID14_F14_m14f14_P14_Y7_UO143,FXX,2,0.0,1,0,1.0,0,0,0,-9999.0,0.76171875,1,P13_CV0,1,2,0,1,1
14,44.246,-122.307,ID14_F14_m14f14_P14_Y8_UO2316,ID14_F14_m14f14_P14_Y5_UO4681,ID14_F14_m14f14_P14_Y7_UO2907,FXX,2,0.0,1,0,1.0,0,0,0,-9999.0,0.75,1,P13_CV0,1,2,0,1,1
14,44.246,-122.307,ID14_F14_m14f14_P14_Y8_UO6545,ID14_F14_m14f14_P14_Y6_UO3058,ID14_F14_m14f14_P14_Y7_UO2907,MXY,2,0.0,1,0,0.0,0,0,0,-9999.0,0.74609375,1,P13_CV0,1,2,0,0,2
14,44.246,-122.307,ID14_F14_m14f14_P14_Y8_UO2696,ID14_F14_m14f14_P14_Y6_UO3743,ID14_F14_m14f14_P14_Y7_UO2902,MXY,2,0.0,1,0,0.0,0,0,0,-9999.0,0.76171875,1,P13_CV0,1,2,0,2,0
14,44.246,-122.307,ID14_F14_m14f14_P14_Y8_UO295,ID14_F14_m14f14_P14_Y6_UO5972,ID14_F14_m14f14_P14_Y6_UO1636,MXY,2,0.0,1,0,0.0,0,0,0,-9999.0,0.69921875,1,P13_CV0,1,2,0,1,1
14,44.246,-122.307,ID14_F14_m14f14_P14_Y8_UO5855,ID14_F14_m14f14_P14_Y6_UO7000,ID14_F14_m14f14_P14_Y6_UO5144,MXY,2,0.0,1,0,0.0,0,0,0,-9999.0,0.69921875,1,P13_CV0,1,2,0,0,2
14,44.246,-122.307,ID14_F14_m14f14_P14_Y8_UO1778,ID14_F14_m14f14_P14_Y6_UO7001,ID14_F14_m14f14_P14_Y4_UO2851,MXY,2,0.0,1,0,0.0,0,0,0,-9999.0,0.765625,1,P13_CV0,1,2,0,0,2
14,44.246,-122.307,ID14_F14_m14f14_P14_Y8_UO2406,ID14_F14_m14f14_P14_Y4_UO714,ID14_F14_m14f14_P14_Y7_UO2019,FXX,2,0.0,1,0,1.0,0,0,0,-9999.0,0.712890625,1,P13_CV0,1,2,0,0,2
14,44.246,-122.307,ID14_F14_m14f14_P14_Y8_UO1780,ID14_F14_m14f14_P14_Y6_UO7001,ID14_F14_m14f14_P14_Y4_UO2851,MXY,2,0.0,1,0,0.0,0,0,0,-9999.0,0.765625,1,P13_CV0,1,2,0,1,1
14,44.246,-122.307,ID14_F14_m14f14_P14_Y8_UO3594,ID14_F14_m14f14_P14_Y6_UO365,ID14_F14_m14f14_P14_Y7_UO1235,FXX,2,0.0,1,0,1.0,0,0,0,-9999.0,0.7109375,1,P13_CV0,1,2,0,2,0
14,44.246,-122.307,ID14_F14_m14f14_P14_Y8_UO1204,ID14_F14_m14f14_P14_Y5_UO4690,ID14_F14_m14f14_P14_Y7_UO4604,MXY,2,0.0,1,0,0.0,0,0,0,-9999.0,0.6796875,1,P13_CV0,1,2,0,0,2
14,44.246,-122.307,ID14_F14_m14f14_P14_Y8_UO6530,ID14_F14_m14f14_P14_Y5_UO3654,ID14_F14_m14f14_P14_Y7_UO2907,MXY,2,0.0,1,0,0.0,0,0,0,-9999.0,0.71484375,1,P13_CV0,1,2,0,1,1
14,44.246,-122.307,ID14_F14_m14f14_P14_Y8_UO294,ID14_F14_m14f14_P14_Y6_UO5972,ID14_F14_m14f14_P14_Y6_UO1636,FXX,2,0.0,1,0,1.0,0,0,0,-9999.0,0.69921875,1,P13_CV0,1,2,0,1,1
14,44.246,-122.307,ID14_F14_m14f14_P14_Y8_UO594,ID14_F14_m14f14_P14_Y6_UO373,ID14_F14_m14f14_P14_Y7_UO1504,MXY,2,0.0,1,0,0.0,0,0,0,-9999.0,0.7265625,1,P13_CV0,1,2,0,1,1
14,44.246,-122.307,ID14_F14_m14f14_P14_Y8_UO6570,ID14_F14_m14f14_P14_Y5_UO134,ID14_F14_m14f14_P14_Y7_UO1501,FXX,2,0.0,1,0,1.0,0,0,0,-9999.0,0.734375,1,P13_CV0,1,2,0,1,1
14,44.246,-122.307,ID14_F14_m14f14_P14_Y8_UO3297,ID14_F14_m14f14_P14_Y6_UO366,ID14_F14_m14f14_P14_Y7_UO825,FXX,2,0.0,1,0,1.0,0,0,0,-9999.0,0.67578125,1,P13_CV0,1,2,0,0,2
14,44.246,-122.307,ID14_F14_m14f14_P14_Y8_UO6528,ID14_F14_m14f14_P14_Y5_UO3654,ID14_F14_m14f14_P14_Y7_UO2907,MXY,2,0.0,1,0,0.0,0,0,0,-9999.0,0.71484375,1,P13_CV0,1,2,0,0,2
14,44.246,-122.307,ID14_F14_m14f14_P14_Y8_UO6432,ID14_F14_m14f14_P14_Y6_UO4541,ID14_F14_m14f14_P14_Y6_UO5933,MXY,2,0.0,1,0,0.0,0,0,0,-9999.0,0.796875,1,P13_CV0,1,2,0,1,1
14,44.246,-122.307,ID14_F14_m14f14_P14_Y8_UO491,ID14_F14_m14f14_P14_Y6_UO5311,ID14_F14_m14f14_P14_Y7_UO5531,MXY,2,0.0,1,0,0.0,0,0,0,-9999.0,0.7734375,1,P13_CV0,1,2,0,0,2
14,44.246,-122.307,ID14_F14_m14f14_P14_Y8_UO6620,ID14_F14_m14f14_P14_Y6_UO3932,ID14_F14_m14f14_P14_Y7_UO5530,FXX,2,0.0,1,0,1.0,0,0,0,-9999.0,0.72265625,1,P13_CV0,1,2,0,1,1
14,44.246,-122.307,ID14_F14_m14f14_P14_Y8_UO380,ID14_F14_m14f14_P14_Y5_UO1145,ID14_F14_m14f14_P14_Y7_UO561,FXX,2,0.0,1,0,1.0,0,0,0,-9999.0,0.7578125,1,P13_CV0,1,2,0,1,1
14,44.246,-122.307,ID14_F14_m14f14_P14_Y8_UO6485,ID14_F14_m14f14_P14_Y6_UO5934,ID14_F14_m14f14_P14_Y4_UO4948,MXY,2,0.0,1,0,0.0,0,0,0,-9999.0,0.6875,1,P13_CV0,1,2,0,1,1
14,44.246,-122.307,ID14_F14_m14f14_P14_Y8_UO792,ID14_F14_m14f14_P14_Y6_UO6095,ID14_F14_m14f14_P14_Y7_UO1504,MXY,2,0.0,1,0,0.0,0,0,0,-9999.0,0.7421875,1,P13_CV0,1,2,0,0,2
14,44.246,-122.307,ID14_F14_m14f14_P14_Y8_UO6437,ID14_F14_m14f14_P14_Y6_UO4541,ID14_F14_m14f14_P14_Y6_UO5933,FXX,2,0.0,1,0,1.0,0,0,0,-9999.0,0.796875,1,P13_CV0,1,2,0,0,2
14,44.246,-122.307,ID14_F14_m14f14_P14_Y8_UO1779,ID14_F14_m14f14_P14_Y6_UO7001,ID14_F14_m14f14_P14_Y4_UO2851,FXX,2,0.0,1,0,1.0,0,0,0,-9999.0,0.765625,1,P13_CV0,1,2,0,0,2
14,44.246,-122.307,ID14_F14_m14f14_P14_Y8_UO6624,ID14_F14_m14f14_P14_Y6_UO3932,ID14_F14_m14f14_P14_Y7_UO5530,MXY,2,0.0,1,0,0.0,0,0,0,-9999.0,0.72265625,1,P13_CV0,1,2,0,1,1
14,44.246,-122.307,ID14_F14_m14f14_P14_Y8_UO6486,ID14_F14_m14f14_P14_Y6_UO5934,ID14_F14_m14f14_P14_Y4_UO4948,FXX,2,0.0,1,0,1.0,0,0,0,-9999.0,0.6875,1,P13_CV0,1,2,0,1,1
14,44.246,-122.307,ID14_F14_m14f14_P14_Y8_UO2607,ID14_F14_m14f14_P14_Y6_UO1462,ID14_F14_m14f14_P14_Y7_UO5530,MXY,2,0.0,1,0,0.0,0,0,0,-9999.0,0.7578125,1,P13_CV0,1,2,0,1,1
14,44.246,-122.307,ID14_F14_m14f14_P14_Y8_UO435,ID14_F14_m14f14_P14_Y4_UO5821,ID14_F14_m14f14_P14_Y6_UO1950,MXY,2,0.0,1,0,0.0,0,0,0,-9999.0,0.7421875,1,P13_CV0,1,2,0,0,2
14,44.246,-122.307,ID14_F14_m14f14_P14_Y8_UO795,ID14_F14_m14f14_P14_Y6_UO6095,ID14_F14_m14f14_P14_Y7_UO1504,FXX,2,0.0,1,0,1.0,0,0,0,-9999.0,0.7421875,1,P13_CV0,1,2,0,0,2
14,44.246,-122.307,ID14_F14_m14f14_P14_Y8_UO2274,ID14_F14_m14f14_P14_Y6_UO365,ID14_F14_m14f14_P14_Y5_UO1856,FXX,2,0.0,1,0,1.0,0,0,0,-9999.0,0.7109375,1,P13_CV0,1,2,0,0,2
14,44.246,-122.307,ID14_F14_m14f14_P14_Y8_UO6623,ID14_F14_m14f14_P14_Y6_UO3932,ID14_F14_m14f14_P14_Y7_UO5530,FXX,2,0.0,1,0,1.0,0,0,0,-9999.0,0.72265625,1,P13_CV0,1,2,0,1,1
14,44.246,-122.307,ID14_F14_m14f14_P14_Y8_UO400,ID14_F14_m14f14_P14_Y5_UO4081,ID14_F14_m14f14_P14_Y7_UO2324,FXX,2,0.0,1,0,1.0,0,0,0,-9999.0,0.7265625,1,P13_CV0,1,2,0,0,2
14,44.246,-122.307,ID14_F14_m14f14_P14_Y8_UO2470,ID14_F14_m14f14_P14_Y5_UO3267,ID14_F14_m14f14_P14_Y6_UO1950,FXX,2,0.0,1,0,1.0,0,0,0,-9999.0,0.6171875,1,P13_CV0,1,2,0,1,1
14,44.246,-122.307,ID14_F14_m14f14_P14_Y8_UO1207,ID14_F14_m14f14_P14_Y5_UO4690,ID14_F14_m14f14_P14_Y7_UO4604,MXY,2,0.0,1,0,0.0,0,0,0,-9999.0,0.6796875,1,P13_CV0,1,2,0,0,2
14,44.246,-122.307,ID14_F14_m14f14_P14_Y8_UO6433,ID14_F14_m14f14_P14_Y6_UO4541,ID14_F14_m14f14_P14_Y6_UO5933,FXX,2,0.0,1,0,1.0,0,0,0,-9999.0,0.796875,1,P13_CV0,1,2,0,0,2
14,44.246,-122.307,ID14_F14_m14f14_P14_Y8_UO2399,ID14_F14_m14f14_P14_Y4_UO5714,ID14_F14_m14f14_P14_Y7_UO2692,FXX,2,0.0,1,0,1.0,0,0,0,-9999.0,0.779296875,1,P13_CV0,1,2,0,0,2
14,44.246,-122.307,ID14_F14_m14f14_P14_Y8_UO2490,ID14_F14_m14f14_P14_Y6_UO3610,ID14_F14_m14f14_P14_Y7_UO2984,FXX,2,0.0,1,0,1.0,0,0,0,-9999.0,0.75390625,1,P13_CV0,1,2,0,1,1
14,44.246,-122.307,ID14_F14_m14f14_P14_Y8_UO2609,ID14_F14_m14f14_P14_Y6_UO1462,ID14_F14_m14f14_P14_Y7_UO5530,MXY,2,0.0,1,0,0.0,0,0,0,-9999.0,0.7578125,1,P13_CV0,1,2,0,2,0
14,44.246,-122.307,ID14_F14_m14f14_P14_Y8_UO3063,ID14_F14_m14f14_P14_Y6_UO7321,ID14_F14_m14f14_P14_Y5_UO589,FXX,2,0.0,1,0,1.0,0,0,0,-9999.0,0.68359375,1,P13_CV0,1,2,0,1,1
14,44.246,-122.307,ID14_F14_m14f14_P14_Y8_UO4035,ID14_F14_m14f14_P14_Y6_UO1191,ID14_F14_m14f14_P14_Y6_UO2199,FXX,2,0.0,1,0,1.0,0,0,0,-9999.0,0.68359375,1,P13_CV0,1,2,0,0,2
14,44.246,-122.307,ID14_F14_m14f14_P14_Y8_UO2957,ID14_F14_m14f14_P14_Y6_UO1885,ID14_F14_m14f14_P14_Y7_UO5531,MXY,2,0.0,1,0,0.0,0,0,0,-9999.0,0.7578125,1,P13_CV0,1,2,0,0,2
14,44.246,-122.307,ID14_F14_m14f14_P14_Y8_UO2401,ID14_F14_m14f14_P14_Y4_UO5714,ID14_F14_m14f14_P14_Y7_UO2692,MXY,2,0.0,1,0,0.0,0,0,0,-9999.0,0.779296875,1,P13_CV0,1,2,0,1,1
14,44.246,-122.307,ID14_F14_m14f14_P14_Y8_UO6952,ID14_F14_m14f14_P14_Y6_UO3412,ID14_F14_m14f14_P14_Y7_UO2993,FXX,2,0.0,1,0,1.0,0,0,0,-9999.0,0.67578125,1,P13_CV0,1,2,0,1,1
14,44.246,-122.307,ID14_F14_m14f14_P14_Y8_UO289,ID14_F14_m14f14_P14_Y6_UO5972,ID14_F14_m14f14_P14_Y6_UO1636,FXX,2,0.0,1,0,1.0,0,0,0,-9999.0,0.69921875,1,P13_CV0,1,2,0,1,1
14,44.246,-122.307,ID14_F14_m14f14_P14_Y8_UO3646,ID14_F14_m14f14_P14_Y6_UO7008,ID14_F14_m14f14_P14_Y7_UO2907,MXY,2,0.0,1,0,0.0,0,0,0,-9999.0,0.74609375,1,P13_CV0,1,2,0,2,0
14,44.246,-122.307,ID14_F14_m14f14_P14_Y8_UO3069,ID14_F14_m14f14_P14_Y6_UO7321,ID14_F14_m14f14_P14_Y5_UO589,MXY,2,0.0,1,0,0.0,0,0,0,-9999.0,0.68359375,1,P13_CV0,1,2,0,1,1
14,44.246,-122.307,ID14_F14_m14f14_P14_Y8_UO5671,ID14_F14_m14f14_P14_Y6_UO1462,ID14_F14_m14f14_P14_Y6_UO3927,FXX,2,0.0,1,0,1.0,0,0,0,-9999.0,0.76171875,1,P13_CV0,1,2,0,0,2
14,44.246,-122.307,ID14_F14_m14f14_P14_Y8_UO2056,ID14_F14_m14f14_P14_Y5_UO5185,ID14_F14_m14f14_P14_Y7_UO4870,FXX,2,0.0,1,0,1.0,0,0,0,-9999.0,0.8203125,1,P13_CV0,1,2,0,2,0
14,44.246,-122.307,ID14_F14_m14f14_P14_Y8_UO1776,ID14_F14_m14f14_P14_Y5_UO3267,ID14_F14_m14f14_P14_Y7_UO4944,FXX,2,0.0,1,0,1.0,0,0,0,-9999.0,0.6845703125,1,P13_CV0,1,2,0,1,1
14,44.246,-122.307,ID14_F14_m14f14_P14_Y8_UO1366,ID14_F14_m14f14_P14_Y6_UO5793,ID14_F14_m14f14_P14_Y7_UO1504,FXX,2,0.0,1,0,1.0,0,0,0,-9999.0,0.703125,1,P13_CV0,1,2,0,1,1
14,44.246,-122.307,ID14_F14_m14f14_P14_Y8_UO4883,ID14_F14_m14f14_P14_Y6_UO609,ID14_F14_m14f14_P14_Y6_UO4537,FXX,2,0.0,1,0,1.0,0,0,0,-9999.0,0.69140625,1,P13_CV0,1,2,0,1,1
14,44.246,-122.307,ID14_F14_m14f14_P14_Y8_UO5856,ID14_F14_m14f14_P14_Y6_UO7000,ID14_F14_m14f14_P14_Y6_UO5144,MXY,2,0.0,1,0,0.0,0,0,0,-9999.0,0.69921875,1,P13_CV0,1,2,0,1,1
14,44.246,-122.307,ID14_F14_m14f14_P14_Y8_UO2923,ID14_F14_m14f14_P14_Y6_UO6308,ID14_F14_m14f14_P14_Y6_UO750,FXX,2,0.0,1,0,1.0,0,0,0,-9999.0,0.6171875,1,P13_CV0,1,2,0,1,1
14,44.246,-122.307,ID14_F14_m14f14_P14_Y8_UO3645,ID14_F14_m14f14_P14_Y6_UO7008,ID14_F14_m14f14_P14_Y7_UO2907,MXY,2,0.0,1,0,0.0,0,0,0,-9999.0,0.74609375,1,P13_CV0,1,2,0,2,0
14,44.246,-122.307,ID14_F14_m14f14_P14_Y8_UO3067,ID14_F14_m14f14_P14_Y6_UO7321,ID14_F14_m14f14_P14_Y5_UO589,MXY,2,0.0,1,0,0.0,0,0,0,-9999.0,0.68359375,1,P13_CV0,1,2,0,0,2
14,44.246,-122.307,ID14_F14_m14f14_P14_Y8_UO1490,ID14_F14_m14f14_P14_Y5_UO3451,ID14_F14_m14f14_P14_Y6_UO2200,MXY,2,0.0,1,0,0.0,0,0,0,-9999.0,0.7578125,1,P13_CV0,1,2,0,1,1
14,44.246,-122.307,ID14_F14_m14f14_P14_Y8_UO2275,ID14_F14_m14f14_P14_Y6_UO365,ID14_F14_m14f14_P14_Y5_UO1856,MXY,2,0.0,1,0,0.0,0,0,0,-9999.0,0.7109375,1,P13_CV0,1,2,0,1,1
14,44.246,-122.307,ID14_F14_m14f14_P14_Y8_UO3593,ID14_F14_m14f14_P14_Y6_UO365,ID14_F14_m14f14_P14_Y7_UO1235,MXY,2,0.0,1,0,0.0,0,0,0,-9999.0,0.7109375,1,P13_CV0,1,2,0,2,0
14,44.246,-122.307,ID14_F14_m14f14_P14_Y8_UO6438,ID14_F14_m14f14_P14_Y6_UO4541,ID14_F14_m14f14_P14_Y6_UO5933,MXY,2,0.0,1,0,0.0,0,0,0,-9999.0,0.796875,1,P13_CV0,1,2,0,0,2
14,44.246,-122.307,ID14_F14_m14f14_P14_Y8_UO5263,ID14_F14_m14f14_P14_Y5_UO1901,ID14_F14_m14f14_P14_Y6_UO5280,MXY,2,0.0,1,0,0.0,0,0,0,-9999.0,0.72265625,1,P13_CV0,1,2,0,1,1
14,44.246,-122.307,ID14_F14_m14f14_P14_Y8_UO3595,ID14_F14_m14f14_P14_Y6_UO365,ID14_F14_m14f14_P14_Y7_UO1235,FXX,2,0.0,1,0,1.0,0,0,0,-9999.0,0.7109375,1,P13_CV0,1,2,0,1,1
14,44.246,-122.307,ID14_F14_m14f14_P14_Y8_UO2402,ID14_F14_m14f14_P14_Y4_UO5714,ID14_F14_m14f14_P14_Y7_UO2692,MXY,2,0.0,1,0,0.0,0,0,0,-9999.0,0.779296875,1,P13_CV0,1,2,0,1,1
14,44.246,-122.307,ID14_F14_m14f14_P14_Y8_UO4913,ID14_F14_m14f14_P14_Y5_UO3451,ID14_F14_m14f14_P14_Y7_UO554,MXY,2,0.0,1,0,0.0,0,0,0,-9999.0,0.7890625,1,P13_CV0,1,2,0,1,1
14,44.246,-122.307,ID14_F14_m14f14_P14_Y8_UO6542,ID14_F14_m14f14_P14_Y6_UO3058,ID14_F14_m14f14_P14_Y7_UO2907,MXY,2,0.0,1,0,0.0,0,0,0,-9999.0,0.74609375,1,P13_CV0,1,2,0,0,2
14,44.246,-122.307,ID14_F14_m14f14_P14_Y8_UO5264,ID14_F14_m14f14_P14_Y5_UO1901,ID14_F14_m14f14_P14_Y6_UO5280,FXX,2,0.0,1,0,1.0,0,0,0,-9999.0,0.72265625,1,P13_CV0,1,2,0,1,1
14,44.246,-122.307,ID14_F14_m14f14_P14_Y8_UO378,ID14_F14_m14f14_P14_Y5_UO1145,ID14_F14_m14f14_P14_Y7_UO561,MXY,2,0.0,1,0,0.0,0,0,0,-9999.0,0.7578125,1,P13_CV0,1,2,0,0,2
14,44.246,-122.307,ID14_F14_m14f14_P14_Y8_UO1493,ID14_F14_m14f14_P14_Y6_UO2204,ID14_F14_m14f14_P14_Y7_UO4944,MXY,2,0.0,1,0,0.0,0,0,0,-9999.0,0.7080078125,1,P13_CV0,1,2,0,1,1
14,44.246,-122.307,ID14_F14_m14f14_P14_Y8_UO4392,ID14_F14_m14f14_P14_Y6_UO5305,ID14_F14_m14f14_P14_Y7_UO143,MXY,2,0.0,1,0,0.0,0,0,0,-9999.0,0.76171875,1,P13_CV0,1,2,0,1,1
14,44.246,-122.307,ID14_F14_m14f14_P14_Y8_UO1488,ID14_F14_m14f14_P14_Y5_UO3451,ID14_F14_m14f14_P14_Y6_UO2200,FXX,2,0.0,1,0,1.0,0,0,0,-9999.0,0.7578125,1,P13_CV0,1,2,0,2,0
14,44.246,-122.307,ID14_F14_m14f14_P14_Y8_UO6611,ID14_F14_m14f14_P14_Y6_UO7008,ID14_F14_m14f14_P14_Y7_UO3192,MXY,2,0.0,1,0,0.0,0,0,0,-9999.0,0.71875,1,P13_CV0,1,2,0,2,0
14,44.246,-122.307,ID14_F14_m14f14_P14_Y8_UO4036,ID14_F14_m14f14_P14_Y6_UO1191,ID14_F14_m14f14_P14_Y6_UO2199,MXY,2,0.0,1,0,0.0,0,0,0,-9999.0,0.68359375,1,P13_CV0,1,2,0,0,2
14,44.246,-122.307,ID14_F14_m14f14_P14_Y8_UO6431,ID14_F14_m14f14_P14_Y6_UO4541,ID14_F14_m14f14_P14_Y6_UO5933,MXY,2,0.0,1,0,0.0,0,0,0,-9999.0,0.796875,1,P13_CV0,1,2,0,1,1
14,44.246,-122.307,ID14_F14_m14f14_P14_Y8_UO1863,ID14_F14_m14f14_P14_Y5_UO120,ID14_F14_m14f14_P14_Y7_UO2661,MXY,2,0.0,1,0,0.0,0,0,0,-9999.0,0.70703125,1,P13_CV0,1,2,0,0,2
14,44.246,-122.307,ID14_F14_m14f14_P14_Y8_UO4398,ID14_F14_m14f14_P14_Y6_UO5305,ID14_F14_m14f14_P14_Y7_UO143,MXY,2,0.0,1,0,0.0,0,0,0,-9999.0,0.76171875,1,P13_CV0,1,2,0,2,0
14,44.246,-122.307,ID14_F14_m14f14_P14_Y7_UO3162,ID14_F14_m14f14_P14_Y5_UO4692,ID14_F14_m14f14_P14_Y6_UO6312,MXY,3,0.0,1,0,0.0,0,0,0,-9999.0,0.68359375,1,P13_CV0,1,2,0,0,2
14,44.246,-122.307,ID14_F14_m14f14_P14_Y7_UO553,ID14_F14_m14f14_P14_Y5_UO2285,ID14_F14_m14f14_P14_Y6_UO6737,MXY,3,0.0,1,0,0.0,0,0,0,-9999.0,0.734375,1,P13_CV0,1,2,0,1,1
14,44.246,-122.307,ID14_F14_m14f14_P14_Y7_UO2716,ID14_F14_m14f14_P14_Y5_UO129,ID14_F14_m14f14_P14_Y5_UO4286,FXX,3,0.0,1,0,1.0,0,0,0,-9999.0,0.6640625,1,P13_CV0,1,2,0,1,1
14,44.246,-122.307,ID14_F14_m14f14_P14_Y7_UO3995,ID14_F14_m14f14_P14_Y3_UO2746,ID14_F14_m14f14_P14_Y6_UO3607,FXX,3,0.0,1,0,1.0,0,0,0,-9999.0,0.77734375,1,P13_CV0,1,2,0,1,1
14,44.246,-122.307,ID14_F14_m14f14_P14_Y7_UO3698,ID14_F14_m14f14_P14_Y4_UO5941,ID14_F14_m14f14_P14_Y6_UO1634,FXX,3,0.0,1,0,1.0,0,0,0,-9999.0,0.640625,1,P13_CV0,1,2,0,1,1
14,44.246,-122.307,ID14_F14_m14f14_P14_Y7_UO3295,ID14_F14_m14f14_P14_Y4_UO5819,ID14_F14_m14f14_P14_Y5_UO127,MXY,3,0.0,1,0,0.0,0,0,0,-9999.0,0.765625,1,P13_CV0,1,2,0,1,1
14,44.246,-122.307,ID14_F14_m14f14_P14_Y7_UO139,ID14_F14_m14f14_P14_Y4_UO4498,ID14_F14_m14f14_P14_Y6_UO6312,FXX,3,0.0,1,0,1.0,0,0,0,-9999.0,0.6953125,1,P13_CV0,1,2,0,2,0
14,44.246,-122.307,ID14_F14_m14f14_P14_Y7_UO859,ID14_F14_m14f14_P14_Y5_UO120,ID14_F14_m14f14_P14_Y4_UO6956,FXX,3,0.0,1,0,1.0,0,0,0,-9999.0,0.671875,1,P13_CV0,1,2,0,1,1
14,44.246,-122.307,ID14_F14_m14f14_P14_Y7_UO461,ID14_F14_m14f14_P14_Y4_UO5703,ID14_F14_m14f14_P14_Y6_UO5275,FXX,3,0.0,1,0,1.0,0,0,0,-9999.0,0.77734375,1,P13_CV0,1,2,0,1,1
14,44.246,-122.307,ID14_F14_m14f14_P14_Y7_UO856,ID14_F14_m14f14_P14_Y5_UO120,ID14_F14_m14f14_P14_Y4_UO6956,MXY,3,0.0,1,0,0.0,0,0,0,-9999.0,0.671875,1,P13_CV0,1,2,0,1,1
14,44.246,-122.307,ID14_F14_m14f14_P14_Y7_UO2227,ID14_F14_m14f14_P14_Y3_UO2746,ID14_F14_m14f14_P14_Y4_UO4948,FXX,3,0.0,1,0,1.0,0,0,0,-9999.0,0.7421875,1,P13_CV0,1,2,0,1,1
14,44.246,-122.307,ID14_F14_m14f14_P14_Y7_UO1235,ID14_F14_m14f14_P14_Y5_UO1168,ID14_F14_m14f14_P14_Y4_UO34,MXY,3,0.0,1,0,0.0,0,0,0,-9999.0,0.75,1,P13_CV0,1,2,0,1,1
14,44.246,-122.307,ID14_F14_m14f14_P14_Y7_UO1501,ID14_F14_m14f14_P14_Y4_UO4947,ID14_F14_m14f14_P14_Y6_UO165,MXY,3,0.0,1,0,0.0,0,0,0,-9999.0,0.75,1,P13_CV0,1,2,0,0,2
14,44.246,-122.307,ID14_F14_m14f14_P14_Y7_UO855,ID14_F14_m14f14_P14_Y5_UO120,ID14_F14_m14f14_P14_Y4_UO6956,FXX,3,0.0,1,0,1.0,0,0,0,-9999.0,0.671875,1,P13_CV0,1,2,0,1,1
14,44.246,-122.307,ID14_F14_m14f14_P14_Y7_UO4946,ID14_F14_m14f14_P14_Y5_UO2582,ID14_F14_m14f14_P14_Y6_UO1547,FXX,3,0.0,1,0,1.0,0,0,0,-9999.0,0.744140625,1,P13_CV0,1,2,0,1,1
14,44.246,-122.307,ID14_F14_m14f14_P14_Y7_UO464,ID14_F14_m14f14_P14_Y4_UO5703,ID14_F14_m14f14_P14_Y6_UO5275,FXX,3,0.0,1,0,1.0,0,0,0,-9999.0,0.77734375,1,P13_CV0,1,2,0,0,2
14,44.246,-122.307,ID14_F14_m14f14_P14_Y7_UO3182,ID14_F14_m14f14_P14_Y5_UO125,ID14_F14_m14f14_P14_Y5_UO1141,FXX,3,0.0,1,0,1.0,0,0,0,-9999.0,0.75,1,P13_CV0,1,2,0,1,1
14,44.246,-122.307,ID14_F14_m14f14_P14_Y7_UO3646,ID14_F14_m14f14_P14_Y5_UO3518,ID14_F14_m14f14_P14_Y3_UO3781,MXY,3,0.0,1,0,0.0,0,0,0,-9999.0,0.765625,1,P13_CV0,1,2,0,1,1
14,44.246,-122.307,ID14_F14_m14f14_P14_Y7_UO2694,ID14_F14_m14f14_P14_Y4_UO6737,ID14_F14_m14f14_P14_Y6_UO1464,FXX,3,0.0,1,0,1.0,0,0,0,-9999.0,0.7734375,1,P13_CV0,1,2,0,1,1
14,44.246,-122.307,ID14_F14_m14f14_P14_Y7_UO2661,ID14_F14_m14f14_P14_Y5_UO3656,ID14_F14_m14f14_P14_Y4_UO1802,MXY,3,0.0,1,0,0.0,0,0,0,-9999.0,0.6953125,1,P13_CV0,1,2,0,1,1
14,44.246,-122.307,ID14_F14_m14f14_P14_Y7_UO979,ID14_F14_m14f14_P14_Y5_UO3267,ID14_F14_m14f14_P14_Y6_UO5319,MXY,3,0.0,1,0,0.0,0,0,0,-9999.0,0.703125,1,P13_CV0,1,2,0,2,0
14,44.246,-122.307,ID14_F14_m14f14_P14_Y7_UO3971,ID14_F14_m14f14_P14_Y5_UO3830,ID14_F14_m14f14_P14_Y6_UO1511,FXX,3,0.0,1,0,1.0,0,0,0,-9999.0,0.65625,1,P13_CV0,1,2,0,0,2
14,44.246,-122.307,ID14_F14_m14f14_P14_Y7_UO4241,ID14_F14_m14f14_P14_Y5_UO4692,ID14_F14_m14f14_P14_Y6_UO2200,MXY,3,0.0,1,0,0.0,0,0,0,-9999.0,0.68359375,1,P13_CV0,1,2,0,0,2
14,44.246,-122.307,ID14_F14_m14f14_P14_Y7_UO2228,ID14_F14_m14f14_P14_Y3_UO2746,ID14_F14_m14f14_P14_Y4_UO4948,FXX,3,0.0,1,0,1.0,0,0,0,-9999.0,0.7421875,1,P13_CV0,1,2,0,0,2
14,44.246,-122.307,ID14_F14_m14f14_P14_Y7_UO2020,ID14_F14_m14f14_P14_Y4_UO6632,ID14_F14_m14f14_P14_Y5_UO589,FXX,3,0.0,1,0,1.0,0,0,0,-9999.0,0.59765625,1,P13_CV0,1,2,0,1,1
14,44.246,-122.307,ID14_F14_m14f14_P14_Y7_UO2019,ID14_F14_m14f14_P14_Y4_UO6632,ID14_F14_m14f14_P14_Y5_UO589,MXY,3,0.0,1,0,0.0,0,0,0,-9999.0,0.59765625,1,P13_CV0,1,2,0,1,1
14,44.246,-122.307,ID14_F14_m14f14_P14_Y7_UO2666,ID14_F14_m14f14_P14_Y5_UO3656,ID14_F14_m14f14_P14_Y4_UO1802,MXY,3,0.0,1,0,0.0,0,0,0,-9999.0,0.6953125,1,P13_CV0,1,2,0,1,1
14,44.246,-122.307,ID14_F14_m14f14_P14_Y7_UO555,ID14_F14_m14f14_P14_Y5_UO2285,ID14_F14_m14f14_P14_Y6_UO6737,MXY,3,0.0,1,0,0.0,0,0,0,-9999.0,0.734375,1,P13_CV0,1,2,0,0,2
14,44.246,-122.307,ID14_F14_m14f14_P14_Y7_UO143,ID14_F14_m14f14_P14_Y4_UO4498,ID14_F14_m14f14_P14_Y6_UO6312,MXY,3,0.0,1,0,0.0,0,0,0,-9999.0,0.6953125,1,P13_CV0,1,2,0,2,0
14,44.246,-122.307,ID14_F14_m14f14_P14_Y6_UO5933,ID14_F14_m14f14_P14_Y4_UO1396,ID14_F14_m14f14_P14_Y5_UO4082,MXY,4,0.0,1,0,0.0,0,0,0,-9999.0,0.671875,1,P13_CV0,1,2,0,1,1
14,44.246,-122.307,ID14_F14_m14f14_P14_Y6_UO4535,ID14_F14_m14f14_P14_Y4_UO6293,ID14_F14_m14f14_P14_Y4_UO2290,FXX,4,0.0,1,0,1.0,0,0,0,-9999.0,0.703125,1,P13_CV0,1,2,0,1,1
14,44.246,-122.307,ID14_F14_m14f14_P14_Y6_UO7041,ID14_F14_m14f14_P14_Y4_UO3628,ID14_F14_m14f14_P14_Y4_UO2851,MXY,4,0.0,1,0,0.0,0,0,0,-9999.0,0.8125,1,P13_CV0,1,2,0,1,1
14,44.246,-122.307,ID14_F14_m14f14_P14_Y6_UO160,ID14_F14_m14f14_P14_Y3_UO3357,ID14_F14_m14f14_P14_Y5_UO1141,MXY,4,0.0,1,0,0.0,0,0,0,-9999.0,0.796875,1,P13_CV0,1,2,0,0,2
14,44.246,-122.307,ID14_F14_m14f14_P14_Y6_UO3058,ID14_F14_m14f14_P14_Y4_UO6794,ID14_F14_m14f14_P14_Y5_UO3649,FXX,4,0.0,1,0,1.0,0,0,0,-9999.0,0.6875,1,P13_CV0,1,2,0,1,1
14,44.246,-122.307,ID14_F14_m14f14_P14_Y6_UO7321,ID14_F14_m14f14_P14_Y4_UO6794,ID14_F14_m14f14_P14_Y5_UO128,FXX,4,0.0,1,0,1.0,0,0,0,-9999.0,0.734375,1,P13_CV0,1,2,0,1,1
14,44.246,-122.307,ID14_F14_m14f14_P14_Y6_UO2202,ID14_F14_m14f14_P14_Y2_UO3949,ID14_F14_m14f14_P14_Y5_UO4851,FXX,4,0.0,1,0,1.0,0,0,0,-9999.0,0.671875,1,P13_CV0,1,2,0,1,1
14,44.246,-122.307,ID14_F14_m14f14_P14_Y6_UO5280,ID14_F14_m14f14_P14_Y4_UO3558,ID14_F14_m14f14_P14_Y5_UO2531,MXY,4,0.0,1,0,0.0,0,0,0,-9999.0,0.7109375,1,P13_CV0,1,2,0,1,1
14,44.246,-122.307,ID14_F14_m14f14_P14_Y6_UO3610,ID14_F14_m14f14_P14_Y4_UO4947,ID14_F14_m14f14_P14_Y5_UO3448,FXX,4,0.0,1,0,1.0,0,0,0,-9999.0,0.7734375,1,P13_CV0,1,2,0,1,1
14,44.246,-122.307,ID14_F14_m14f14_P14_Y5_UO3830,ID14_F14_m14f14_P14_Y2_UO6010,ID14_F14_m14f14_P14_Y4_UO6287,FXX,5,0.0,1,0,1.0,0,0,0,-9999.0,0.65625,1,P13_CV0,1,2,0,0,2
14,44.246,-122.307,ID14_F14_m14f14_P14_Y5_UO3253,ID14_F14_m14f14_P14_Y2_UO2920,ID14_F14_m14f14_P14_Y4_UO6451,MXY,5,0.0,1,0,0.0,0,0,0,-9999.0,0.6875,1,P13_CV0,1,2,0,0,2
14,44.246,-122.307,ID14_F14_m14f14_P14_Y5_UO124,ID14_F14_m14f14_P14_Y3_UO216,ID14_F14_m14f14_P14_Y2_UO2128,MXY,5,0.0,1,0,0.0,0,0,0,-9999.0,0.71875,1,P13_CV0,1,2,0,0,2
15,44.222,-122.117,ID15_F15_m15f15_P15_Y9_UO6,ID15_F15_m15f15_P15_Y7_UO4083,ID15_F15_m15f15_P15_Y7_UO3583,MXY,1,0.0,1,0,0.0,0,0,0,-9999.0,0.71875,1,P14_CV0,1,2,0,2,0
15,44.222,-122.117,ID15_F15_m15f15_P15_Y9_UO7,ID15_F15_m15f15_P15_Y7_UO4083,ID15_F15_m15f15_P15_Y7_UO3583,MXY,1,0.0,1,0,0.0,0,0,0,-9999.0,0.71875,1,P14_CV0,1,2,0,2,0
15,44.222,-122.117,ID15_F15_m15f15_P15_Y9_UO8,ID15_F15_m15f15_P15_Y7_UO4083,ID15_F15_m15f15_P15_Y7_UO3583,FXX,1,0.0,1,0,1.0,0,0,0,-9999.0,0.71875,1,P14_CV0,1,2,0,2,0
15,44.222,-122.117,ID15_F15_m15f15_P15_Y9_UO10,ID15_F15_m15f15_P15_Y7_UO4083,ID15_F15_m15f15_P15_Y7_UO3583,MXY,1,0.0,1,0,0.0,0,0,0,-9999.0,0.71875,1,P14_CV0,1,2,0,2,0
15,44.222,-122.117,ID15_F15_m15f15_P15_Y9_UO103,ID15_F15_m15f15_P15_Y7_UO756,ID15_F15_m15f15_P15_Y8_UO2651,MXY,1,0.0,1,0,0.0,0,0,0,-9999.0,0.7421875,1,P14_CV0,1,2,0,2,0
15,44.222,-122.117,ID15_F15_m15f15_P15_Y9_UO105,ID15_F15_m15f15_P15_Y7_UO756,ID15_F15_m15f15_P15_Y8_UO2651,MXY,1,0.0,1,0,0.0,0,0,0,-9999.0,0.7421875,1,P14_CV0,1,2,0,1,1
15,44.222,-122.117,ID15_F15_m15f15_P15_Y9_UO135,ID15_F15_m15f15_P15_Y7_UO2834,ID15_F15_m15f15_P15_Y8_UO218,MXY,1,0.0,1,0,0.0,0,0,0,-9999.0,0.7685546875,1,P14_CV0,1,2,0,0,2
15,44.222,-122.117,ID15_F15_m15f15_P15_Y9_UO137,ID15_F15_m15f15_P15_Y7_UO2834,ID15_F15_m15f15_P15_Y8_UO218,FXX,1,0.0,1,0,1.0,0,0,0,-9999.0,0.7685546875,1,P14_CV0,1,2,0,1,1
15,44.222,-122.117,ID15_F15_m15f15_P15_Y9_UO138,ID15_F15_m15f15_P15_Y7_UO2834,ID15_F15_m15f15_P15_Y8_UO218,FXX,1,0.0,1,0,1.0,0,0,0,-9999.0,0.7685546875,1,P14_CV0,1,2,0,0,2
15,44.222,-122.117,ID15_F15_m15f15_P15_Y9_UO141,ID15_F15_m15f15_P15_Y7_UO2834,ID15_F15_m15f15_P15_Y8_UO218,MXY,1,0.0,1,0,0.0,0,0,0,-9999.0,0.7685546875,1,P14_CV0,1,2,0,0,2
15,44.222,-122.117,ID15_F15_m15f15_P15_Y9_UO142,ID15_F15_m15f15_P15_Y7_UO2834,ID15_F15_m15f15_P15_Y8_UO218,FXX,1,0.0,1,0,1.0,0,0,0,-9999.0,0.7685546875,1,P14_CV0,1,2,0,0,2
15,44.222,-122.117,ID15_F15_m15f15_P15_Y9_UO143,ID15_F15_m15f15_P15_Y7_UO2834,ID15_F15_m15f15_P15_Y8_UO218,FXX,1,0.0,1,0,1.0,0,0,0,-9999.0,0.7685546875,1,P14_CV0,1,2,0,0,2
15,44.222,-122.117,ID15_F15_m15f15_P15_Y9_UO144,ID15_F15_m15f15_P15_Y7_UO2834,ID15_F15_m15f15_P15_Y8_UO218,MXY,1,0.0,1,0,0.0,0,0,0,-9999.0,0.7685546875,1,P14_CV0,1,2,0,1,1
15,44.222,-122.117,ID15_F15_m15f15_P15_Y9_UO200,ID15_F15_m15f15_P15_Y7_UO1489,ID15_F15_m15f15_P15_Y8_UO5853,MXY,1,0.0,1,0,0.0,0,0,0,-9999.0,0.66796875,1,P14_CV0,1,2,0,2,0
15,44.222,-122.117,ID15_F15_m15f15_P15_Y9_UO201,ID15_F15_m15f15_P15_Y7_UO1489,ID15_F15_m15f15_P15_Y8_UO5853,MXY,1,0.0,1,0,0.0,0,0,0,-9999.0,0.66796875,1,P14_CV0,1,2,0,2,0
15,44.222,-122.117,ID15_F15_m15f15_P15_Y9_UO202,ID15_F15_m15f15_P15_Y7_UO1489,ID15_F15_m15f15_P15_Y8_UO5853,FXX,1,0.0,1,0,1.0,0,0,0,-9999.0,0.66796875,1,P14_CV0,1,2,0,2,0
15,44.222,-122.117,ID15_F15_m15f15_P15_Y9_UO204,ID15_F15_m15f15_P15_Y7_UO1489,ID15_F15_m15f15_P15_Y8_UO5853,FXX,1,0.0,1,0,1.0,0,0,0,-9999.0,0.66796875,1,P14_CV0,1,2,0,2,0
15,44.222,-122.117,ID15_F15_m15f15_P15_Y9_UO271,ID15_F15_m15f15_P15_Y7_UO490,ID15_F15_m15f15_P15_Y7_UO3582,FXX,1,0.0,1,0,1.0,0,0,0,-9999.0,0.69140625,1,P14_CV0,1,2,0,2,0
15,44.222,-122.117,ID15_F15_m15f15_P15_Y9_UO273,ID15_F15_m15f15_P15_Y7_UO490,ID15_F15_m15f15_P15_Y7_UO3582,MXY,1,0.0,1,0,0.0,0,0,0,-9999.0,0.69140625,1,P14_CV0,1,2,0,2,0
15,44.222,-122.117,ID15_F15_m15f15_P15_Y9_UO276,ID15_F15_m15f15_P15_Y7_UO490,ID15_F15_m15f15_P15_Y7_UO3582,FXX,1,0.0,1,0,1.0,0,0,0,-9999.0,0.69140625,1,P14_CV0,1,2,0,1,1
15,44.222,-122.117,ID15_F15_m15f15_P15_Y9_UO280,ID15_F15_m15f15_P15_Y7_UO490,ID15_F15_m15f15_P15_Y7_UO3582,FXX,1,0.0,1,0,1.0,0,0,0,-9999.0,0.69140625,1,P14_CV0,1,2,0,2,0
15,44.222,-122.117,ID15_F15_m15f15_P15_Y9_UO310,ID15_F15_m15f15_P15_Y7_UO3027,ID15_F15_m15f15_P15_Y8_UO5052,FXX,1,0.0,1,0,1.0,0,0,0,-9999.0,0.6796875,1,P14_CV0,1,2,0,1,1
15,44.222,-122.117,ID15_F15_m15f15_P15_Y9_UO670,ID15_F15_m15f15_P15_Y7_UO3027,ID15_F15_m15f15_P15_Y8_UO7414,MXY,1,0.0,1,0,0.0,0,0,0,-9999.0,0.71484375,1,P14_CV0,1,2,0,2,0
15,44.222,-122.117,ID15_F15_m15f15_P15_Y9_UO846,ID15_F15_m15f15_P15_Y7_UO755,ID15_F15_m15f15_P15_Y8_UO5923,FXX,1,0.0,1,0,1.0,0,0,0,-9999.0,0.7578125,1,P14_CV0,1,2,0,1,1
15,44.222,-122.117,ID15_F15_m15f15_P15_Y9_UO849,ID15_F15_m15f15_P15_Y7_UO755,ID15_F15_m15f15_P15_Y8_UO5923,FXX,1,0.0,1,0,1.0,0,0,0,-9999.0,0.7578125,1,P14_CV0,1,2,0,1,1
15,44.222,-122.117,ID15_F15_m15f15_P15_Y9_UO852,ID15_F15_m15f15_P15_Y7_UO755,ID15_F15_m15f15_P15_Y8_UO5923,MXY,1,0.0,1,0,0.0,0,0,0,-9999.0,0.7578125,1,P14_CV0,1,2,0,1,1
15,44.222,-122.117,ID15_F15_m15f15_P15_Y9_UO853,ID15_F15_m15f15_P15_Y7_UO755,ID15_F15_m15f15_P15_Y8_UO5923,MXY,1,0.0,1,0,0.0,0,0,0,-9999.0,0.7578125,1,P14_CV0,1,2,0,1,1
15,44.222,-122.117,ID15_F15_m15f15_P15_Y9_UO854,ID15_F15_m15f15_P15_Y7_UO755,ID15_F15_m15f15_P15_Y8_UO5923,MXY,1,0.0,1,0,0.0,0,0,0,-9999.0,0.7578125,1,P14_CV0,1,2,0,1,1
15,44.222,-122.117,ID15_F15_m15f15_P15_Y9_UO857,ID15_F15_m15f15_P15_Y7_UO755,ID15_F15_m15f15_P15_Y8_UO5923,MXY,1,0.0,1,0,0.0,0,0,0,-9999.0,0.7578125,1,P14_CV0,1,2,0,1,1
15,44.222,-122.117,ID15_F15_m15f15_P15_Y9_UO963,ID15_F15_m15f15_P15_Y7_UO3027,ID15_F15_m15f15_P15_Y8_UO574,MXY,1,0.0,1,0,0.0,0,0,0,-9999.0,0.685546875,1,P14_CV0,1,2,0,2,0
15,44.222,-122.117,ID15_F15_m15f15_P15_Y9_UO965,ID15_F15_m15f15_P15_Y7_UO3027,ID15_F15_m15f15_P15_Y8_UO574,MXY,1,0.0,1,0,0.0,0,0,0,-9999.0,0.685546875,1,P14_CV0,1,2,0,1,1
15,44.222,-122.117,ID15_F15_m15f15_P15_Y9_UO1203,ID15_F15_m15f15_P15_Y7_UO372,ID15_F15_m15f15_P15_Y8_UO3030,FXX,1,0.0,1,0,1.0,0,0,0,-9999.0,0.7734375,1,P14_CV0,1,2,0,2,0
15,44.222,-122.117,ID15_F15_m15f15_P15_Y9_UO1206,ID15_F15_m15f15_P15_Y7_UO372,ID15_F15_m15f15_P15_Y8_UO3030,FXX,1,0.0,1,0,1.0,0,0,0,-9999.0,0.7734375,1,P14_CV0,1,2,0,2,0
15,44.222,-122.117,ID15_F15_m15f15_P15_Y9_UO1209,ID15_F15_m15f15_P15_Y7_UO372,ID15_F15_m15f15_P15_Y8_UO3030,FXX,1,0.0,1,0,1.0,0,0,0,-9999.0,0.7734375,1,P14_CV0,1,2,0,2,0
15,44.222,-122.117,ID15_F15_m15f15_P15_Y9_UO1210,ID15_F15_m15f15_P15_Y7_UO372,ID15_F15_m15f15_P15_Y8_UO3030,MXY,1,0.0,1,0,0.0,0,0,0,-9999.0,0.7734375,1,P14_CV0,1,2,0,2,0
15,44.222,-122.117,ID15_F15_m15f15_P15_Y9_UO1211,ID15_F15_m15f15_P15_Y7_UO372,ID15_F15_m15f15_P15_Y8_UO3030,MXY,1,0.0,1,0,0.0,0,0,0,-9999.0,0.7734375,1,P14_CV0,1,2,0,2,0
15,44.222,-122.117,ID15_F15_m15f15_P15_Y9_UO1214,ID15_F15_m15f15_P15_Y7_UO372,ID15_F15_m15f15_P15_Y8_UO3030,FXX,1,0.0,1,0,1.0,0,0,0,-9999.0,0.7734375,1,P14_CV0,1,2,0,2,0
15,44.222,-122.117,ID15_F15_m15f15_P15_Y9_UO1318,ID15_F15_m15f15_P15_Y7_UO1583,ID15_F15_m15f15_P15_Y8_UO5920,MXY,1,0.0,1,0,0.0,0,0,0,-9999.0,0.7265625,1,P14_CV0,1,2,0,1,1
15,44.222,-122.117,ID15_F15_m15f15_P15_Y9_UO1319,ID15_F15_m15f15_P15_Y7_UO1583,ID15_F15_m15f15_P15_Y8_UO5920,MXY,1,0.0,1,0,0.0,0,0,0,-9999.0,0.7265625,1,P14_CV0,1,2,0,1,1
15,44.222,-122.117,ID15_F15_m15f15_P15_Y9_UO1320,ID15_F15_m15f15_P15_Y7_UO1583,ID15_F15_m15f15_P15_Y8_UO5920,MXY,1,0.0,1,0,0.0,0,0,0,-9999.0,0.7265625,1,P14_CV0,1,2,0,1,1
15,44.222,-122.117,ID15_F15_m15f15_P15_Y9_UO1322,ID15_F15_m15f15_P15_Y7_UO1583,ID15_F15_m15f15_P15_Y8_UO5920,FXX,1,0.0,1,0,1.0,0,0,0,-9999.0,0.7265625,1,P14_CV0,1,2,0,1,1
15,44.222,-122.117,ID15_F15_m15f15_P15_Y9_UO1323,ID15_F15_m15f15_P15_Y7_UO1583,ID15_F15_m15f15_P15_Y8_UO5920,MXY,1,0.0,1,0,0.0,0,0,0,-9999.0,0.7265625,1,P14_CV0,1,2,0,1,1
15,44.222,-122.117,ID15_F15_m15f15_P15_Y9_UO1350,ID15_F15_m15f15_P15_Y4_UO5333,ID15_F15_m15f15_P15_Y6_UO2980,FXX,1,0.0,1,0,1.0,0,0,0,-9999.0,0.76953125,1,P14_CV0,1,2,0,1,1
15,44.222,-122.117,ID15_F15_m15f15_P15_Y9_UO1352,ID15_F15_m15f15_P15_Y4_UO5333,ID15_F15_m15f15_P15_Y6_UO2980,FXX,1,0.0,1,0,1.0,0,0,0,-9999.0,0.76953125,1,P14_CV0,1,2,0,2,0
15,44.222,-122.117,ID15_F15_m15f15_P15_Y9_UO1354,ID15_F15_m15f15_P15_Y4_UO5333,ID15_F15_m15f15_P15_Y6_UO2980,MXY,1,0.0,1,0,0.0,0,0,0,-9999.0,0.76953125,1,P14_CV0,1,2,0,2,0
15,44.222,-122.117,ID15_F15_m15f15_P15_Y9_UO1377,ID15_F15_m15f15_P15_Y5_UO1184,ID15_F15_m15f15_P15_Y8_UO7562,MXY,1,0.0,1,0,0.0,0,0,0,-9999.0,0.74609375,1,P14_CV0,1,2,0,1,1
15,44.222,-122.117,ID15_F15_m15f15_P15_Y9_UO1424,ID15_F15_m15f15_P15_Y5_UO1187,ID15_F15_m15f15_P15_Y8_UO5851,MXY,1,0.0,1,0,0.0,0,0,0,-9999.0,0.73046875,1,P14_CV0,1,2,0,2,0
15,44.222,-122.117,ID15_F15_m15f15_P15_Y9_UO1425,ID15_F15_m15f15_P15_Y7_UO360,ID15_F15_m15f15_P15_Y7_UO4085,MXY,1,0.0,1,0,0.0,0,0,0,-9999.0,0.75,1,P14_CV0,1,2,0,2,0
15,44.222,-122.117,ID15_F15_m15f15_P15_Y9_UO1426,ID15_F15_m15f15_P15_Y7_UO360,ID15_F15_m15f15_P15_Y7_UO4085,FXX,1,0.0,1,0,1.0,0,0,0,-9999.0,0.75,1,P14_CV0,1,2,0,2,0
15,44.222,-122.117,ID15_F15_m15f15_P15_Y9_UO1428,ID15_F15_m15f15_P15_Y7_UO360,ID15_F15_m15f15_P15_Y7_UO4085,MXY,1,0.0,1,0,0.0,0,0,0,-9999.0,0.75,1,P14_CV0,1,2,0,2,0
15,44.222,-122.117,ID15_F15_m15f15_P15_Y9_UO1429,ID15_F15_m15f15_P15_Y7_UO360,ID15_F15_m15f15_P15_Y7_UO4085,FXX,1,0.0,1,0,1.0,0,0,0,-9999.0,0.75,1,P14_CV0,1,2,0,2,0
15,44.222,-122.117,ID15_F15_m15f15_P15_Y9_UO1430,ID15_F15_m15f15_P15_Y7_UO360,ID15_F15_m15f15_P15_Y7_UO4085,FXX,1,0.0,1,0,1.0,0,0,0,-9999.0,0.75,1,P14_CV0,1,2,0,2,0
15,44.222,-122.117,ID15_F15_m15f15_P15_Y9_UO1432,ID15_F15_m15f15_P15_Y7_UO360,ID15_F15_m15f15_P15_Y7_UO4085,MXY,1,0.0,1,0,0.0,0,0,0,-9999.0,0.75,1,P14_CV0,1,2,0,2,0
15,44.222,-122.117,ID15_F15_m15f15_P15_Y9_UO1433,ID15_F15_m15f15_P15_Y7_UO360,ID15_F15_m15f15_P15_Y7_UO4085,MXY,1,0.0,1,0,0.0,0,0,0,-9999.0,0.75,1,P14_CV0,1,2,0,2,0
15,44.222,-122.117,ID15_F15_m15f15_P15_Y9_UO1436,ID15_F15_m15f15_P15_Y7_UO360,ID15_F15_m15f15_P15_Y7_UO4085,FXX,1,0.0,1,0,1.0,0,0,0,-9999.0,0.75,1,P14_CV0,1,2,0,2,0
15,44.222,-122.117,ID15_F15_m15f15_P15_Y9_UO1437,ID15_F15_m15f15_P15_Y7_UO360,ID15_F15_m15f15_P15_Y7_UO4085,MXY,1,0.0,1,0,0.0,0,0,0,-9999.0,0.75,1,P14_CV0,1,2,0,2,0
15,44.222,-122.117,ID15_F15_m15f15_P15_Y9_UO1506,ID15_F15_m15f15_P15_Y7_UO4391,ID15_F15_m15f15_P15_Y8_UO6838,MXY,1,0.0,1,0,0.0,0,0,0,-9999.0,0.76953125,1,P14_CV0,1,2,0,1,1
15,44.222,-122.117,ID15_F15_m15f15_P15_Y9_UO1509,ID15_F15_m15f15_P15_Y7_UO4391,ID15_F15_m15f15_P15_Y8_UO6838,FXX,1,0.0,1,0,1.0,0,0,0,-9999.0,0.76953125,1,P14_CV0,1,2,0,1,1
15,44.222,-122.117,ID15_F15_m15f15_P15_Y9_UO1510,ID15_F15_m15f15_P15_Y7_UO4391,ID15_F15_m15f15_P15_Y8_UO6838,MXY,1,0.0,1,0,0.0,0,0,0,-9999.0,0.76953125,1,P14_CV0,1,2,0,2,0
15,44.222,-122.117,ID15_F15_m15f15_P15_Y9_UO1512,ID15_F15_m15f15_P15_Y7_UO4391,ID15_F15_m15f15_P15_Y8_UO6838,FXX,1,0.0,1,0,1.0,0,0,0,-9999.0,0.76953125,1,P14_CV0,1,2,0,2,0
15,44.222,-122.117,ID15_F15_m15f15_P15_Y9_UO1513,ID15_F15_m15f15_P15_Y7_UO4391,ID15_F15_m15f15_P15_Y8_UO6838,FXX,1,0.0,1,0,1.0,0,0,0,-9999.0,0.76953125,1,P14_CV0,1,2,0,2,0
15,44.222,-122.117,ID15_F15_m15f15_P15_Y9_UO1514,ID15_F15_m15f15_P15_Y7_UO4391,ID15_F15_m15f15_P15_Y8_UO6838,FXX,1,0.0,1,0,1.0,0,0,0,-9999.0,0.76953125,1,P14_CV0,1,2,0,1,1
15,44.222,-122.117,ID15_F15_m15f15_P15_Y9_UO1518,ID15_F15_m15f15_P15_Y7_UO4391,ID15_F15_m15f15_P15_Y8_UO6838,FXX,1,0.0,1,0,1.0,0,0,0,-9999.0,0.76953125,1,P14_CV0,1,2,0,2,0
15,44.222,-122.117,ID15_F15_m15f15_P15_Y9_UO1551,ID15_F15_m15f15_P15_Y7_UO2790,ID15_F15_m15f15_P15_Y7_UO4783,FXX,1,0.0,1,0,1.0,0,0,0,-9999.0,0.7265625,1,P14_CV0,1,2,0,0,2
15,44.222,-122.117,ID15_F15_m15f15_P15_Y9_UO1553,ID15_F15_m15f15_P15_Y7_UO2790,ID15_F15_m15f15_P15_Y7_UO4783,FXX,1,0.0,1,0,1.0,0,0,0,-9999.0,0.7265625,1,P14_CV0,1,2,0,0,2
15,44.222,-122.117,ID15_F15_m15f15_P15_Y9_UO1554,ID15_F15_m15f15_P15_Y7_UO2790,ID15_F15_m15f15_P15_Y7_UO4783,MXY,1,0.0,1,0,0.0,0,0,0,-9999.0,0.7265625,1,P14_CV0,1,2,0,0,2
15,44.222,-122.117,ID15_F15_m15f15_P15_Y9_UO1555,ID15_F15_m15f15_P15_Y7_UO2790,ID15_F15_m15f15_P15_Y7_UO4783,MXY,1,0.0,1,0,0.0,0,0,0,-9999.0,0.7265625,1,P14_CV0,1,2,0,1,1
15,44.222,-122.117,ID15_F15_m15f15_P15_Y9_UO1557,ID15_F15_m15f15_P15_Y7_UO3210,ID15_F15_m15f15_P15_Y4_UO4285,MXY,1,0.0,1,0,0.0,0,0,0,-9999.0,0.765625,1,P14_CV0,1,2,0,2,0
15,44.222,-122.117,ID15_F15_m15f15_P15_Y9_UO1559,ID15_F15_m15f15_P15_Y7_UO3210,ID15_F15_m15f15_P15_Y4_UO4285,MXY,1,0.0,1,0,0.0,0,0,0,-9999.0,0.765625,1,P14_CV0,1,2,0,2,0
15,44.222,-122.117,ID15_F15_m15f15_P15_Y9_UO1629,ID15_F15_m15f15_P15_Y7_UO1583,ID15_F15_m15f15_P15_Y8_UO1853,FXX,1,0.0,1,0,1.0,0,0,0,-9999.0,0.7236328125,1,P14_CV0,1,2,0,0,2
15,44.222,-122.117,ID15_F15_m15f15_P15_Y9_UO1630,ID15_F15_m15f15_P15_Y7_UO1583,ID15_F15_m15f15_P15_Y8_UO1853,FXX,1,0.0,1,0,1.0,0,0,0,-9999.0,0.7236328125,1,P14_CV0,1,2,0,0,2
15,44.222,-122.117,ID15_F15_m15f15_P15_Y9_UO1659,ID15_F15_m15f15_P15_Y7_UO482,ID15_F15_m15f15_P15_Y7_UO355,FXX,1,0.0,1,0,1.0,0,0,0,-9999.0,0.796875,1,P14_CV0,1,2,0,0,2
15,44.222,-122.117,ID15_F15_m15f15_P15_Y9_UO1663,ID15_F15_m15f15_P15_Y7_UO482,ID15_F15_m15f15_P15_Y7_UO355,MXY,1,0.0,1,0,0.0,0,0,0,-9999.0,0.796875,1,P14_CV0,1,2,0,2,0
15,44.222,-122.117,ID15_F15_m15f15_P15_Y9_UO1709,ID15_F15_m15f15_P15_Y7_UO2202,ID15_F15_m15f15_P15_Y8_UO1119,FXX,1,0.0,1,0,1.0,0,0,0,-9999.0,0.765625,1,P14_CV0,1,2,0,0,2
15,44.222,-122.117,ID15_F15_m15f15_P15_Y9_UO1712,ID15_F15_m15f15_P15_Y7_UO2202,ID15_F15_m15f15_P15_Y8_UO1119,MXY,1,0.0,1,0,0.0,0,0,0,-9999.0,0.765625,1,P14_CV0,1,2,0,1,1
15,44.222,-122.117,ID15_F15_m15f15_P15_Y9_UO1713,ID15_F15_m15f15_P15_Y7_UO2202,ID15_F15_m15f15_P15_Y8_UO1119,MXY,1,0.0,1,0,0.0,0,0,0,-9999.0,0.765625,1,P14_CV0,1,2,0,0,2
15,44.222,-122.117,ID15_F15_m15f15_P15_Y9_UO1714,ID15_F15_m15f15_P15_Y7_UO2202,ID15_F15_m15f15_P15_Y8_UO1119,MXY,1,0.0,1,0,0.0,0,0,0,-9999.0,0.765625,1,P14_CV0,1,2,0,1,1
15,44.222,-122.117,ID15_F15_m15f15_P15_Y9_UO1715,ID15_F15_m15f15_P15_Y7_UO2202,ID15_F15_m15f15_P15_Y8_UO1119,FXX,1,0.0,1,0,1.0,0,0,0,-9999.0,0.765625,1,P14_CV0,1,2,0,1,1
15,44.222,-122.117,ID15_F15_m15f15_P15_Y9_UO1717,ID15_F15_m15f15_P15_Y7_UO2202,ID15_F15_m15f15_P15_Y8_UO1119,MXY,1,0.0,1,0,0.0,0,0,0,-9999.0,0.765625,1,P14_CV0,1,2,0,0,2
15,44.222,-122.117,ID15_F15_m15f15_P15_Y9_UO1719,ID15_F15_m15f15_P15_Y7_UO2202,ID15_F15_m15f15_P15_Y8_UO1119,FXX,1,0.0,1,0,1.0,0,0,0,-9999.0,0.765625,1,P14_CV0,1,2,0,0,2
15,44.222,-122.117,ID15_F15_m15f15_P15_Y9_UO1720,ID15_F15_m15f15_P15_Y7_UO2202,ID15_F15_m15f15_P15_Y8_UO1119,MXY,1,0.0,1,0,0.0,0,0,0,-9999.0,0.765625,1,P14_CV0,1,2,0,0,2
15,44.222,-122.117,ID15_F15_m15f15_P15_Y9_UO1763,ID15_F15_m15f15_P15_Y6_UO1344,ID15_F15_m15f15_P15_Y8_UO7313,MXY,1,0.0,1,0,0.0,0,0,0,-9999.0,0.7529296875,1,P14_CV0,1,2,0,2,0
15,44.222,-122.117,ID15_F15_m15f15_P15_Y9_UO1764,ID15_F15_m15f15_P15_Y6_UO1344,ID15_F15_m15f15_P15_Y8_UO7313,MXY,1,0.0,1,0,0.0,0,0,0,-9999.0,0.7529296875,1,P14_CV0,1,2,0,1,1
15,44.222,-122.117,ID15_F15_m15f15_P15_Y9_UO1862,ID15_F15_m15f15_P15_Y5_UO1187,ID15_F15_m15f15_P15_Y7_UO3486,MXY,1,0.0,1,0,0.0,0,0,0,-9999.0,0.75,1,P14_CV0,1,2,0,0,2
15,44.222,-122.117,ID15_F15_m15f15_P15_Y9_UO1968,ID15_F15_m15f15_P15_Y7_UO1521,ID15_F15_m15f15_P15_Y8_UO218,FXX,1,0.0,1,0,1.0,0,0,0,-9999.0,0.7958984375,1,P14_CV0,1,2,0,2,0
15,44.222,-122.117,ID15_F15_m15f15_P15_Y9_UO1969,ID15_F15_m15f15_P15_Y7_UO1521,ID15_F15_m15f15_P15_Y8_UO218,MXY,1,0.0,1,0,0.0,0,0,0,-9999.0,0.7958984375,1,P14_CV0,1,2,0,0,2
15,44.222,-122.117,ID15_F15_m15f15_P15_Y9_UO1970,ID15_F15_m15f15_P15_Y7_UO1521,ID15_F15_m15f15_P15_Y8_UO218,MXY,1,0.0,1,0,0.0,0,0,0,-9999.0,0.7958984375,1,P14_CV0,1,2,0,1,1
15,44.222,-122.117,ID15_F15_m15f15_P15_Y9_UO1971,ID15_F15_m15f15_P15_Y7_UO1521,ID15_F15_m15f15_P15_Y8_UO218,FXX,1,0.0,1,0,1.0,0,0,0,-9999.0,0.7958984375,1,P14_CV0,1,2,0,2,0
15,44.222,-122.117,ID15_F15_m15f15_P15_Y9_UO1972,ID15_F15_m15f15_P15_Y7_UO1521,ID15_F15_m15f15_P15_Y8_UO218,MXY,1,0.0,1,0,0.0,0,0,0,-9999.0,0.7958984375,1,P14_CV0,1,2,0,1,1
15,44.222,-122.117,ID15_F15_m15f15_P15_Y9_UO1973,ID15_F15_m15f15_P15_Y7_UO1521,ID15_F15_m15f15_P15_Y8_UO218,MXY,1,0.0,1,0,0.0,0,0,0,-9999.0,0.7958984375,1,P14_CV0,1,2,0,1,1
15,44.222,-122.117,ID15_F15_m15f15_P15_Y9_UO1974,ID15_F15_m15f15_P15_Y7_UO1521,ID15_F15_m15f15_P15_Y8_UO218,MXY,1,0.0,1,0,0.0,0,0,0,-9999.0,0.7958984375,1,P14_CV0,1,2,0,0,2
15,44.222,-122.117,ID15_F15_m15f15_P15_Y9_UO1975,ID15_F15_m15f15_P15_Y7_UO1521,ID15_F15_m15f15_P15_Y8_UO218,FXX,1,0.0,1,0,1.0,0,0,0,-9999.0,0.7958984375,1,P14_CV0,1,2,0,2,0
15,44.222,-122.117,ID15_F15_m15f15_P15_Y9_UO2183,ID15_F15_m15f15_P15_Y7_UO2702,ID15_F15_m15f15_P15_Y8_UO3048,FXX,1,0.0,1,0,1.0,0,0,0,-9999.0,0.7421875,1,P14_CV0,1,2,0,2,0
15,44.222,-122.117,ID15_F15_m15f15_P15_Y9_UO2185,ID15_F15_m15f15_P15_Y7_UO2702,ID15_F15_m15f15_P15_Y8_UO3048,FXX,1,0.0,1,0,1.0,0,0,0,-9999.0,0.7421875,1,P14_CV0,1,2,0,1,1
15,44.222,-122.117,ID15_F15_m15f15_P15_Y9_UO2189,ID15_F15_m15f15_P15_Y7_UO2702,ID15_F15_m15f15_P15_Y8_UO3048,FXX,1,0.0,1,0,1.0,0,0,0,-9999.0,0.7421875,1,P14_CV0,1,2,0,2,0
15,44.222,-122.117,ID15_F15_m15f15_P15_Y9_UO2190,ID15_F15_m15f15_P15_Y7_UO2702,ID15_F15_m15f15_P15_Y8_UO3048,FXX,1,0.0,1,0,1.0,0,0,0,-9999.0,0.7421875,1,P14_CV0,1,2,0,2,0
15,44.222,-122.117,ID15_F15_m15f15_P15_Y9_UO2191,ID15_F15_m15f15_P15_Y7_UO2702,ID15_F15_m15f15_P15_Y8_UO3048,FXX,1,0.0,1,0,1.0,0,0,0,-9999.0,0.7421875,1,P14_CV0,1,2,0,2,0
15,44.222,-122.117,ID15_F15_m15f15_P15_Y9_UO2192,ID15_F15_m15f15_P15_Y7_UO2702,ID15_F15_m15f15_P15_Y8_UO3048,MXY,1,0.0,1,0,0.0,0,0,0,-9999.0,0.7421875,1,P14_CV0,1,2,0,1,1
15,44.222,-122.117,ID15_F15_m15f15_P15_Y9_UO2193,ID15_F15_m15f15_P15_Y7_UO2702,ID15_F15_m15f15_P15_Y8_UO3048,FXX,1,0.0,1,0,1.0,0,0,0,-9999.0,0.7421875,1,P14_CV0,1,2,0,1,1
15,44.222,-122.117,ID15_F15_m15f15_P15_Y9_UO2194,ID15_F15_m15f15_P15_Y7_UO2702,ID15_F15_m15f15_P15_Y8_UO3048,MXY,1,0.0,1,0,0.0,0,0,0,-9999.0,0.7421875,1,P14_CV0,1,2,0,1,1
15,44.222,-122.117,ID15_F15_m15f15_P15_Y9_UO2236,ID15_F15_m15f15_P15_Y7_UO756,ID15_F15_m15f15_P15_Y8_UO3921,FXX,1,0.0,1,0,1.0,0,0,0,-9999.0,0.76953125,1,P14_CV0,1,2,0,0,2
15,44.222,-122.117,ID15_F15_m15f15_P15_Y9_UO2238,ID15_F15_m15f15_P15_Y7_UO756,ID15_F15_m15f15_P15_Y8_UO3921,FXX,1,0.0,1,0,1.0,0,0,0,-9999.0,0.76953125,1,P14_CV0,1,2,0,0,2
15,44.222,-122.117,ID15_F15_m15f15_P15_Y9_UO2239,ID15_F15_m15f15_P15_Y7_UO756,ID15_F15_m15f15_P15_Y8_UO3921,MXY,1,0.0,1,0,0.0,0,0,0,-9999.0,0.76953125,1,P14_CV0,1,2,0,0,2
15,44.222,-122.117,ID15_F15_m15f15_P15_Y9_UO2240,ID15_F15_m15f15_P15_Y7_UO756,ID15_F15_m15f15_P15_Y8_UO3921,MXY,1,0.0,1,0,0.0,0,0,0,-9999.0,0.76953125,1,P14_CV0,1,2,0,0,2
15,44.222,-122.117,ID15_F15_m15f15_P15_Y9_UO2321,ID15_F15_m15f15_P15_Y7_UO4784,ID15_F15_m15f15_P15_Y7_UO4725,FXX,1,0.0,1,0,1.0,0,0,0,-9999.0,0.73046875,1,P14_CV0,1,2,0,1,1
15,44.222,-122.117,ID15_F15_m15f15_P15_Y9_UO2322,ID15_F15_m15f15_P15_Y7_UO4784,ID15_F15_m15f15_P15_Y7_UO4725,FXX,1,0.0,1,0,1.0,0,0,0,-9999.0,0.73046875,1,P14_CV0,1,2,0,1,1
15,44.222,-122.117,ID15_F15_m15f15_P15_Y9_UO2323,ID15_F15_m15f15_P15_Y7_UO4784,ID15_F15_m15f15_P15_Y7_UO4725,MXY,1,0.0,1,0,0.0,0,0,0,-9999.0,0.73046875,1,P14_CV0,1,2,0,1,1
15,44.222,-122.117,ID15_F15_m15f15_P15_Y9_UO2605,ID15_F15_m15f15_P15_Y6_UO5317,ID15_F15_m15f15_P15_Y8_UO1859,MXY,1,0.0,1,0,0.0,0,0,0,-9999.0,0.7783203125,1,P14_CV0,1,2,0,0,2
15,44.222,-122.117,ID15_F15_m15f15_P15_Y9_UO2606,ID15_F15_m15f15_P15_Y6_UO5317,ID15_F15_m15f15_P15_Y8_UO1859,MXY,1,0.0,1,0,0.0,0,0,0,-9999.0,0.7783203125,1,P14_CV0,1,2,0,2,0
15,44.222,-122.117,ID15_F15_m15f15_P15_Y9_UO2616,ID15_F15_m15f15_P15_Y7_UO482,ID15_F15_m15f15_P15_Y7_UO1032,FXX,1,0.0,1,0,1.0,0,0,0,-9999.0,0.7734375,1,P14_CV0,1,2,0,2,0
15,44.222,-122.117,ID15_F15_m15f15_P15_Y9_UO2617,ID15_F15_m15f15_P15_Y7_UO482,ID15_F15_m15f15_P15_Y7_UO1032,FXX,1,0.0,1,0,1.0,0,0,0,-9999.0,0.7734375,1,P14_CV0,1,2,0,2,0
15,44.222,-122.117,ID15_F15_m15f15_P15_Y9_UO2618,ID15_F15_m15f15_P15_Y7_UO482,ID15_F15_m15f15_P15_Y7_UO1032,FXX,1,0.0,1,0,1.0,0,0,0,-9999.0,0.7734375,1,P14_CV0,1,2,0,2,0
15,44.222,-122.117,ID15_F15_m15f15_P15_Y9_UO2619,ID15_F15_m15f15_P15_Y7_UO482,ID15_F15_m15f15_P15_Y7_UO1032,MXY,1,0.0,1,0,0.0,0,0,0,-9999.0,0.7734375,1,P14_CV0,1,2,0,1,1
15,44.222,-122.117,ID15_F15_m15f15_P15_Y9_UO2621,ID15_F15_m15f15_P15_Y7_UO482,ID15_F15_m15f15_P15_Y7_UO1032,MXY,1,0.0,1,0,0.0,0,0,0,-9999.0,0.7734375,1,P14_CV0,1,2,0,2,0
15,44.222,-122.117,ID15_F15_m15f15_P15_Y9_UO2633,ID15_F15_m15f15_P15_Y5_UO3211,ID15_F15_m15f15_P15_Y7_UO3486,MXY,1,0.0,1,0,0.0,0,0,0,-9999.0,0.6875,1,P14_CV0,1,2,0,0,2
15,44.222,-122.117,ID15_F15_m15f15_P15_Y9_UO2634,ID15_F15_m15f15_P15_Y5_UO3211,ID15_F15_m15f15_P15_Y7_UO3486,MXY,1,0.0,1,0,0.0,0,0,0,-9999.0,0.6875,1,P14_CV0,1,2,0,1,1
15,44.222,-122.117,ID15_F15_m15f15_P15_Y9_UO2843,ID15_F15_m15f15_P15_Y7_UO2193,ID15_F15_m15f15_P15_Y7_UO4324,MXY,1,0.0,1,0,0.0,0,0,0,-9999.0,0.79296875,1,P14_CV0,1,2,0,0,2
15,44.222,-122.117,ID15_F15_m15f15_P15_Y9_UO2845,ID15_F15_m15f15_P15_Y7_UO2193,ID15_F15_m15f15_P15_Y7_UO4324,FXX,1,0.0,1,0,1.0,0,0,0,-9999.0,0.79296875,1,P14_CV0,1,2,0,0,2
15,44.222,-122.117,ID15_F15_m15f15_P15_Y9_UO2848,ID15_F15_m15f15_P15_Y7_UO2193,ID15_F15_m15f15_P15_Y7_UO4324,MXY,1,0.0,1,0,0.0,0,0,0,-9999.0,0.79296875,1,P14_CV0,1,2,0,0,2
15,44.222,-122.117,ID15_F15_m15f15_P15_Y9_UO2849,ID15_F15_m15f15_P15_Y7_UO2193,ID15_F15_m15f15_P15_Y7_UO4324,FXX,1,0.0,1,0,1.0,0,0,0,-9999.0,0.79296875,1,P14_CV0,1,2,0,1,1
15,44.222,-122.117,ID15_F15_m15f15_P15_Y9_UO2853,ID15_F15_m15f15_P15_Y7_UO2193,ID15_F15_m15f15_P15_Y7_UO4324,FXX,1,0.0,1,0,1.0,0,0,0,-9999.0,0.79296875,1,P14_CV0,1,2,0,0,2
15,44.222,-122.117,ID15_F15_m15f15_P15_Y9_UO2855,ID15_F15_m15f15_P15_Y7_UO2193,ID15_F15_m15f15_P15_Y7_UO4324,FXX,1,0.0,1,0,1.0,0,0,0,-9999.0,0.79296875,1,P14_CV0,1,2,0,0,2
15,44.222,-122.117,ID15_F15_m15f15_P15_Y9_UO3136,ID15_F15_m15f15_P15_Y5_UO3211,ID15_F15_m15f15_P15_Y6_UO2980,FXX,1,0.0,1,0,1.0,0,0,0,-9999.0,0.67578125,1,P14_CV0,1,2,0,2,0
15,44.222,-122.117,ID15_F15_m15f15_P15_Y9_UO3148,ID15_F15_m15f15_P15_Y7_UO1917,ID15_F15_m15f15_P15_Y8_UO7256,FXX,1,0.0,1,0,1.0,0,0,0,-9999.0,0.71484375,1,P14_CV0,1,2,0,1,1
15,44.222,-122.117,ID15_F15_m15f15_P15_Y9_UO3152,ID15_F15_m15f15_P15_Y7_UO1917,ID15_F15_m15f15_P15_Y8_UO7256,FXX,1,0.0,1,0,1.0,0,0,0,-9999.0,0.71484375,1,P14_CV0,1,2,0,1,1
15,44.222,-122.117,ID15_F15_m15f15_P15_Y9_UO3457,ID15_F15_m15f15_P15_Y7_UO4238,ID15_F15_m15f15_P15_Y7_UO3583,FXX,1,0.0,1,0,1.0,0,0,0,-9999.0,0.75390625,1,P14_CV0,1,2,0,1,1
15,44.222,-122.117,ID15_F15_m15f15_P15_Y9_UO3459,ID15_F15_m15f15_P15_Y7_UO4238,ID15_F15_m15f15_P15_Y7_UO3583,FXX,1,0.0,1,0,1.0,0,0,0,-9999.0,0.75390625,1,P14_CV0,1,2,0,1,1
15,44.222,-122.117,ID15_F15_m15f15_P15_Y9_UO3552,ID15_F15_m15f15_P15_Y7_UO3574,ID15_F15_m15f15_P15_Y8_UO5920,MXY,1,0.0,1,0,0.0,0,0,0,-9999.0,0.734375,1,P14_CV0,1,2,0,2,0
15,44.222,-122.117,ID15_F15_m15f15_P15_Y9_UO3557,ID15_F15_m15f15_P15_Y7_UO3574,ID15_F15_m15f15_P15_Y8_UO5920,FXX,1,0.0,1,0,1.0,0,0,0,-9999.0,0.734375,1,P14_CV0,1,2,0,2,0
15,44.222,-122.117,ID15_F15_m15f15_P15_Y9_UO3560,ID15_F15_m15f15_P15_Y7_UO3574,ID15_F15_m15f15_P15_Y8_UO5920,FXX,1,0.0,1,0,1.0,0,0,0,-9999.0,0.734375,1,P14_CV0,1,2,0,2,0
15,44.222,-122.117,ID15_F15_m15f15_P15_Y9_UO3562,ID15_F15_m15f15_P15_Y7_UO3574,ID15_F15_m15f15_P15_Y8_UO5920,FXX,1,0.0,1,0,1.0,0,0,0,-9999.0,0.734375,1,P14_CV0,1,2,0,2,0
15,44.222,-122.117,ID15_F15_m15f15_P15_Y9_UO3564,ID15_F15_m15f15_P15_Y7_UO4243,ID15_F15_m15f15_P15_Y8_UO4520,MXY,1,0.0,1,0,0.0,0,0,0,-9999.0,0.70703125,1,P14_CV0,1,2,0,0,2
15,44.222,-122.117,ID15_F15_m15f15_P15_Y9_UO3567,ID15_F15_m15f15_P15_Y7_UO4243,ID15_F15_m15f15_P15_Y8_UO4520,MXY,1,0.0,1,0,0.0,0,0,0,-9999.0,0.70703125,1,P14_CV0,1,2,0,0,2
15,44.222,-122.117,ID15_F15_m15f15_P15_Y9_UO3569,ID15_F15_m15f15_P15_Y7_UO4243,ID15_F15_m15f15_P15_Y8_UO4520,MXY,1,0.0,1,0,0.0,0,0,0,-9999.0,0.70703125,1,P14_CV0,1,2,0,0,2
15,44.222,-122.117,ID15_F15_m15f15_P15_Y9_UO3573,ID15_F15_m15f15_P15_Y7_UO4243,ID15_F15_m15f15_P15_Y8_UO4520,FXX,1,0.0,1,0,1.0,0,0,0,-9999.0,0.70703125,1,P14_CV0,1,2,0,0,2
15,44.222,-122.117,ID15_F15_m15f15_P15_Y9_UO3575,ID15_F15_m15f15_P15_Y7_UO4243,ID15_F15_m15f15_P15_Y8_UO4520,MXY,1,0.0,1,0,0.0,0,0,0,-9999.0,0.70703125,1,P14_CV0,1,2,0,0,2
15,44.222,-122.117,ID15_F15_m15f15_P15_Y9_UO3635,ID15_F15_m15f15_P15_Y6_UO626,ID15_F15_m15f15_P15_Y8_UO356,MXY,1,0.0,1,0,0.0,0,0,0,-9999.0,0.748046875,1,P14_CV0,1,2,0,2,0
15,44.222,-122.117,ID15_F15_m15f15_P15_Y9_UO3637,ID15_F15_m15f15_P15_Y6_UO626,ID15_F15_m15f15_P15_Y8_UO356,FXX,1,0.0,1,0,1.0,0,0,0,-9999.0,0.748046875,1,P14_CV0,1,2,0,1,1
15,44.222,-122.117,ID15_F15_m15f15_P15_Y9_UO3638,ID15_F15_m15f15_P15_Y6_UO626,ID15_F15_m15f15_P15_Y8_UO356,FXX,1,0.0,1,0,1.0,0,0,0,-9999.0,0.748046875,1,P14_CV0,1,2,0,0,2
15,44.222,-122.117,ID15_F15_m15f15_P15_Y9_UO3639,ID15_F15_m15f15_P15_Y6_UO626,ID15_F15_m15f15_P15_Y8_UO356,FXX,1,0.0,1,0,1.0,0,0,0,-9999.0,0.748046875,1,P14_CV0,1,2,0,2,0
15,44.222,-122.117,ID15_F15_m15f15_P15_Y9_UO3641,ID15_F15_m15f15_P15_Y6_UO626,ID15_F15_m15f15_P15_Y8_UO356,FXX,1,0.0,1,0,1.0,0,0,0,-9999.0,0.748046875,1,P14_CV0,1,2,0,2,0
15,44.222,-122.117,ID15_F15_m15f15_P15_Y9_UO3642,ID15_F15_m15f15_P15_Y6_UO626,ID15_F15_m15f15_P15_Y8_UO356,FXX,1,0.0,1,0,1.0,0,0,0,-9999.0,0.748046875,1,P14_CV0,1,2,0,0,2
15,44.222,-122.117,ID15_F15_m15f15_P15_Y9_UO3643,ID15_F15_m15f15_P15_Y6_UO626,ID15_F15_m15f15_P15_Y8_UO356,FXX,1,0.0,1,0,1.0,0,0,0,-9999.0,0.748046875,1,P14_CV0,1,2,0,2,0
15,44.222,-122.117,ID15_F15_m15f15_P15_Y9_UO3872,ID15_F15_m15f15_P15_Y7_UO2790,ID15_F15_m15f15_P15_Y8_UO3048,FXX,1,0.0,1,0,1.0,0,0,0,-9999.0,0.765625,1,P14_CV0,1,2,0,1,1
15,44.222,-122.117,ID15_F15_m15f15_P15_Y9_UO3874,ID15_F15_m15f15_P15_Y7_UO2790,ID15_F15_m15f15_P15_Y8_UO3048,MXY,1,0.0,1,0,0.0,0,0,0,-9999.0,0.765625,1,P14_CV0,1,2,0,1,1
15,44.222,-122.117,ID15_F15_m15f15_P15_Y9_UO3875,ID15_F15_m15f15_P15_Y7_UO2790,ID15_F15_m15f15_P15_Y8_UO3048,FXX,1,0.0,1,0,1.0,0,0,0,-9999.0,0.765625,1,P14_CV0,1,2,0,1,1
15,44.222,-122.117,ID15_F15_m15f15_P15_Y9_UO3878,ID15_F15_m15f15_P15_Y7_UO2790,ID15_F15_m15f15_P15_Y8_UO3048,FXX,1,0.0,1,0,1.0,0,0,0,-9999.0,0.765625,1,P14_CV0,1,2,0,1,1
15,44.222,-122.117,ID15_F15_m15f15_P15_Y9_UO3882,ID15_F15_m15f15_P15_Y5_UO1187,ID15_F15_m15f15_P15_Y8_UO1120,FXX,1,0.0,1,0,1.0,0,0,0,-9999.0,0.73046875,1,P14_CV0,1,2,0,2,0
15,44.222,-122.117,ID15_F15_m15f15_P15_Y9_UO4347,ID15_F15_m15f15_P15_Y6_UO1344,ID15_F15_m15f15_P15_Y8_UO5052,MXY,1,0.0,1,0,0.0,0,0,0,-9999.0,0.71875,1,P14_CV0,1,2,0,1,1
15,44.222,-122.117,ID15_F15_m15f15_P15_Y9_UO4348,ID15_F15_m15f15_P15_Y6_UO1344,ID15_F15_m15f15_P15_Y8_UO5052,FXX,1,0.0,1,0,1.0,0,0,0,-9999.0,0.71875,1,P14_CV0,1,2,0,1,1
15,44.222,-122.117,ID15_F15_m15f15_P15_Y9_UO4351,ID15_F15_m15f15_P15_Y6_UO1344,ID15_F15_m15f15_P15_Y8_UO5052,MXY,1,0.0,1,0,0.0,0,0,0,-9999.0,0.71875,1,P14_CV0,1,2,0,1,1
15,44.222,-122.117,ID15_F15_m15f15_P15_Y9_UO4452,ID15_F15_m15f15_P15_Y4_UO5333,ID15_F15_m15f15_P15_Y8_UO1481,FXX,1,0.0,1,0,1.0,0,0,0,-9999.0,0.783203125,1,P14_CV0,1,2,0,2,0
15,44.222,-122.117,ID15_F15_m15f15_P15_Y9_UO4546,ID15_F15_m15f15_P15_Y7_UO4238,ID15_F15_m15f15_P15_Y8_UO7568,FXX,1,0.0,1,0,1.0,0,0,0,-9999.0,0.7734375,1,P14_CV0,1,2,0,0,2
15,44.222,-122.117,ID15_F15_m15f15_P15_Y9_UO4804,ID15_F15_m15f15_P15_Y7_UO4238,ID15_F15_m15f15_P15_Y7_UO5845,MXY,1,0.0,1,0,0.0,0,0,0,-9999.0,0.7890625,1,P14_CV0,1,2,0,0,2
15,44.222,-122.117,ID15_F15_m15f15_P15_Y9_UO4805,ID15_F15_m15f15_P15_Y7_UO4238,ID15_F15_m15f15_P15_Y7_UO5845,FXX,1,0.0,1,0,1.0,0,0,0,-9999.0,0.7890625,1,P14_CV0,1,2,0,1,1
15,44.222,-122.117,ID15_F15_m15f15_P15_Y9_UO4836,ID15_F15_m15f15_P15_Y7_UO4723,ID15_F15_m15f15_P15_Y8_UO4520,MXY,1,0.0,1,0,0.0,0,0,0,-9999.0,0.73046875,1,P14_CV0,1,2,0,1,1
15,44.222,-122.117,ID15_F15_m15f15_P15_Y9_UO4837,ID15_F15_m15f15_P15_Y7_UO4723,ID15_F15_m15f15_P15_Y8_UO4520,FXX,1,0.0,1,0,1.0,0,0,0,-9999.0,0.73046875,1,P14_CV0,1,2,0,1,1
15,44.222,-122.117,ID15_F15_m15f15_P15_Y9_UO4838,ID15_F15_m15f15_P15_Y7_UO4723,ID15_F15_m15f15_P15_Y8_UO4520,MXY,1,0.0,1,0,0.0,0,0,0,-9999.0,0.73046875,1,P14_CV0,1,2,0,1,1
15,44.222,-122.117,ID15_F15_m15f15_P15_Y9_UO4840,ID15_F15_m15f15_P15_Y7_UO4723,ID15_F15_m15f15_P15_Y8_UO4520,FXX,1,0.0,1,0,1.0,0,0,0,-9999.0,0.73046875,1,P14_CV0,1,2,0,1,1
15,44.222,-122.117,ID15_F15_m15f15_P15_Y9_UO5086,ID15_F15_m15f15_P15_Y6_UO5317,ID15_F15_m15f15_P15_Y8_UO2738,MXY,1,0.0,1,0,0.0,0,0,0,-9999.0,0.76171875,1,P14_CV0,1,2,0,1,1
15,44.222,-122.117,ID15_F15_m15f15_P15_Y9_UO5087,ID15_F15_m15f15_P15_Y6_UO5317,ID15_F15_m15f15_P15_Y8_UO2738,MXY,1,0.0,1,0,0.0,0,0,0,-9999.0,0.76171875,1,P14_CV0,1,2,0,1,1
15,44.222,-122.117,ID15_F15_m15f15_P15_Y9_UO5464,ID15_F15_m15f15_P15_Y7_UO4784,ID15_F15_m15f15_P15_Y8_UO3048,MXY,1,0.0,1,0,0.0,0,0,0,-9999.0,0.7421875,1,P14_CV0,1,2,0,1,1
15,44.222,-122.117,ID15_F15_m15f15_P15_Y9_UO5465,ID15_F15_m15f15_P15_Y7_UO4784,ID15_F15_m15f15_P15_Y8_UO3048,MXY,1,0.0,1,0,0.0,0,0,0,-9999.0,0.7421875,1,P14_CV0,1,2,0,1,1
15,44.222,-122.117,ID15_F15_m15f15_P15_Y9_UO5466,ID15_F15_m15f15_P15_Y7_UO4784,ID15_F15_m15f15_P15_Y8_UO3048,MXY,1,0.0,1,0,0.0,0,0,0,-9999.0,0.7421875,1,P14_CV0,1,2,0,1,1
15,44.222,-122.117,ID15_F15_m15f15_P15_Y9_UO5468,ID15_F15_m15f15_P15_Y7_UO4784,ID15_F15_m15f15_P15_Y8_UO3048,MXY,1,0.0,1,0,0.0,0,0,0,-9999.0,0.7421875,1,P14_CV0,1,2,0,1,1
15,44.222,-122.117,ID15_F15_m15f15_P15_Y9_UO5650,ID15_F15_m15f15_P15_Y7_UO1489,ID15_F15_m15f15_P15_Y8_UO218,MXY,1,0.0,1,0,0.0,0,0,0,-9999.0,0.7060546875,1,P14_CV0,1,2,0,1,1
15,44.222,-122.117,ID15_F15_m15f15_P15_Y9_UO5652,ID15_F15_m15f15_P15_Y7_UO1489,ID15_F15_m15f15_P15_Y8_UO218,MXY,1,0.0,1,0,0.0,0,0,0,-9999.0,0.7060546875,1,P14_CV0,1,2,0,1,1
15,44.222,-122.117,ID15_F15_m15f15_P15_Y9_UO5653,ID15_F15_m15f15_P15_Y7_UO1489,ID15_F15_m15f15_P15_Y8_UO218,FXX,1,0.0,1,0,1.0,0,0,0,-9999.0,0.7060546875,1,P14_CV0,1,2,0,2,0
15,44.222,-122.117,ID15_F15_m15f15_P15_Y9_UO5654,ID15_F15_m15f15_P15_Y7_UO1489,ID15_F15_m15f15_P15_Y8_UO218,FXX,1,0.0,1,0,1.0,0,0,0,-9999.0,0.7060546875,1,P14_CV0,1,2,0,1,1
15,44.222,-122.117,ID15_F15_m15f15_P15_Y9_UO5656,ID15_F15_m15f15_P15_Y7_UO1489,ID15_F15_m15f15_P15_Y8_UO218,MXY,1,0.0,1,0,0.0,0,0,0,-9999.0,0.7060546875,1,P14_CV0,1,2,0,1,1
15,44.222,-122.117,ID15_F15_m15f15_P15_Y9_UO5657,ID15_F15_m15f15_P15_Y7_UO2173,ID15_F15_m15f15_P15_Y8_UO1862,FXX,1,0.0,1,0,1.0,0,0,0,-9999.0,0.7314453125,1,P14_CV0,1,2,0,2,0
15,44.222,-122.117,ID15_F15_m15f15_P15_Y9_UO5659,ID15_F15_m15f15_P15_Y7_UO2173,ID15_F15_m15f15_P15_Y8_UO1862,FXX,1,0.0,1,0,1.0,0,0,0,-9999.0,0.7314453125,1,P14_CV0,1,2,0,1,1
15,44.222,-122.117,ID15_F15_m15f15_P15_Y9_UO5662,ID15_F15_m15f15_P15_Y7_UO2173,ID15_F15_m15f15_P15_Y8_UO1862,FXX,1,0.0,1,0,1.0,0,0,0,-9999.0,0.7314453125,1,P14_CV0,1,2,0,2,0
15,44.222,-122.117,ID15_F15_m15f15_P15_Y9_UO5665,ID15_F15_m15f15_P15_Y7_UO2173,ID15_F15_m15f15_P15_Y8_UO1862,MXY,1,0.0,1,0,0.0,0,0,0,-9999.0,0.7314453125,1,P14_CV0,1,2,0,2,0
15,44.222,-122.117,ID15_F15_m15f15_P15_Y9_UO5666,ID15_F15_m15f15_P15_Y7_UO2173,ID15_F15_m15f15_P15_Y8_UO1862,FXX,1,0.0,1,0,1.0,0,0,0,-9999.0,0.7314453125,1,P14_CV0,1,2,0,2,0
15,44.222,-122.117,ID15_F15_m15f15_P15_Y9_UO5667,ID15_F15_m15f15_P15_Y7_UO2173,ID15_F15_m15f15_P15_Y8_UO1862,FXX,1,0.0,1,0,1.0,0,0,0,-9999.0,0.7314453125,1,P14_CV0,1,2,0,1,1
15,44.222,-122.117,ID15_F15_m15f15_P15_Y9_UO5744,ID15_F15_m15f15_P15_Y7_UO4083,ID15_F15_m15f15_P15_Y8_UO5298,MXY,1,0.0,1,0,0.0,0,0,0,-9999.0,0.75,1,P14_CV0,1,2,0,1,1
15,44.222,-122.117,ID15_F15_m15f15_P15_Y9_UO5761,ID15_F15_m15f15_P15_Y7_UO4723,ID15_F15_m15f15_P15_Y8_UO5295,MXY,1,0.0,1,0,0.0,0,0,0,-9999.0,0.76171875,1,P14_CV0,1,2,0,2,0
15,44.222,-122.117,ID15_F15_m15f15_P15_Y9_UO5765,ID15_F15_m15f15_P15_Y7_UO4723,ID15_F15_m15f15_P15_Y8_UO5295,MXY,1,0.0,1,0,0.0,0,0,0,-9999.0,0.76171875,1,P14_CV0,1,2,0,1,1
15,44.222,-122.117,ID15_F15_m15f15_P15_Y9_UO5767,ID15_F15_m15f15_P15_Y7_UO4723,ID15_F15_m15f15_P15_Y8_UO5295,MXY,1,0.0,1,0,0.0,0,0,0,-9999.0,0.76171875,1,P14_CV0,1,2,0,2,0
15,44.222,-122.117,ID15_F15_m15f15_P15_Y9_UO5768,ID15_F15_m15f15_P15_Y7_UO4723,ID15_F15_m15f15_P15_Y8_UO5295,FXX,1,0.0,1,0,1.0,0,0,0,-9999.0,0.76171875,1,P14_CV0,1,2,0,1,1
15,44.222,-122.117,ID15_F15_m15f15_P15_Y9_UO5770,ID15_F15_m15f15_P15_Y7_UO3210,ID15_F15_m15f15_P15_Y8_UO1859,MXY,1,0.0,1,0,0.0,0,0,0,-9999.0,0.7392578125,1,P14_CV0,1,2,0,2,0
15,44.222,-122.117,ID15_F15_m15f15_P15_Y9_UO5771,ID15_F15_m15f15_P15_Y7_UO3210,ID15_F15_m15f15_P15_Y8_UO1859,MXY,1,0.0,1,0,0.0,0,0,0,-9999.0,0.7392578125,1,P14_CV0,1,2,0,1,1
15,44.222,-122.117,ID15_F15_m15f15_P15_Y9_UO5773,ID15_F15_m15f15_P15_Y7_UO3210,ID15_F15_m15f15_P15_Y8_UO1859,FXX,1,0.0,1,0,1.0,0,0,0,-9999.0,0.7392578125,1,P14_CV0,1,2,0,2,0
15,44.222,-122.117,ID15_F15_m15f15_P15_Y9_UO5774,ID15_F15_m15f15_P15_Y7_UO3210,ID15_F15_m15f15_P15_Y8_UO1859,FXX,1,0.0,1,0,1.0,0,0,0,-9999.0,0.7392578125,1,P14_CV0,1,2,0,2,0
15,44.222,-122.117,ID15_F15_m15f15_P15_Y9_UO5928,ID15_F15_m15f15_P15_Y5_UO1184,ID15_F15_m15f15_P15_Y8_UO2738,FXX,1,0.0,1,0,1.0,0,0,0,-9999.0,0.73828125,1,P14_CV0,1,2,0,2,0
15,44.222,-122.117,ID15_F15_m15f15_P15_Y9_UO6155,ID15_F15_m15f15_P15_Y7_UO3027,ID15_F15_m15f15_P15_Y7_UO5846,FXX,1,0.0,1,0,1.0,0,0,0,-9999.0,0.70703125,1,P14_CV0,1,2,0,2,0
15,44.222,-122.117,ID15_F15_m15f15_P15_Y8_UO1115,ID15_F15_m15f15_P15_Y4_UO191,ID15_F15_m15f15_P15_Y7_UO1165,MXY,2,0.0,1,0,0.0,0,0,0,-9999.0,0.7109375,1,P14_CV0,1,2,0,1,1
15,44.222,-122.117,ID15_F15_m15f15_P15_Y8_UO7317,ID15_F15_m15f15_P15_Y6_UO5325,ID15_F15_m15f15_P15_Y7_UO3623,FXX,2,0.0,1,0,1.0,0,0,0,-9999.0,0.75390625,1,P14_CV0,1,2,0,2,0
15,44.222,-122.117,ID15_F15_m15f15_P15_Y8_UO1989,ID15_F15_m15f15_P15_Y6_UO3854,ID15_F15_m15f15_P15_Y4_UO3695,MXY,2,0.0,1,0,0.0,0,0,0,-9999.0,0.796875,1,P14_CV0,1,2,0,1,1
15,44.222,-122.117,ID15_F15_m15f15_P15_Y8_UO7562,ID15_F15_m15f15_P15_Y6_UO7180,ID15_F15_m15f15_P15_Y6_UO3881,MXY,2,0.0,1,0,0.0,0,0,0,-9999.0,0.7421875,1,P14_CV0,1,2,0,0,2
15,44.222,-122.117,ID15_F15_m15f15_P15_Y8_UO7417,ID15_F15_m15f15_P15_Y6_UO5191,ID15_F15_m15f15_P15_Y7_UO4324,MXY,2,0.0,1,0,0.0,0,0,0,-9999.0,0.7890625,1,P14_CV0,1,2,0,1,1
15,44.222,-122.117,ID15_F15_m15f15_P15_Y8_UO5295,ID15_F15_m15f15_P15_Y6_UO2374,ID15_F15_m15f15_P15_Y7_UO371,MXY,2,0.0,1,0,0.0,0,0,0,-9999.0,0.765625,1,P14_CV0,1,2,0,1,1
15,44.222,-122.117,ID15_F15_m15f15_P15_Y8_UO119,ID15_F15_m15f15_P15_Y6_UO2374,ID15_F15_m15f15_P15_Y7_UO192,FXX,2,0.0,1,0,1.0,0,0,0,-9999.0,0.75,1,P14_CV0,1,2,0,2,0
15,44.222,-122.117,ID15_F15_m15f15_P15_Y8_UO7322,ID15_F15_m15f15_P15_Y6_UO5325,ID15_F15_m15f15_P15_Y7_UO3623,FXX,2,0.0,1,0,1.0,0,0,0,-9999.0,0.75390625,1,P14_CV0,1,2,0,2,0
15,44.222,-122.117,ID15_F15_m15f15_P15_Y8_UO3920,ID15_F15_m15f15_P15_Y6_UO5189,ID15_F15_m15f15_P15_Y7_UO2585,FXX,2,0.0,1,0,1.0,0,0,0,-9999.0,0.7890625,1,P14_CV0,1,2,0,1,1
15,44.222,-122.117,ID15_F15_m15f15_P15_Y8_UO2648,ID15_F15_m15f15_P15_Y6_UO6259,ID15_F15_m15f15_P15_Y7_UO355,FXX,2,0.0,1,0,1.0,0,0,0,-9999.0,0.734375,1,P14_CV0,1,2,0,1,1
15,44.222,-122.117,ID15_F15_m15f15_P15_Y8_UO1586,ID15_F15_m15f15_P15_Y6_UO628,ID15_F15_m15f15_P15_Y5_UO1563,FXX,2,0.0,1,0,1.0,0,0,0,-9999.0,0.7265625,1,P14_CV0,1,2,0,0,2
15,44.222,-122.117,ID15_F15_m15f15_P15_Y8_UO1753,ID15_F15_m15f15_P15_Y6_UO628,ID15_F15_m15f15_P15_Y4_UO4621,MXY,2,0.0,1,0,0.0,0,0,0,-9999.0,0.7578125,1,P14_CV0,1,2,0,2,0
15,44.222,-122.117,ID15_F15_m15f15_P15_Y8_UO5053,ID15_F15_m15f15_P15_Y6_UO6285,ID15_F15_m15f15_P15_Y4_UO5536,FXX,2,0.0,1,0,1.0,0,0,0,-9999.0,0.71875,1,P14_CV0,1,2,0,1,1
15,44.222,-122.117,ID15_F15_m15f15_P15_Y8_UO1851,ID15_F15_m15f15_P15_Y6_UO5328,ID15_F15_m15f15_P15_Y7_UO3897,FXX,2,0.0,1,0,1.0,0,0,0,-9999.0,0.759765625,1,P14_CV0,1,2,0,1,1
15,44.222,-122.117,ID15_F15_m15f15_P15_Y8_UO5297,ID15_F15_m15f15_P15_Y6_UO2374,ID15_F15_m15f15_P15_Y7_UO371,MXY,2,0.0,1,0,0.0,0,0,0,-9999.0,0.765625,1,P14_CV0,1,2,0,1,1
15,44.222,-122.117,ID15_F15_m15f15_P15_Y8_UO1749,ID15_F15_m15f15_P15_Y6_UO628,ID15_F15_m15f15_P15_Y4_UO4621,FXX,2,0.0,1,0,1.0,0,0,0,-9999.0,0.7578125,1,P14_CV0,1,2,0,2,0
15,44.222,-122.117,ID15_F15_m15f15_P15_Y8_UO6156,ID15_F15_m15f15_P15_Y6_UO1962,ID15_F15_m15f15_P15_Y7_UO4324,MXY,2,0.0,1,0,0.0,0,0,0,-9999.0,0.71875,1,P14_CV0,1,2,0,2,0
15,44.222,-122.117,ID15_F15_m15f15_P15_Y8_UO2649,ID15_F15_m15f15_P15_Y6_UO6259,ID15_F15_m15f15_P15_Y7_UO355,FXX,2,0.0,1,0,1.0,0,0,0,-9999.0,0.734375,1,P14_CV0,1,2,0,2,0
15,44.222,-122.117,ID15_F15_m15f15_P15_Y8_UO2656,ID15_F15_m15f15_P15_Y6_UO6259,ID15_F15_m15f15_P15_Y7_UO355,FXX,2,0.0,1,0,1.0,0,0,0,-9999.0,0.734375,1,P14_CV0,1,2,0,1,1
15,44.222,-122.117,ID15_F15_m15f15_P15_Y8_UO355,ID15_F15_m15f15_P15_Y5_UO1184,ID15_F15_m15f15_P15_Y7_UO5851,MXY,2,0.0,1,0,0.0,0,0,0,-9999.0,0.76171875,1,P14_CV0,1,2,0,2,0
15,44.222,-122.117,ID15_F15_m15f15_P15_Y8_UO7412,ID15_F15_m15f15_P15_Y6_UO5191,ID15_F15_m15f15_P15_Y7_UO4324,MXY,2,0.0,1,0,0.0,0,0,0,-9999.0,0.7890625,1,P14_CV0,1,2,0,0,2
15,44.222,-122.117,ID15_F15_m15f15_P15_Y8_UO3491,ID15_F15_m15f15_P15_Y6_UO1962,ID15_F15_m15f15_P15_Y7_UO2560,MXY,2,0.0,1,0,0.0,0,0,0,-9999.0,0.6953125,1,P14_CV0,1,2,0,2,0
15,44.222,-122.117,ID15_F15_m15f15_P15_Y8_UO417,ID15_F15_m15f15_P15_Y5_UO3211,ID15_F15_m15f15_P15_Y6_UO2980,FXX,2,0.0,1,0,1.0,0,0,0,-9999.0,0.67578125,1,P14_CV0,1,2,0,0,2
15,44.222,-122.117,ID15_F15_m15f15_P15_Y8_UO3493,ID15_F15_m15f15_P15_Y6_UO1962,ID15_F15_m15f15_P15_Y7_UO2560,MXY,2,0.0,1,0,0.0,0,0,0,-9999.0,0.6953125,1,P14_CV0,1,2,0,2,0
15,44.222,-122.117,ID15_F15_m15f15_P15_Y8_UO1859,ID15_F15_m15f15_P15_Y6_UO5328,ID15_F15_m15f15_P15_Y7_UO3897,MXY,2,0.0,1,0,0.0,0,0,0,-9999.0,0.759765625,1,P14_CV0,1,2,0,1,1
15,44.222,-122.117,ID15_F15_m15f15_P15_Y8_UO3026,ID15_F15_m15f15_P15_Y6_UO6494,ID15_F15_m15f15_P15_Y7_UO4392,FXX,2,0.0,1,0,1.0,0,0,0,-9999.0,0.765625,1,P14_CV0,1,2,0,2,0
15,44.222,-122.117,ID15_F15_m15f15_P15_Y8_UO4297,ID15_F15_m15f15_P15_Y3_UO1810,ID15_F15_m15f15_P15_Y7_UO5595,FXX,2,0.0,1,0,1.0,0,0,0,-9999.0,0.796875,1,P14_CV0,1,2,0,0,2
15,44.222,-122.117,ID15_F15_m15f15_P15_Y8_UO5754,ID15_F15_m15f15_P15_Y6_UO1345,ID15_F15_m15f15_P15_Y7_UO3036,MXY,2,0.0,1,0,0.0,0,0,0,-9999.0,0.724609375,1,P14_CV0,1,2,0,1,1
15,44.222,-122.117,ID15_F15_m15f15_P15_Y8_UO3288,ID15_F15_m15f15_P15_Y6_UO1141,ID15_F15_m15f15_P15_Y7_UO357,MXY,2,0.0,1,0,0.0,0,0,0,-9999.0,0.7421875,1,P14_CV0,1,2,0,2,0
15,44.222,-122.117,ID15_F15_m15f15_P15_Y8_UO6536,ID15_F15_m15f15_P15_Y6_UO628,ID15_F15_m15f15_P15_Y7_UO5594,MXY,2,0.0,1,0,0.0,0,0,0,-9999.0,0.7265625,1,P14_CV0,1,2,0,1,1
15,44.222,-122.117,ID15_F15_m15f15_P15_Y8_UO3921,ID15_F15_m15f15_P15_Y6_UO5189,ID15_F15_m15f15_P15_Y7_UO2585,MXY,2,0.0,1,0,0.0,0,0,0,-9999.0,0.7890625,1,P14_CV0,1,2,0,1,1
15,44.222,-122.117,ID15_F15_m15f15_P15_Y8_UO6881,ID15_F15_m15f15_P15_Y6_UO7202,ID15_F15_m15f15_P15_Y7_UO2172,FXX,2,0.0,1,0,1.0,0,0,0,-9999.0,0.6640625,1,P14_CV0,1,2,0,1,1
15,44.222,-122.117,ID15_F15_m15f15_P15_Y8_UO4322,ID15_F15_m15f15_P15_Y6_UO5189,ID15_F15_m15f15_P15_Y7_UO1522,MXY,2,0.0,1,0,0.0,0,0,0,-9999.0,0.80078125,1,P14_CV0,1,2,0,1,1
15,44.222,-122.117,ID15_F15_m15f15_P15_Y8_UO1466,ID15_F15_m15f15_P15_Y6_UO2469,ID15_F15_m15f15_P15_Y7_UO4424,MXY,2,0.0,1,0,0.0,0,0,0,-9999.0,0.78125,1,P14_CV0,1,2,0,2,0
15,44.222,-122.117,ID15_F15_m15f15_P15_Y8_UO1590,ID15_F15_m15f15_P15_Y6_UO628,ID15_F15_m15f15_P15_Y5_UO1563,MXY,2,0.0,1,0,0.0,0,0,0,-9999.0,0.7265625,1,P14_CV0,1,2,0,1,1
15,44.222,-122.117,ID15_F15_m15f15_P15_Y8_UO207,ID15_F15_m15f15_P15_Y6_UO1024,ID15_F15_m15f15_P15_Y7_UO4082,MXY,2,0.0,1,0,0.0,0,0,0,-9999.0,0.71875,1,P14_CV0,1,2,0,2,0
15,44.222,-122.117,ID15_F15_m15f15_P15_Y8_UO208,ID15_F15_m15f15_P15_Y6_UO1024,ID15_F15_m15f15_P15_Y7_UO4082,MXY,2,0.0,1,0,0.0,0,0,0,-9999.0,0.71875,1,P14_CV0,1,2,0,2,0
15,44.222,-122.117,ID15_F15_m15f15_P15_Y8_UO5752,ID15_F15_m15f15_P15_Y6_UO1345,ID15_F15_m15f15_P15_Y7_UO3036,MXY,2,0.0,1,0,0.0,0,0,0,-9999.0,0.724609375,1,P14_CV0,1,2,0,1,1
15,44.222,-122.117,ID15_F15_m15f15_P15_Y8_UO206,ID15_F15_m15f15_P15_Y6_UO1024,ID15_F15_m15f15_P15_Y7_UO4082,FXX,2,0.0,1,0,1.0,0,0,0,-9999.0,0.71875,1,P14_CV0,1,2,0,2,0
15,44.222,-122.117,ID15_F15_m15f15_P15_Y8_UO2650,ID15_F15_m15f15_P15_Y6_UO6259,ID15_F15_m15f15_P15_Y7_UO355,MXY,2,0.0,1,0,0.0,0,0,0,-9999.0,0.734375,1,P14_CV0,1,2,0,1,1
15,44.222,-122.117,ID15_F15_m15f15_P15_Y8_UO1860,ID15_F15_m15f15_P15_Y6_UO5328,ID15_F15_m15f15_P15_Y7_UO3897,FXX,2,0.0,1,0,1.0,0,0,0,-9999.0,0.759765625,1,P14_CV0,1,2,0,1,1
15,44.222,-122.117,ID15_F15_m15f15_P15_Y8_UO7321,ID15_F15_m15f15_P15_Y6_UO5325,ID15_F15_m15f15_P15_Y7_UO3623,FXX,2,0.0,1,0,1.0,0,0,0,-9999.0,0.75390625,1,P14_CV0,1,2,0,1,1
15,44.222,-122.117,ID15_F15_m15f15_P15_Y8_UO7310,ID15_F15_m15f15_P15_Y6_UO2289,ID15_F15_m15f15_P15_Y7_UO3896,MXY,2,0.0,1,0,0.0,0,0,0,-9999.0,0.787109375,1,P14_CV0,1,2,0,1,1
15,44.222,-122.117,ID15_F15_m15f15_P15_Y8_UO6880,ID15_F15_m15f15_P15_Y6_UO7202,ID15_F15_m15f15_P15_Y7_UO2172,FXX,2,0.0,1,0,1.0,0,0,0,-9999.0,0.6640625,1,P14_CV0,1,2,0,1,1
15,44.222,-122.117,ID15_F15_m15f15_P15_Y8_UO7414,ID15_F15_m15f15_P15_Y6_UO5191,ID15_F15_m15f15_P15_Y7_UO4324,MXY,2,0.0,1,0,0.0,0,0,0,-9999.0,0.7890625,1,P14_CV0,1,2,0,1,1
15,44.222,-122.117,ID15_F15_m15f15_P15_Y8_UO3028,ID15_F15_m15f15_P15_Y6_UO6494,ID15_F15_m15f15_P15_Y7_UO4392,MXY,2,0.0,1,0,0.0,0,0,0,-9999.0,0.765625,1,P14_CV0,1,2,0,2,0
15,44.222,-122.117,ID15_F15_m15f15_P15_Y8_UO6629,ID15_F15_m15f15_P15_Y4_UO5333,ID15_F15_m15f15_P15_Y7_UO3582,FXX,2,0.0,1,0,1.0,0,0,0,-9999.0,0.7578125,1,P14_CV0,1,2,0,2,0
15,44.222,-122.117,ID15_F15_m15f15_P15_Y8_UO1752,ID15_F15_m15f15_P15_Y6_UO628,ID15_F15_m15f15_P15_Y4_UO4621,MXY,2,0.0,1,0,0.0,0,0,0,-9999.0,0.7578125,1,P14_CV0,1,2,0,1,1
15,44.222,-122.117,ID15_F15_m15f15_P15_Y8_UO4285,ID15_F15_m15f15_P15_Y6_UO7212,ID15_F15_m15f15_P15_Y6_UO7521,FXX,2,0.0,1,0,1.0,0,0,0,-9999.0,0.75,1,P14_CV0,1,2,0,0,2
15,44.222,-122.117,ID15_F15_m15f15_P15_Y8_UO4288,ID15_F15_m15f15_P15_Y6_UO7212,ID15_F15_m15f15_P15_Y6_UO7521,MXY,2,0.0,1,0,0.0,0,0,0,-9999.0,0.75,1,P14_CV0,1,2,0,0,2
15,44.222,-122.117,ID15_F15_m15f15_P15_Y8_UO1118,ID15_F15_m15f15_P15_Y4_UO191,ID15_F15_m15f15_P15_Y7_UO1165,MXY,2,0.0,1,0,0.0,0,0,0,-9999.0,0.7109375,1,P14_CV0,1,2,0,1,1
15,44.222,-122.117,ID15_F15_m15f15_P15_Y8_UO4283,ID15_F15_m15f15_P15_Y6_UO7212,ID15_F15_m15f15_P15_Y6_UO7521,MXY,2,0.0,1,0,0.0,0,0,0,-9999.0,0.75,1,P14_CV0,1,2,0,0,2
15,44.222,-122.117,ID15_F15_m15f15_P15_Y8_UO5750,ID15_F15_m15f15_P15_Y6_UO1345,ID15_F15_m15f15_P15_Y7_UO3036,FXX,2,0.0,1,0,1.0,0,0,0,-9999.0,0.724609375,1,P14_CV0,1,2,0,1,1
15,44.222,-122.117,ID15_F15_m15f15_P15_Y8_UO354,ID15_F15_m15f15_P15_Y5_UO1184,ID15_F15_m15f15_P15_Y7_UO5851,FXX,2,0.0,1,0,1.0,0,0,0,-9999.0,0.76171875,1,P14_CV0,1,2,0,1,1
15,44.222,-122.117,ID15_F15_m15f15_P15_Y8_UO1119,ID15_F15_m15f15_P15_Y4_UO191,ID15_F15_m15f15_P15_Y7_UO1165,MXY,2,0.0,1,0,0.0,0,0,0,-9999.0,0.7109375,1,P14_CV0,1,2,0,1,1
15,44.222,-122.117,ID15_F15_m15f15_P15_Y8_UO421,ID15_F15_m15f15_P15_Y5_UO3211,ID15_F15_m15f15_P15_Y6_UO2980,FXX,2,0.0,1,0,1.0,0,0,0,-9999.0,0.67578125,1,P14_CV0,1,2,0,1,1
15,44.222,-122.117,ID15_F15_m15f15_P15_Y8_UO6537,ID15_F15_m15f15_P15_Y6_UO628,ID15_F15_m15f15_P15_Y7_UO5594,FXX,2,0.0,1,0,1.0,0,0,0,-9999.0,0.7265625,1,P14_CV0,1,2,0,1,1
15,44.222,-122.117,ID15_F15_m15f15_P15_Y8_UO5696,ID15_F15_m15f15_P15_Y5_UO2491,ID15_F15_m15f15_P15_Y7_UO4244,MXY,2,0.0,1,0,0.0,0,0,0,-9999.0,0.68359375,1,P14_CV0,1,2,0,0,2
15,44.222,-122.117,ID15_F15_m15f15_P15_Y8_UO1867,ID15_F15_m15f15_P15_Y6_UO5317,ID15_F15_m15f15_P15_Y7_UO3104,MXY,2,0.0,1,0,0.0,0,0,0,-9999.0,0.78515625,1,P14_CV0,1,2,0,1,1
15,44.222,-122.117,ID15_F15_m15f15_P15_Y8_UO3520,ID15_F15_m15f15_P15_Y6_UO1345,ID15_F15_m15f15_P15_Y7_UO3897,MXY,2,0.0,1,0,0.0,0,0,0,-9999.0,0.748046875,1,P14_CV0,1,2,0,1,1
15,44.222,-122.117,ID15_F15_m15f15_P15_Y8_UO530,ID15_F15_m15f15_P15_Y6_UO1055,ID15_F15_m15f15_P15_Y7_UO5595,FXX,2,0.0,1,0,1.0,0,0,0,-9999.0,0.765625,1,P14_CV0,1,2,0,1,1
15,44.222,-122.117,ID15_F15_m15f15_P15_Y8_UO2705,ID15_F15_m15f15_P15_Y6_UO1031,ID15_F15_m15f15_P15_Y7_UO3582,MXY,2,0.0,1,0,0.0,0,0,0,-9999.0,0.703125,1,P14_CV0,1,2,0,1,1
15,44.222,-122.117,ID15_F15_m15f15_P15_Y8_UO118,ID15_F15_m15f15_P15_Y6_UO2374,ID15_F15_m15f15_P15_Y7_UO192,MXY,2,0.0,1,0,0.0,0,0,0,-9999.0,0.75,1,P14_CV0,1,2,0,2,0
15,44.222,-122.117,ID15_F15_m15f15_P15_Y8_UO5298,ID15_F15_m15f15_P15_Y6_UO2374,ID15_F15_m15f15_P15_Y7_UO371,MXY,2,0.0,1,0,0.0,0,0,0,-9999.0,0.765625,1,P14_CV0,1,2,0,1,1
15,44.222,-122.117,ID15_F15_m15f15_P15_Y8_UO3051,ID15_F15_m15f15_P15_Y5_UO3921,ID15_F15_m15f15_P15_Y6_UO1049,FXX,2,0.0,1,0,1.0,0,0,0,-9999.0,0.78125,1,P14_CV0,1,2,0,2,0
15,44.222,-122.117,ID15_F15_m15f15_P15_Y8_UO534,ID15_F15_m15f15_P15_Y6_UO1055,ID15_F15_m15f15_P15_Y7_UO5595,FXX,2,0.0,1,0,1.0,0,0,0,-9999.0,0.765625,1,P14_CV0,1,2,0,1,1
15,44.222,-122.117,ID15_F15_m15f15_P15_Y8_UO1899,ID15_F15_m15f15_P15_Y6_UO5191,ID15_F15_m15f15_P15_Y7_UO2704,MXY,2,0.0,1,0,0.0,0,0,0,-9999.0,0.75,1,P14_CV0,1,2,0,1,1
15,44.222,-122.117,ID15_F15_m15f15_P15_Y7_UO1740,ID15_F15_m15f15_P15_Y4_UO4419,ID15_F15_m15f15_P15_Y6_UO3138,FXX,3,0.0,1,0,1.0,0,0,0,-9999.0,0.7890625,1,P14_CV0,1,2,0,0,2
15,44.222,-122.117,ID15_F15_m15f15_P15_Y7_UO4259,ID15_F15_m15f15_P15_Y5_UO2491,ID15_F15_m15f15_P15_Y6_UO6283,MXY,3,0.0,1,0,0.0,0,0,0,-9999.0,0.6875,1,P14_CV0,1,2,0,1,1
15,44.222,-122.117,ID15_F15_m15f15_P15_Y7_UO3574,ID15_F15_m15f15_P15_Y5_UO4002,ID15_F15_m15f15_P15_Y5_UO4670,FXX,3,0.0,1,0,1.0,0,0,0,-9999.0,0.703125,1,P14_CV0,1,2,0,2,0
15,44.222,-122.117,ID15_F15_m15f15_P15_Y7_UO5595,ID15_F15_m15f15_P15_Y5_UO2884,ID15_F15_m15f15_P15_Y5_UO1563,MXY,3,0.0,1,0,0.0,0,0,0,-9999.0,0.71875,1,P14_CV0,1,2,0,0,2
15,44.222,-122.117,ID15_F15_m15f15_P15_Y7_UO3027,ID15_F15_m15f15_P15_Y3_UO3110,ID15_F15_m15f15_P15_Y6_UO1966,FXX,3,0.0,1,0,1.0,0,0,0,-9999.0,0.640625,1,P14_CV0,1,2,0,2,0
15,44.222,-122.117,ID15_F15_m15f15_P15_Y7_UO2834,ID15_F15_m15f15_P15_Y5_UO645,ID15_F15_m15f15_P15_Y6_UO536,FXX,3,0.0,1,0,1.0,0,0,0,-9999.0,0.75,1,P14_CV0,1,2,0,0,2
15,44.222,-122.117,ID15_F15_m15f15_P15_Y7_UO2177,ID15_F15_m15f15_P15_Y5_UO4466,ID15_F15_m15f15_P15_Y4_UO1394,MXY,3,0.0,1,0,0.0,0,0,0,-9999.0,0.703125,1,P14_CV0,1,2,0,2,0
15,44.222,-122.117,ID15_F15_m15f15_P15_Y7_UO4723,ID15_F15_m15f15_P15_Y2_UO2227,ID15_F15_m15f15_P15_Y6_UO7205,FXX,3,0.0,1,0,1.0,0,0,0,-9999.0,0.7578125,1,P14_CV0,1,2,0,2,0
15,44.222,-122.117,ID15_F15_m15f15_P15_Y7_UO3406,ID15_F15_m15f15_P15_Y5_UO2940,ID15_F15_m15f15_P15_Y4_UO3695,FXX,3,0.0,1,0,1.0,0,0,0,-9999.0,0.78125,1,P14_CV0,1,2,0,2,0
15,44.222,-122.117,ID15_F15_m15f15_P15_Y7_UO756,ID15_F15_m15f15_P15_Y5_UO3053,ID15_F15_m15f15_P15_Y6_UO2370,FXX,3,0.0,1,0,1.0,0,0,0,-9999.0,0.75,1,P14_CV0,1,2,0,1,1
15,44.222,-122.117,ID15_F15_m15f15_P15_Y7_UO360,ID15_F15_m15f15_P15_Y5_UO4673,ID15_F15_m15f15_P15_Y3_UO2178,FXX,3,0.0,1,0,1.0,0,0,0,-9999.0,0.765625,1,P14_CV0,1,2,0,2,0
15,44.222,-122.117,ID15_F15_m15f15_P15_Y7_UO3405,ID15_F15_m15f15_P15_Y5_UO2940,ID15_F15_m15f15_P15_Y4_UO3695,FXX,3,0.0,1,0,1.0,0,0,0,-9999.0,0.78125,1,P14_CV0,1,2,0,1,1
15,44.222,-122.117,ID15_F15_m15f15_P15_Y7_UO4238,ID15_F15_m15f15_P15_Y5_UO699,ID15_F15_m15f15_P15_Y3_UO2178,FXX,3,0.0,1,0,1.0,0,0,0,-9999.0,0.8046875,1,P14_CV0,1,2,0,0,2
15,44.222,-122.117,ID15_F15_m15f15_P15_Y7_UO5313,ID15_F15_m15f15_P15_Y5_UO4327,ID15_F15_m15f15_P15_Y5_UO1430,FXX,3,0.0,1,0,1.0,0,0,0,-9999.0,0.7734375,1,P14_CV0,1,2,0,1,1
15,44.222,-122.117,ID15_F15_m15f15_P15_Y7_UO4083,ID15_F15_m15f15_P15_Y4_UO1755,ID15_F15_m15f15_P15_Y6_UO220,FXX,3,0.0,1,0,1.0,0,0,0,-9999.0,0.734375,1,P14_CV0,1,2,0,2,0
15,44.222,-122.117,ID15_F15_m15f15_P15_Y7_UO3582,ID15_F15_m15f15_P15_Y5_UO4002,ID15_F15_m15f15_P15_Y5_UO4670,MXY,3,0.0,1,0,0.0,0,0,0,-9999.0,0.703125,1,P14_CV0,1,2,0,2,0
15,44.222,-122.117,ID15_F15_m15f15_P15_Y7_UO755,ID15_F15_m15f15_P15_Y5_UO3053,ID15_F15_m15f15_P15_Y6_UO2370,FXX,3,0.0,1,0,1.0,0,0,0,-9999.0,0.75,1,P14_CV0,1,2,0,1,1
15,44.222,-122.117,ID15_F15_m15f15_P15_Y7_UO2202,ID15_F15_m15f15_P15_Y5_UO699,ID15_F15_m15f15_P15_Y6_UO5255,FXX,3,0.0,1,0,1.0,0,0,0,-9999.0,0.8203125,1,P14_CV0,1,2,0,0,2
15,44.222,-122.117,ID15_F15_m15f15_P15_Y7_UO4722,ID15_F15_m15f15_P15_Y2_UO2227,ID15_F15_m15f15_P15_Y6_UO7205,MXY,3,0.0,1,0,0.0,0,0,0,-9999.0,0.7578125,1,P14_CV0,1,2,0,2,0
15,44.222,-122.117,ID15_F15_m15f15_P15_Y7_UO482,ID15_F15_m15f15_P15_Y3_UO3317,ID15_F15_m15f15_P15_Y6_UO534,FXX,3,0.0,1,0,1.0,0,0,0,-9999.0,0.828125,1,P14_CV0,1,2,0,1,1
15,44.222,-122.117,ID15_F15_m15f15_P15_Y7_UO490,ID15_F15_m15f15_P15_Y3_UO4227,ID15_F15_m15f15_P15_Y6_UO2840,FXX,3,0.0,1,0,1.0,0,0,0,-9999.0,0.6796875,1,P14_CV0,1,2,0,1,1
15,44.222,-122.117,ID15_F15_m15f15_P15_Y7_UO190,ID15_F15_m15f15_P15_Y5_UO1187,ID15_F15_m15f15_P15_Y3_UO1360,MXY,3,0.0,1,0,0.0,0,0,0,-9999.0,0.75,1,P14_CV0,1,2,0,1,1
15,44.222,-122.117,ID15_F15_m15f15_P15_Y7_UO486,ID15_F15_m15f15_P15_Y3_UO3317,ID15_F15_m15f15_P15_Y6_UO534,MXY,3,0.0,1,0,0.0,0,0,0,-9999.0,0.828125,1,P14_CV0,1,2,0,1,1
15,44.222,-122.117,ID15_F15_m15f15_P15_Y7_UO2565,ID15_F15_m15f15_P15_Y4_UO3436,ID15_F15_m15f15_P15_Y6_UO6600,FXX,3,0.0,1,0,1.0,0,0,0,-9999.0,0.734375,1,P14_CV0,1,2,0,1,1
15,44.222,-122.117,ID15_F15_m15f15_P15_Y7_UO1526,ID15_F15_m15f15_P15_Y4_UO5333,ID15_F15_m15f15_P15_Y6_UO2288,FXX,3,0.0,1,0,1.0,0,0,0,-9999.0,0.8046875,1,P14_CV0,1,2,0,2,0
15,44.222,-122.117,ID15_F15_m15f15_P15_Y7_UO1489,ID15_F15_m15f15_P15_Y5_UO1807,ID15_F15_m15f15_P15_Y5_UO1802,FXX,3,0.0,1,0,1.0,0,0,0,-9999.0,0.625,1,P14_CV0,1,2,0,2,0
15,44.222,-122.117,ID15_F15_m15f15_P15_Y7_UO3213,ID15_F15_m15f15_P15_Y5_UO337,ID15_F15_m15f15_P15_Y6_UO1142,FXX,3,0.0,1,0,1.0,0,0,0,-9999.0,0.71875,1,P14_CV0,1,2,0,2,0
15,44.222,-122.117,ID15_F15_m15f15_P15_Y7_UO2704,ID15_F15_m15f15_P15_Y5_UO3213,ID15_F15_m15f15_P15_Y5_UO3864,MXY,3,0.0,1,0,0.0,0,0,0,-9999.0,0.703125,1,P14_CV0,1,2,0,1,1
15,44.222,-122.117,ID15_F15_m15f15_P15_Y7_UO1032,ID15_F15_m15f15_P15_Y4_UO5502,ID15_F15_m15f15_P15_Y5_UO2492,MXY,3,0.0,1,0,0.0,0,0,0,-9999.0,0.71875,1,P14_CV0,1,2,0,2,0
15,44.222,-122.117,ID15_F15_m15f15_P15_Y7_UO4324,ID15_F15_m15f15_P15_Y3_UO4228,ID15_F15_m15f15_P15_Y2_UO2414,MXY,3,0.0,1,0,0.0,0,0,0,-9999.0,0.78125,1,P14_CV0,1,2,0,1,1
15,44.222,-122.117,ID15_F15_m15f15_P15_Y7_UO3210,ID15_F15_m15f15_P15_Y5_UO337,ID15_F15_m15f15_P15_Y6_UO1142,FXX,3,0.0,1,0,1.0,0,0,0,-9999.0,0.71875,1,P14_CV0,1,2,0,2,0
15,44.222,-122.117,ID15_F15_m15f15_P15_Y7_UO2790,ID15_F15_m15f15_P15_Y5_UO3053,ID15_F15_m15f15_P15_Y6_UO6654,FXX,3,0.0,1,0,1.0,0,0,0,-9999.0,0.75,1,P14_CV0,1,2,0,0,2
15,44.222,-122.117,ID15_F15_m15f15_P15_Y7_UO5072,ID15_F15_m15f15_P15_Y3_UO773,ID15_F15_m15f15_P15_Y6_UO2842,MXY,3,0.0,1,0,0.0,0,0,0,-9999.0,0.6796875,1,P14_CV0,1,2,0,1,1
15,44.222,-122.117,ID15_F15_m15f15_P15_Y7_UO2561,ID15_F15_m15f15_P15_Y4_UO3436,ID15_F15_m15f15_P15_Y6_UO6600,MXY,3,0.0,1,0,0.0,0,0,0,-9999.0,0.734375,1,P14_CV0,1,2,0,2,0
15,44.222,-122.117,ID15_F15_m15f15_P15_Y7_UO1165,ID15_F15_m15f15_P15_Y3_UO3335,ID15_F15_m15f15_P15_Y6_UO833,MXY,3,0.0,1,0,0.0,0,0,0,-9999.0,0.703125,1,P14_CV0,1,2,0,2,0
15,44.222,-122.117,ID15_F15_m15f15_P15_Y7_UO4085,ID15_F15_m15f15_P15_Y4_UO1755,ID15_F15_m15f15_P15_Y6_UO220,MXY,3,0.0,1,0,0.0,0,0,0,-9999.0,0.734375,1,P14_CV0,1,2,0,2,0
15,44.222,-122.117,ID15_F15_m15f15_P15_Y6_UO1233,ID15_F15_m15f15_P15_Y3_UO4228,ID15_F15_m15f15_P15_Y4_UO638,MXY,4,0.0,1,0,0.0,0,0,0,-9999.0,0.71875,1,P14_CV0,1,2,0,0,2
15,44.222,-122.117,ID15_F15_m15f15_P15_Y6_UO5317,ID15_F15_m15f15_P15_Y2_UO4229,ID15_F15_m15f15_P15_Y5_UO1182,FXX,4,0.0,1,0,1.0,0,0,0,-9999.0,0.796875,1,P14_CV0,1,2,0,1,1
15,44.222,-122.117,ID15_F15_m15f15_P15_Y6_UO3138,ID15_F15_m15f15_P15_Y4_UO1287,ID15_F15_m15f15_P15_Y5_UO4331,MXY,4,0.0,1,0,0.0,0,0,0,-9999.0,0.828125,1,P14_CV0,1,2,0,0,2
15,44.222,-122.117,ID15_F15_m15f15_P15_Y6_UO1344,ID15_F15_m15f15_P15_Y3_UO3335,ID15_F15_m15f15_P15_Y4_UO2215,FXX,4,0.0,1,0,1.0,0,0,0,-9999.0,0.71875,1,P14_CV0,1,2,0,2,0
15,44.222,-122.117,ID15_F15_m15f15_P15_Y5_UO1563,ID15_F15_m15f15_P15_Y3_UO3346,ID15_F15_m15f15_P15_Y4_UO2905,MXY,5,0.0,1,0,0.0,0,0,0,-9999.0,0.71875,1,P14_CV0,1,2,0,0,2
15,44.222,-122.117,ID15_F15_m15f15_P15_Y5_UO3211,ID15_F15_m15f15_P15_Y0_UO6671,ID15_F15_m15f15_P15_Y4_UO632,FXX,5,0.0,1,0,1.0,0,0,0,-9999.0,0.625,1,P14_CV0,1,2,0,1,1
15,44.222,-122.117,ID15_F15_m15f15_P15_Y5_UO1184,ID15_F15_m15f15_P15_Y2_UO6462,ID15_F15_m15f15_P15_Y4_UO782,FXX,5,0.0,1,0,1.0,0,0,0,-9999.0,0.75,1,P14_CV0,1,2,0,2,0
16,43.3976969,-122.6662045,ID16_F16_m16f16_P16_Y9_UO83,ID16_F16_m16f16_P16_Y7_UO4199,ID16_F16_m16f16_P16_Y8_UO7173,FXX,1,0.0,1,0,1.0,0,0,0,-9999.0,0.75,1,P15_CV0,1,2,0,0,2
16,43.3976969,-122.6662045,ID16_F16_m16f16_P16_Y9_UO147,ID16_F16_m16f16_P16_Y7_UO5101,ID16_F16_m16f16_P16_Y8_UO3004,FXX,1,0.0,1,0,1.0,0,0,0,-9999.0,0.82421875,1,P15_CV0,1,2,0,2,0
16,43.3976969,-122.6662045,ID16_F16_m16f16_P16_Y9_UO148,ID16_F16_m16f16_P16_Y7_UO5101,ID16_F16_m16f16_P16_Y8_UO3004,FXX,1,0.0,1,0,1.0,0,0,0,-9999.0,0.82421875,1,P15_CV0,1,2,0,2,0
16,43.3976969,-122.6662045,ID16_F16_m16f16_P16_Y9_UO149,ID16_F16_m16f16_P16_Y7_UO5101,ID16_F16_m16f16_P16_Y8_UO3004,FXX,1,0.0,1,0,1.0,0,0,0,-9999.0,0.82421875,1,P15_CV0,1,2,0,2,0
16,43.3976969,-122.6662045,ID16_F16_m16f16_P16_Y9_UO151,ID16_F16_m16f16_P16_Y7_UO5101,ID16_F16_m16f16_P16_Y8_UO3004,MXY,1,0.0,1,0,0.0,0,0,0,-9999.0,0.82421875,1,P15_CV0,1,2,0,2,0
16,43.3976969,-122.6662045,ID16_F16_m16f16_P16_Y9_UO154,ID16_F16_m16f16_P16_Y7_UO5101,ID16_F16_m16f16_P16_Y8_UO3004,FXX,1,0.0,1,0,1.0,0,0,0,-9999.0,0.82421875,1,P15_CV0,1,2,0,2,0
16,43.3976969,-122.6662045,ID16_F16_m16f16_P16_Y9_UO155,ID16_F16_m16f16_P16_Y7_UO5101,ID16_F16_m16f16_P16_Y8_UO3004,FXX,1,0.0,1,0,1.0,0,0,0,-9999.0,0.82421875,1,P15_CV0,1,2,0,2,0
16,43.3976969,-122.6662045,ID16_F16_m16f16_P16_Y9_UO156,ID16_F16_m16f16_P16_Y7_UO5101,ID16_F16_m16f16_P16_Y8_UO3004,FXX,1,0.0,1,0,1.0,0,0,0,-9999.0,0.82421875,1,P15_CV0,1,2,0,2,0
16,43.3976969,-122.6662045,ID16_F16_m16f16_P16_Y9_UO157,ID16_F16_m16f16_P16_Y7_UO5101,ID16_F16_m16f16_P16_Y8_UO3004,MXY,1,0.0,1,0,0.0,0,0,0,-9999.0,0.82421875,1,P15_CV0,1,2,0,2,0
16,43.3976969,-122.6662045,ID16_F16_m16f16_P16_Y9_UO158,ID16_F16_m16f16_P16_Y7_UO5101,ID16_F16_m16f16_P16_Y8_UO3004,MXY,1,0.0,1,0,0.0,0,0,0,-9999.0,0.82421875,1,P15_CV0,1,2,0,2,0
16,43.3976969,-122.6662045,ID16_F16_m16f16_P16_Y9_UO160,ID16_F16_m16f16_P16_Y7_UO5101,ID16_F16_m16f16_P16_Y8_UO3004,FXX,1,0.0,1,0,1.0,0,0,0,-9999.0,0.82421875,1,P15_CV0,1,2,0,2,0
16,43.3976969,-122.6662045,ID16_F16_m16f16_P16_Y9_UO162,ID16_F16_m16f16_P16_Y7_UO5101,ID16_F16_m16f16_P16_Y8_UO3004,FXX,1,0.0,1,0,1.0,0,0,0,-9999.0,0.82421875,1,P15_CV0,1,2,0,2,0
16,43.3976969,-122.6662045,ID16_F16_m16f16_P16_Y9_UO247,ID16_F16_m16f16_P16_Y7_UO4199,ID16_F16_m16f16_P16_Y8_UO5446,FXX,1,0.0,1,0,1.0,0,0,0,-9999.0,0.814453125,1,P15_CV0,1,2,0,1,1
16,43.3976969,-122.6662045,ID16_F16_m16f16_P16_Y9_UO248,ID16_F16_m16f16_P16_Y7_UO4199,ID16_F16_m16f16_P16_Y8_UO5446,MXY,1,0.0,1,0,0.0,0,0,0,-9999.0,0.814453125,1,P15_CV0,1,2,0,1,1
16,43.3976969,-122.6662045,ID16_F16_m16f16_P16_Y9_UO250,ID16_F16_m16f16_P16_Y7_UO4199,ID16_F16_m16f16_P16_Y8_UO5446,FXX,1,0.0,1,0,1.0,0,0,0,-9999.0,0.814453125,1,P15_CV0,1,2,0,1,1
16,43.3976969,-122.6662045,ID16_F16_m16f16_P16_Y9_UO251,ID16_F16_m16f16_P16_Y7_UO4199,ID16_F16_m16f16_P16_Y8_UO5446,MXY,1,0.0,1,0,0.0,0,0,0,-9999.0,0.814453125,1,P15_CV0,1,2,0,1,1
16,43.3976969,-122.6662045,ID16_F16_m16f16_P16_Y9_UO558,ID16_F16_m16f16_P16_Y6_UO4071,ID16_F16_m16f16_P16_Y8_UO2062,FXX,1,0.0,1,0,1.0,0,0,0,-9999.0,0.857421875,1,P15_CV0,1,2,0,1,1
16,43.3976969,-122.6662045,ID16_F16_m16f16_P16_Y9_UO563,ID16_F16_m16f16_P16_Y6_UO4071,ID16_F16_m16f16_P16_Y8_UO2062,FXX,1,0.0,1,0,1.0,0,0,0,-9999.0,0.857421875,1,P15_CV0,1,2,0,1,1
16,43.3976969,-122.6662045,ID16_F16_m16f16_P16_Y9_UO861,ID16_F16_m16f16_P16_Y6_UO4823,ID16_F16_m16f16_P16_Y8_UO1549,FXX,1,0.0,1,0,1.0,0,0,0,-9999.0,0.828125,1,P15_CV0,1,2,0,1,1
16,43.3976969,-122.6662045,ID16_F16_m16f16_P16_Y9_UO862,ID16_F16_m16f16_P16_Y6_UO4823,ID16_F16_m16f16_P16_Y8_UO1549,FXX,1,0.0,1,0,1.0,0,0,0,-9999.0,0.828125,1,P15_CV0,1,2,0,1,1
16,43.3976969,-122.6662045,ID16_F16_m16f16_P16_Y9_UO864,ID16_F16_m16f16_P16_Y6_UO4823,ID16_F16_m16f16_P16_Y8_UO1549,FXX,1,0.0,1,0,1.0,0,0,0,-9999.0,0.828125,1,P15_CV0,1,2,0,1,1
16,43.3976969,-122.6662045,ID16_F16_m16f16_P16_Y9_UO865,ID16_F16_m16f16_P16_Y6_UO4823,ID16_F16_m16f16_P16_Y8_UO1549,FXX,1,0.0,1,0,1.0,0,0,0,-9999.0,0.828125,1,P15_CV0,1,2,0,2,0
16,43.3976969,-122.6662045,ID16_F16_m16f16_P16_Y9_UO866,ID16_F16_m16f16_P16_Y6_UO4823,ID16_F16_m16f16_P16_Y8_UO1549,FXX,1,0.0,1,0,1.0,0,0,0,-9999.0,0.828125,1,P15_CV0,1,2,0,1,1
16,43.3976969,-122.6662045,ID16_F16_m16f16_P16_Y9_UO1486,ID16_F16_m16f16_P16_Y7_UO183,ID16_F16_m16f16_P16_Y8_UO5942,MXY,1,0.0,1,0,0.0,0,0,0,-9999.0,0.80078125,1,P15_CV0,1,2,0,1,1
16,43.3976969,-122.6662045,ID16_F16_m16f16_P16_Y9_UO1487,ID16_F16_m16f16_P16_Y7_UO183,ID16_F16_m16f16_P16_Y8_UO5942,FXX,1,0.0,1,0,1.0,0,0,0,-9999.0,0.80078125,1,P15_CV0,1,2,0,2,0
16,43.3976969,-122.6662045,ID16_F16_m16f16_P16_Y9_UO1489,ID16_F16_m16f16_P16_Y7_UO183,ID16_F16_m16f16_P16_Y8_UO5942,FXX,1,0.0,1,0,1.0,0,0,0,-9999.0,0.80078125,1,P15_CV0,1,2,0,1,1
16,43.3976969,-122.6662045,ID16_F16_m16f16_P16_Y9_UO1491,ID16_F16_m16f16_P16_Y7_UO183,ID16_F16_m16f16_P16_Y8_UO5942,MXY,1,0.0,1,0,0.0,0,0,0,-9999.0,0.80078125,1,P15_CV0,1,2,0,1,1
16,43.3976969,-122.6662045,ID16_F16_m16f16_P16_Y9_UO1492,ID16_F16_m16f16_P16_Y7_UO183,ID16_F16_m16f16_P16_Y8_UO5942,FXX,1,0.0,1,0,1.0,0,0,0,-9999.0,0.80078125,1,P15_CV0,1,2,0,1,1
16,43.3976969,-122.6662045,ID16_F16_m16f16_P16_Y9_UO1664,ID16_F16_m16f16_P16_Y6_UO2892,ID16_F16_m16f16_P16_Y8_UO5880,MXY,1,0.0,1,0,0.0,0,0,0,-9999.0,0.8203125,1,P15_CV0,1,2,0,1,1
16,43.3976969,-122.6662045,ID16_F16_m16f16_P16_Y9_UO1665,ID16_F16_m16f16_P16_Y6_UO2892,ID16_F16_m16f16_P16_Y8_UO5880,MXY,1,0.0,1,0,0.0,0,0,0,-9999.0,0.8203125,1,P15_CV0,1,2,0,2,0
16,43.3976969,-122.6662045,ID16_F16_m16f16_P16_Y9_UO1666,ID16_F16_m16f16_P16_Y6_UO2892,ID16_F16_m16f16_P16_Y8_UO5880,FXX,1,0.0,1,0,1.0,0,0,0,-9999.0,0.8203125,1,P15_CV0,1,2,0,1,1
16,43.3976969,-122.6662045,ID16_F16_m16f16_P16_Y9_UO1668,ID16_F16_m16f16_P16_Y6_UO2892,ID16_F16_m16f16_P16_Y8_UO5880,FXX,1,0.0,1,0,1.0,0,0,0,-9999.0,0.8203125,1,P15_CV0,1,2,0,2,0
16,43.3976969,-122.6662045,ID16_F16_m16f16_P16_Y9_UO1670,ID16_F16_m16f16_P16_Y6_UO2892,ID16_F16_m16f16_P16_Y8_UO5880,FXX,1,0.0,1,0,1.0,0,0,0,-9999.0,0.8203125,1,P15_CV0,1,2,0,1,1
16,43.3976969,-122.6662045,ID16_F16_m16f16_P16_Y9_UO1672,ID16_F16_m16f16_P16_Y6_UO2892,ID16_F16_m16f16_P16_Y8_UO5880,MXY,1,0.0,1,0,0.0,0,0,0,-9999.0,0.8203125,1,P15_CV0,1,2,0,1,1
16,43.3976969,-122.6662045,ID16_F16_m16f16_P16_Y9_UO1673,ID16_F16_m16f16_P16_Y6_UO2892,ID16_F16_m16f16_P16_Y8_UO5880,MXY,1,0.0,1,0,0.0,0,0,0,-9999.0,0.8203125,1,P15_CV0,1,2,0,2,0
16,43.3976969,-122.6662045,ID16_F16_m16f16_P16_Y9_UO1677,ID16_F16_m16f16_P16_Y6_UO2892,ID16_F16_m16f16_P16_Y8_UO5880,MXY,1,0.0,1,0,0.0,0,0,0,-9999.0,0.8203125,1,P15_CV0,1,2,0,2,0
16,43.3976969,-122.6662045,ID16_F16_m16f16_P16_Y9_UO1734,ID16_F16_m16f16_P16_Y6_UO2888,ID16_F16_m16f16_P16_Y8_UO4722,MXY,1,0.0,1,0,0.0,0,0,0,-9999.0,0.8359375,1,P15_CV0,1,2,0,2,0
16,43.3976969,-122.6662045,ID16_F16_m16f16_P16_Y9_UO1735,ID16_F16_m16f16_P16_Y6_UO2888,ID16_F16_m16f16_P16_Y8_UO4722,FXX,1,0.0,1,0,1.0,0,0,0,-9999.0,0.8359375,1,P15_CV0,1,2,0,2,0
16,43.3976969,-122.6662045,ID16_F16_m16f16_P16_Y9_UO1736,ID16_F16_m16f16_P16_Y6_UO2888,ID16_F16_m16f16_P16_Y8_UO4722,MXY,1,0.0,1,0,0.0,0,0,0,-9999.0,0.8359375,1,P15_CV0,1,2,0,2,0
16,43.3976969,-122.6662045,ID16_F16_m16f16_P16_Y9_UO1738,ID16_F16_m16f16_P16_Y6_UO2888,ID16_F16_m16f16_P16_Y8_UO4722,MXY,1,0.0,1,0,0.0,0,0,0,-9999.0,0.8359375,1,P15_CV0,1,2,0,2,0
16,43.3976969,-122.6662045,ID16_F16_m16f16_P16_Y9_UO1742,ID16_F16_m16f16_P16_Y6_UO2888,ID16_F16_m16f16_P16_Y8_UO4722,FXX,1,0.0,1,0,1.0,0,0,0,-9999.0,0.8359375,1,P15_CV0,1,2,0,2,0
16,43.3976969,-122.6662045,ID16_F16_m16f16_P16_Y9_UO1743,ID16_F16_m16f16_P16_Y6_UO2888,ID16_F16_m16f16_P16_Y8_UO4722,FXX,1,0.0,1,0,1.0,0,0,0,-9999.0,0.8359375,1,P15_CV0,1,2,0,2,0
16,43.3976969,-122.6662045,ID16_F16_m16f16_P16_Y9_UO1744,ID16_F16_m16f16_P16_Y6_UO2888,ID16_F16_m16f16_P16_Y8_UO4722,MXY,1,0.0,1,0,0.0,0,0,0,-9999.0,0.8359375,1,P15_CV0,1,2,0,2,0
16,43.3976969,-122.6662045,ID16_F16_m16f16_P16_Y9_UO1746,ID16_F16_m16f16_P16_Y6_UO2888,ID16_F16_m16f16_P16_Y8_UO4722,FXX,1,0.0,1,0,1.0,0,0,0,-9999.0,0.8359375,1,P15_CV0,1,2,0,2,0
16,43.3976969,-122.6662045,ID16_F16_m16f16_P16_Y9_UO1767,ID16_F16_m16f16_P16_Y6_UO4336,ID16_F16_m16f16_P16_Y8_UO4722,MXY,1,0.0,1,0,0.0,0,0,0,-9999.0,0.8515625,1,P15_CV0,1,2,0,2,0
16,43.3976969,-122.6662045,ID16_F16_m16f16_P16_Y9_UO1768,ID16_F16_m16f16_P16_Y6_UO4336,ID16_F16_m16f16_P16_Y8_UO4722,MXY,1,0.0,1,0,0.0,0,0,0,-9999.0,0.8515625,1,P15_CV0,1,2,0,2,0
16,43.3976969,-122.6662045,ID16_F16_m16f16_P16_Y9_UO1770,ID16_F16_m16f16_P16_Y6_UO4336,ID16_F16_m16f16_P16_Y8_UO4722,MXY,1,0.0,1,0,0.0,0,0,0,-9999.0,0.8515625,1,P15_CV0,1,2,0,2,0
16,43.3976969,-122.6662045,ID16_F16_m16f16_P16_Y9_UO1866,ID16_F16_m16f16_P16_Y6_UO1108,ID16_F16_m16f16_P16_Y6_UO3825,FXX,1,0.0,1,0,1.0,0,0,0,-9999.0,0.796875,1,P15_CV0,1,2,0,2,0
16,43.3976969,-122.6662045,ID16_F16_m16f16_P16_Y9_UO1867,ID16_F16_m16f16_P16_Y6_UO1108,ID16_F16_m16f16_P16_Y6_UO3825,FXX,1,0.0,1,0,1.0,0,0,0,-9999.0,0.796875,1,P15_CV0,1,2,0,2,0
16,43.3976969,-122.6662045,ID16_F16_m16f16_P16_Y9_UO1868,ID16_F16_m16f16_P16_Y6_UO1108,ID16_F16_m16f16_P16_Y6_UO3825,FXX,1,0.0,1,0,1.0,0,0,0,-9999.0,0.796875,1,P15_CV0,1,2,0,2,0
16,43.3976969,-122.6662045,ID16_F16_m16f16_P16_Y9_UO1869,ID16_F16_m16f16_P16_Y6_UO1108,ID16_F16_m16f16_P16_Y6_UO3825,MXY,1,0.0,1,0,0.0,0,0,0,-9999.0,0.796875,1,P15_CV0,1,2,0,2,0
16,43.3976969,-122.6662045,ID16_F16_m16f16_P16_Y9_UO1870,ID16_F16_m16f16_P16_Y6_UO1108,ID16_F16_m16f16_P16_Y6_UO3825,FXX,1,0.0,1,0,1.0,0,0,0,-9999.0,0.796875,1,P15_CV0,1,2,0,2,0
16,43.3976969,-122.6662045,ID16_F16_m16f16_P16_Y9_UO1871,ID16_F16_m16f16_P16_Y6_UO1108,ID16_F16_m16f16_P16_Y6_UO3825,MXY,1,0.0,1,0,0.0,0,0,0,-9999.0,0.796875,1,P15_CV0,1,2,0,2,0
16,43.3976969,-122.6662045,ID16_F16_m16f16_P16_Y9_UO1872,ID16_F16_m16f16_P16_Y6_UO1108,ID16_F16_m16f16_P16_Y6_UO3825,MXY,1,0.0,1,0,0.0,0,0,0,-9999.0,0.796875,1,P15_CV0,1,2,0,2,0
16,43.3976969,-122.6662045,ID16_F16_m16f16_P16_Y9_UO1874,ID16_F16_m16f16_P16_Y6_UO1108,ID16_F16_m16f16_P16_Y6_UO3825,FXX,1,0.0,1,0,1.0,0,0,0,-9999.0,0.796875,1,P15_CV0,1,2,0,2,0
16,43.3976969,-122.6662045,ID16_F16_m16f16_P16_Y9_UO1875,ID16_F16_m16f16_P16_Y6_UO1108,ID16_F16_m16f16_P16_Y6_UO3825,FXX,1,0.0,1,0,1.0,0,0,0,-9999.0,0.796875,1,P15_CV0,1,2,0,2,0
16,43.3976969,-122.6662045,ID16_F16_m16f16_P16_Y9_UO1877,ID16_F16_m16f16_P16_Y6_UO1108,ID16_F16_m16f16_P16_Y6_UO3825,FXX,1,0.0,1,0,1.0,0,0,0,-9999.0,0.796875,1,P15_CV0,1,2,0,2,0
16,43.3976969,-122.6662045,ID16_F16_m16f16_P16_Y9_UO1962,ID16_F16_m16f16_P16_Y4_UO2893,ID16_F16_m16f16_P16_Y8_UO6506,MXY,1,0.0,1,0,0.0,0,0,0,-9999.0,0.70703125,1,P15_CV0,1,2,0,1,1
16,43.3976969,-122.6662045,ID16_F16_m16f16_P16_Y9_UO1963,ID16_F16_m16f16_P16_Y4_UO2893,ID16_F16_m16f16_P16_Y8_UO6506,MXY,1,0.0,1,0,0.0,0,0,0,-9999.0,0.70703125,1,P15_CV0,1,2,0,1,1
16,43.3976969,-122.6662045,ID16_F16_m16f16_P16_Y9_UO1964,ID16_F16_m16f16_P16_Y4_UO2893,ID16_F16_m16f16_P16_Y8_UO6506,FXX,1,0.0,1,0,1.0,0,0,0,-9999.0,0.70703125,1,P15_CV0,1,2,0,1,1
16,43.3976969,-122.6662045,ID16_F16_m16f16_P16_Y9_UO1965,ID16_F16_m16f16_P16_Y4_UO2893,ID16_F16_m16f16_P16_Y8_UO6506,MXY,1,0.0,1,0,0.0,0,0,0,-9999.0,0.70703125,1,P15_CV0,1,2,0,2,0
16,43.3976969,-122.6662045,ID16_F16_m16f16_P16_Y9_UO2664,ID16_F16_m16f16_P16_Y7_UO174,ID16_F16_m16f16_P16_Y8_UO2989,MXY,1,0.0,1,0,0.0,0,0,0,-9999.0,0.8046875,1,P15_CV0,1,2,0,1,1
16,43.3976969,-122.6662045,ID16_F16_m16f16_P16_Y9_UO2665,ID16_F16_m16f16_P16_Y7_UO174,ID16_F16_m16f16_P16_Y8_UO2989,FXX,1,0.0,1,0,1.0,0,0,0,-9999.0,0.8046875,1,P15_CV0,1,2,0,2,0
16,43.3976969,-122.6662045,ID16_F16_m16f16_P16_Y9_UO2666,ID16_F16_m16f16_P16_Y7_UO174,ID16_F16_m16f16_P16_Y8_UO2989,MXY,1,0.0,1,0,0.0,0,0,0,-9999.0,0.8046875,1,P15_CV0,1,2,0,2,0
16,43.3976969,-122.6662045,ID16_F16_m16f16_P16_Y9_UO2669,ID16_F16_m16f16_P16_Y7_UO174,ID16_F16_m16f16_P16_Y8_UO2989,FXX,1,0.0,1,0,1.0,0,0,0,-9999.0,0.8046875,1,P15_CV0,1,2,0,1,1
16,43.3976969,-122.6662045,ID16_F16_m16f16_P16_Y9_UO2670,ID16_F16_m16f16_P16_Y7_UO174,ID16_F16_m16f16_P16_Y8_UO2989,MXY,1,0.0,1,0,0.0,0,0,0,-9999.0,0.8046875,1,P15_CV0,1,2,0,1,1
16,43.3976969,-122.6662045,ID16_F16_m16f16_P16_Y9_UO2671,ID16_F16_m16f16_P16_Y7_UO174,ID16_F16_m16f16_P16_Y8_UO2989,FXX,1,0.0,1,0,1.0,0,0,0,-9999.0,0.8046875,1,P15_CV0,1,2,0,1,1
16,43.3976969,-122.6662045,ID16_F16_m16f16_P16_Y9_UO2676,ID16_F16_m16f16_P16_Y7_UO174,ID16_F16_m16f16_P16_Y8_UO2989,MXY,1,0.0,1,0,0.0,0,0,0,-9999.0,0.8046875,1,P15_CV0,1,2,0,1,1
16,43.3976969,-122.6662045,ID16_F16_m16f16_P16_Y9_UO2678,ID16_F16_m16f16_P16_Y7_UO174,ID16_F16_m16f16_P16_Y8_UO2989,MXY,1,0.0,1,0,0.0,0,0,0,-9999.0,0.8046875,1,P15_CV0,1,2,0,2,0
16,43.3976969,-122.6662045,ID16_F16_m16f16_P16_Y9_UO2748,ID16_F16_m16f16_P16_Y7_UO504,ID16_F16_m16f16_P16_Y8_UO5990,FXX,1,0.0,1,0,1.0,0,0,0,-9999.0,0.890625,1,P15_CV0,1,2,0,1,1
16,43.3976969,-122.6662045,ID16_F16_m16f16_P16_Y9_UO2750,ID16_F16_m16f16_P16_Y7_UO504,ID16_F16_m16f16_P16_Y8_UO5990,MXY,1,0.0,1,0,0.0,0,0,0,-9999.0,0.890625,1,P15_CV0,1,2,0,2,0
16,43.3976969,-122.6662045,ID16_F16_m16f16_P16_Y9_UO2751,ID16_F16_m16f16_P16_Y7_UO504,ID16_F16_m16f16_P16_Y8_UO5990,MXY,1,0.0,1,0,0.0,0,0,0,-9999.0,0.890625,1,P15_CV0,1,2,0,2,0
16,43.3976969,-122.6662045,ID16_F16_m16f16_P16_Y9_UO2752,ID16_F16_m16f16_P16_Y7_UO504,ID16_F16_m16f16_P16_Y8_UO5990,FXX,1,0.0,1,0,1.0,0,0,0,-9999.0,0.890625,1,P15_CV0,1,2,0,1,1
16,43.3976969,-122.6662045,ID16_F16_m16f16_P16_Y9_UO2753,ID16_F16_m16f16_P16_Y7_UO504,ID16_F16_m16f16_P16_Y8_UO5990,FXX,1,0.0,1,0,1.0,0,0,0,-9999.0,0.890625,1,P15_CV0,1,2,0,2,0
16,43.3976969,-122.6662045,ID16_F16_m16f16_P16_Y9_UO2799,ID16_F16_m16f16_P16_Y7_UO174,ID16_F16_m16f16_P16_Y8_UO1919,FXX,1,0.0,1,0,1.0,0,0,0,-9999.0,0.796875,1,P15_CV0,1,2,0,2,0
16,43.3976969,-122.6662045,ID16_F16_m16f16_P16_Y9_UO2802,ID16_F16_m16f16_P16_Y7_UO174,ID16_F16_m16f16_P16_Y8_UO1919,FXX,1,0.0,1,0,1.0,0,0,0,-9999.0,0.796875,1,P15_CV0,1,2,0,2,0
16,43.3976969,-122.6662045,ID16_F16_m16f16_P16_Y9_UO2818,ID16_F16_m16f16_P16_Y7_UO4659,ID16_F16_m16f16_P16_Y8_UO5615,MXY,1,0.0,1,0,0.0,0,0,0,-9999.0,0.875,1,P15_CV0,1,2,0,0,2
16,43.3976969,-122.6662045,ID16_F16_m16f16_P16_Y9_UO2820,ID16_F16_m16f16_P16_Y7_UO4659,ID16_F16_m16f16_P16_Y8_UO5615,FXX,1,0.0,1,0,1.0,0,0,0,-9999.0,0.875,1,P15_CV0,1,2,0,1,1
16,43.3976969,-122.6662045,ID16_F16_m16f16_P16_Y9_UO2822,ID16_F16_m16f16_P16_Y7_UO4659,ID16_F16_m16f16_P16_Y8_UO5615,FXX,1,0.0,1,0,1.0,0,0,0,-9999.0,0.875,1,P15_CV0,1,2,0,1,1
16,43.3976969,-122.6662045,ID16_F16_m16f16_P16_Y9_UO2825,ID16_F16_m16f16_P16_Y7_UO4659,ID16_F16_m16f16_P16_Y8_UO5615,MXY,1,0.0,1,0,0.0,0,0,0,-9999.0,0.875,1,P15_CV0,1,2,0,2,0
16,43.3976969,-122.6662045,ID16_F16_m16f16_P16_Y9_UO2827,ID16_F16_m16f16_P16_Y7_UO4659,ID16_F16_m16f16_P16_Y8_UO5615,FXX,1,0.0,1,0,1.0,0,0,0,-9999.0,0.875,1,P15_CV0,1,2,0,1,1
16,43.3976969,-122.6662045,ID16_F16_m16f16_P16_Y9_UO2828,ID16_F16_m16f16_P16_Y7_UO4659,ID16_F16_m16f16_P16_Y8_UO5615,MXY,1,0.0,1,0,0.0,0,0,0,-9999.0,0.875,1,P15_CV0,1,2,0,1,1
16,43.3976969,-122.6662045,ID16_F16_m16f16_P16_Y9_UO2829,ID16_F16_m16f16_P16_Y7_UO4659,ID16_F16_m16f16_P16_Y8_UO5615,MXY,1,0.0,1,0,0.0,0,0,0,-9999.0,0.875,1,P15_CV0,1,2,0,0,2
16,43.3976969,-122.6662045,ID16_F16_m16f16_P16_Y9_UO2830,ID16_F16_m16f16_P16_Y7_UO4659,ID16_F16_m16f16_P16_Y8_UO5615,FXX,1,0.0,1,0,1.0,0,0,0,-9999.0,0.875,1,P15_CV0,1,2,0,1,1
16,43.3976969,-122.6662045,ID16_F16_m16f16_P16_Y9_UO2832,ID16_F16_m16f16_P16_Y7_UO4659,ID16_F16_m16f16_P16_Y8_UO5615,MXY,1,0.0,1,0,0.0,0,0,0,-9999.0,0.875,1,P15_CV0,1,2,0,2,0
16,43.3976969,-122.6662045,ID16_F16_m16f16_P16_Y9_UO2834,ID16_F16_m16f16_P16_Y7_UO4659,ID16_F16_m16f16_P16_Y8_UO5615,FXX,1,0.0,1,0,1.0,0,0,0,-9999.0,0.875,1,P15_CV0,1,2,0,0,2
16,43.3976969,-122.6662045,ID16_F16_m16f16_P16_Y9_UO2835,ID16_F16_m16f16_P16_Y7_UO4659,ID16_F16_m16f16_P16_Y8_UO5615,MXY,1,0.0,1,0,0.0,0,0,0,-9999.0,0.875,1,P15_CV0,1,2,0,1,1
16,43.3976969,-122.6662045,ID16_F16_m16f16_P16_Y9_UO2836,ID16_F16_m16f16_P16_Y7_UO4659,ID16_F16_m16f16_P16_Y8_UO5615,MXY,1,0.0,1,0,0.0,0,0,0,-9999.0,0.875,1,P15_CV0,1,2,0,1,1
16,43.3976969,-122.6662045,ID16_F16_m16f16_P16_Y9_UO3074,ID16_F16_m16f16_P16_Y7_UO5089,ID16_F16_m16f16_P16_Y8_UO3850,MXY,1,0.0,1,0,0.0,0,0,0,-9999.0,0.8046875,1,P15_CV0,1,2,0,2,0
16,43.3976969,-122.6662045,ID16_F16_m16f16_P16_Y9_UO3076,ID16_F16_m16f16_P16_Y7_UO5089,ID16_F16_m16f16_P16_Y8_UO3850,MXY,1,0.0,1,0,0.0,0,0,0,-9999.0,0.8046875,1,P15_CV0,1,2,0,2,0
16,43.3976969,-122.6662045,ID16_F16_m16f16_P16_Y9_UO3079,ID16_F16_m16f16_P16_Y7_UO5089,ID16_F16_m16f16_P16_Y8_UO3850,MXY,1,0.0,1,0,0.0,0,0,0,-9999.0,0.8046875,1,P15_CV0,1,2,0,2,0
16,43.3976969,-122.6662045,ID16_F16_m16f16_P16_Y9_UO3082,ID16_F16_m16f16_P16_Y7_UO5089,ID16_F16_m16f16_P16_Y8_UO3850,MXY,1,0.0,1,0,0.0,0,0,0,-9999.0,0.8046875,1,P15_CV0,1,2,0,2,0
16,43.3976969,-122.6662045,ID16_F16_m16f16_P16_Y9_UO3083,ID16_F16_m16f16_P16_Y7_UO5089,ID16_F16_m16f16_P16_Y8_UO3850,FXX,1,0.0,1,0,1.0,0,0,0,-9999.0,0.8046875,1,P15_CV0,1,2,0,2,0
16,43.3976969,-122.6662045,ID16_F16_m16f16_P16_Y9_UO3198,ID16_F16_m16f16_P16_Y4_UO2233,ID16_F16_m16f16_P16_Y8_UO5446,FXX,1,0.0,1,0,1.0,0,0,0,-9999.0,0.880859375,1,P15_CV0,1,2,0,2,0
16,43.3976969,-122.6662045,ID16_F16_m16f16_P16_Y9_UO3199,ID16_F16_m16f16_P16_Y4_UO2233,ID16_F16_m16f16_P16_Y8_UO5446,FXX,1,0.0,1,0,1.0,0,0,0,-9999.0,0.880859375,1,P15_CV0,1,2,0,2,0
16,43.3976969,-122.6662045,ID16_F16_m16f16_P16_Y9_UO3200,ID16_F16_m16f16_P16_Y4_UO2233,ID16_F16_m16f16_P16_Y8_UO5446,FXX,1,0.0,1,0,1.0,0,0,0,-9999.0,0.880859375,1,P15_CV0,1,2,0,2,0
16,43.3976969,-122.6662045,ID16_F16_m16f16_P16_Y9_UO3205,ID16_F16_m16f16_P16_Y4_UO2233,ID16_F16_m16f16_P16_Y8_UO5446,MXY,1,0.0,1,0,0.0,0,0,0,-9999.0,0.880859375,1,P15_CV0,1,2,0,2,0
16,43.3976969,-122.6662045,ID16_F16_m16f16_P16_Y9_UO3207,ID16_F16_m16f16_P16_Y4_UO2233,ID16_F16_m16f16_P16_Y8_UO5446,MXY,1,0.0,1,0,0.0,0,0,0,-9999.0,0.880859375,1,P15_CV0,1,2,0,2,0
16,43.3976969,-122.6662045,ID16_F16_m16f16_P16_Y9_UO3210,ID16_F16_m16f16_P16_Y4_UO2233,ID16_F16_m16f16_P16_Y8_UO5446,MXY,1,0.0,1,0,0.0,0,0,0,-9999.0,0.880859375,1,P15_CV0,1,2,0,2,0
16,43.3976969,-122.6662045,ID16_F16_m16f16_P16_Y9_UO3220,ID16_F16_m16f16_P16_Y6_UO1804,ID16_F16_m16f16_P16_Y7_UO4215,FXX,1,0.0,1,0,1.0,0,0,0,-9999.0,0.8125,1,P15_CV0,1,2,0,1,1
16,43.3976969,-122.6662045,ID16_F16_m16f16_P16_Y9_UO3221,ID16_F16_m16f16_P16_Y6_UO1804,ID16_F16_m16f16_P16_Y7_UO4215,FXX,1,0.0,1,0,1.0,0,0,0,-9999.0,0.8125,1,P15_CV0,1,2,0,1,1
16,43.3976969,-122.6662045,ID16_F16_m16f16_P16_Y9_UO3224,ID16_F16_m16f16_P16_Y6_UO1804,ID16_F16_m16f16_P16_Y7_UO4215,MXY,1,0.0,1,0,0.0,0,0,0,-9999.0,0.8125,1,P15_CV0,1,2,0,1,1
16,43.3976969,-122.6662045,ID16_F16_m16f16_P16_Y9_UO3225,ID16_F16_m16f16_P16_Y6_UO1804,ID16_F16_m16f16_P16_Y7_UO4215,FXX,1,0.0,1,0,1.0,0,0,0,-9999.0,0.8125,1,P15_CV0,1,2,0,2,0
16,43.3976969,-122.6662045,ID16_F16_m16f16_P16_Y9_UO3226,ID16_F16_m16f16_P16_Y6_UO1804,ID16_F16_m16f16_P16_Y7_UO4215,FXX,1,0.0,1,0,1.0,0,0,0,-9999.0,0.8125,1,P15_CV0,1,2,0,0,2
16,43.3976969,-122.6662045,ID16_F16_m16f16_P16_Y9_UO3227,ID16_F16_m16f16_P16_Y6_UO1804,ID16_F16_m16f16_P16_Y7_UO4215,FXX,1,0.0,1,0,1.0,0,0,0,-9999.0,0.8125,1,P15_CV0,1,2,0,2,0
16,43.3976969,-122.6662045,ID16_F16_m16f16_P16_Y9_UO3234,ID16_F16_m16f16_P16_Y7_UO4144,ID16_F16_m16f16_P16_Y8_UO7328,MXY,1,0.0,1,0,0.0,0,0,0,-9999.0,0.904296875,1,P15_CV0,1,2,0,1,1
16,43.3976969,-122.6662045,ID16_F16_m16f16_P16_Y9_UO3236,ID16_F16_m16f16_P16_Y7_UO4144,ID16_F16_m16f16_P16_Y8_UO7328,MXY,1,0.0,1,0,0.0,0,0,0,-9999.0,0.904296875,1,P15_CV0,1,2,0,1,1
16,43.3976969,-122.6662045,ID16_F16_m16f16_P16_Y9_UO3238,ID16_F16_m16f16_P16_Y7_UO4144,ID16_F16_m16f16_P16_Y8_UO7328,MXY,1,0.0,1,0,0.0,0,0,0,-9999.0,0.904296875,1,P15_CV0,1,2,0,1,1
16,43.3976969,-122.6662045,ID16_F16_m16f16_P16_Y9_UO3239,ID16_F16_m16f16_P16_Y7_UO4144,ID16_F16_m16f16_P16_Y8_UO7328,MXY,1,0.0,1,0,0.0,0,0,0,-9999.0,0.904296875,1,P15_CV0,1,2,0,1,1
16,43.3976969,-122.6662045,ID16_F16_m16f16_P16_Y9_UO3240,ID16_F16_m16f16_P16_Y7_UO4144,ID16_F16_m16f16_P16_Y8_UO7328,MXY,1,0.0,1,0,0.0,0,0,0,-9999.0,0.904296875,1,P15_CV0,1,2,0,1,1
16,43.3976969,-122.6662045,ID16_F16_m16f16_P16_Y9_UO3242,ID16_F16_m16f16_P16_Y7_UO4144,ID16_F16_m16f16_P16_Y8_UO7328,MXY,1,0.0,1,0,0.0,0,0,0,-9999.0,0.904296875,1,P15_CV0,1,2,0,1,1
16,43.3976969,-122.6662045,ID16_F16_m16f16_P16_Y9_UO3318,ID16_F16_m16f16_P16_Y7_UO4199,ID16_F16_m16f16_P16_Y7_UO4215,FXX,1,0.0,1,0,1.0,0,0,0,-9999.0,0.76171875,1,P15_CV0,1,2,0,1,1
16,43.3976969,-122.6662045,ID16_F16_m16f16_P16_Y9_UO3319,ID16_F16_m16f16_P16_Y7_UO4199,ID16_F16_m16f16_P16_Y7_UO4215,FXX,1,0.0,1,0,1.0,0,0,0,-9999.0,0.76171875,1,P15_CV0,1,2,0,1,1
16,43.3976969,-122.6662045,ID16_F16_m16f16_P16_Y9_UO3322,ID16_F16_m16f16_P16_Y7_UO4199,ID16_F16_m16f16_P16_Y7_UO4215,MXY,1,0.0,1,0,0.0,0,0,0,-9999.0,0.76171875,1,P15_CV0,1,2,0,0,2
16,43.3976969,-122.6662045,ID16_F16_m16f16_P16_Y9_UO3323,ID16_F16_m16f16_P16_Y7_UO4199,ID16_F16_m16f16_P16_Y7_UO4215,MXY,1,0.0,1,0,0.0,0,0,0,-9999.0,0.76171875,1,P15_CV0,1,2,0,0,2
16,43.3976969,-122.6662045,ID16_F16_m16f16_P16_Y9_UO3324,ID16_F16_m16f16_P16_Y7_UO4199,ID16_F16_m16f16_P16_Y7_UO4215,MXY,1,0.0,1,0,0.0,0,0,0,-9999.0,0.76171875,1,P15_CV0,1,2,0,1,1
16,43.3976969,-122.6662045,ID16_F16_m16f16_P16_Y9_UO3437,ID16_F16_m16f16_P16_Y6_UO4336,ID16_F16_m16f16_P16_Y8_UO4795,FXX,1,0.0,1,0,1.0,0,0,0,-9999.0,0.78515625,1,P15_CV0,1,2,0,1,1
16,43.3976969,-122.6662045,ID16_F16_m16f16_P16_Y9_UO3440,ID16_F16_m16f16_P16_Y6_UO4336,ID16_F16_m16f16_P16_Y8_UO4795,FXX,1,0.0,1,0,1.0,0,0,0,-9999.0,0.78515625,1,P15_CV0,1,2,0,1,1
16,43.3976969,-122.6662045,ID16_F16_m16f16_P16_Y9_UO3441,ID16_F16_m16f16_P16_Y6_UO4336,ID16_F16_m16f16_P16_Y8_UO4795,FXX,1,0.0,1,0,1.0,0,0,0,-9999.0,0.78515625,1,P15_CV0,1,2,0,1,1
16,43.3976969,-122.6662045,ID16_F16_m16f16_P16_Y9_UO3442,ID16_F16_m16f16_P16_Y6_UO4336,ID16_F16_m16f16_P16_Y8_UO4795,MXY,1,0.0,1,0,0.0,0,0,0,-9999.0,0.78515625,1,P15_CV0,1,2,0,1,1
16,43.3976969,-122.6662045,ID16_F16_m16f16_P16_Y9_UO3443,ID16_F16_m16f16_P16_Y6_UO4336,ID16_F16_m16f16_P16_Y8_UO4795,FXX,1,0.0,1,0,1.0,0,0,0,-9999.0,0.78515625,1,P15_CV0,1,2,0,1,1
16,43.3976969,-122.6662045,ID16_F16_m16f16_P16_Y9_UO3444,ID16_F16_m16f16_P16_Y6_UO4336,ID16_F16_m16f16_P16_Y8_UO4795,FXX,1,0.0,1,0,1.0,0,0,0,-9999.0,0.78515625,1,P15_CV0,1,2,0,1,1
16,43.3976969,-122.6662045,ID16_F16_m16f16_P16_Y9_UO3911,ID16_F16_m16f16_P16_Y7_UO504,ID16_F16_m16f16_P16_Y8_UO2062,MXY,1,0.0,1,0,0.0,0,0,0,-9999.0,0.931640625,1,P15_CV0,1,2,0,1,1
16,43.3976969,-122.6662045,ID16_F16_m16f16_P16_Y9_UO3913,ID16_F16_m16f16_P16_Y7_UO504,ID16_F16_m16f16_P16_Y8_UO2062,FXX,1,0.0,1,0,1.0,0,0,0,-9999.0,0.931640625,1,P15_CV0,1,2,0,1,1
16,43.3976969,-122.6662045,ID16_F16_m16f16_P16_Y9_UO3914,ID16_F16_m16f16_P16_Y7_UO504,ID16_F16_m16f16_P16_Y8_UO2062,MXY,1,0.0,1,0,0.0,0,0,0,-9999.0,0.931640625,1,P15_CV0,1,2,0,0,2
16,43.3976969,-122.6662045,ID16_F16_m16f16_P16_Y9_UO3916,ID16_F16_m16f16_P16_Y7_UO504,ID16_F16_m16f16_P16_Y8_UO2062,FXX,1,0.0,1,0,1.0,0,0,0,-9999.0,0.931640625,1,P15_CV0,1,2,0,0,2
16,43.3976969,-122.6662045,ID16_F16_m16f16_P16_Y9_UO3943,ID16_F16_m16f16_P16_Y7_UO5688,ID16_F16_m16f16_P16_Y8_UO1594,MXY,1,0.0,1,0,0.0,0,0,0,-9999.0,0.873046875,1,P15_CV0,1,2,0,1,1
16,43.3976969,-122.6662045,ID16_F16_m16f16_P16_Y9_UO3944,ID16_F16_m16f16_P16_Y7_UO5688,ID16_F16_m16f16_P16_Y8_UO1594,FXX,1,0.0,1,0,1.0,0,0,0,-9999.0,0.873046875,1,P15_CV0,1,2,0,2,0
16,43.3976969,-122.6662045,ID16_F16_m16f16_P16_Y9_UO3945,ID16_F16_m16f16_P16_Y7_UO5688,ID16_F16_m16f16_P16_Y8_UO1594,FXX,1,0.0,1,0,1.0,0,0,0,-9999.0,0.873046875,1,P15_CV0,1,2,0,2,0
16,43.3976969,-122.6662045,ID16_F16_m16f16_P16_Y9_UO3946,ID16_F16_m16f16_P16_Y7_UO5688,ID16_F16_m16f16_P16_Y8_UO1594,FXX,1,0.0,1,0,1.0,0,0,0,-9999.0,0.873046875,1,P15_CV0,1,2,0,2,0
16,43.3976969,-122.6662045,ID16_F16_m16f16_P16_Y9_UO3948,ID16_F16_m16f16_P16_Y7_UO5688,ID16_F16_m16f16_P16_Y8_UO1594,MXY,1,0.0,1,0,0.0,0,0,0,-9999.0,0.873046875,1,P15_CV0,1,2,0,1,1
16,43.3976969,-122.6662045,ID16_F16_m16f16_P16_Y9_UO3952,ID16_F16_m16f16_P16_Y7_UO5688,ID16_F16_m16f16_P16_Y8_UO1594,MXY,1,0.0,1,0,0.0,0,0,0,-9999.0,0.873046875,1,P15_CV0,1,2,0,2,0
16,43.3976969,-122.6662045,ID16_F16_m16f16_P16_Y9_UO3953,ID16_F16_m16f16_P16_Y7_UO5688,ID16_F16_m16f16_P16_Y8_UO1594,FXX,1,0.0,1,0,1.0,0,0,0,-9999.0,0.873046875,1,P15_CV0,1,2,0,2,0
16,43.3976969,-122.6662045,ID16_F16_m16f16_P16_Y9_UO3955,ID16_F16_m16f16_P16_Y7_UO5688,ID16_F16_m16f16_P16_Y8_UO1594,FXX,1,0.0,1,0,1.0,0,0,0,-9999.0,0.873046875,1,P15_CV0,1,2,0,1,1
16,43.3976969,-122.6662045,ID16_F16_m16f16_P16_Y9_UO3956,ID16_F16_m16f16_P16_Y7_UO5688,ID16_F16_m16f16_P16_Y8_UO1594,MXY,1,0.0,1,0,0.0,0,0,0,-9999.0,0.873046875,1,P15_CV0,1,2,0,1,1
16,43.3976969,-122.6662045,ID16_F16_m16f16_P16_Y9_UO3957,ID16_F16_m16f16_P16_Y7_UO5688,ID16_F16_m16f16_P16_Y8_UO1594,MXY,1,0.0,1,0,0.0,0,0,0,-9999.0,0.873046875,1,P15_CV0,1,2,0,1,1
16,43.3976969,-122.6662045,ID16_F16_m16f16_P16_Y9_UO3958,ID16_F16_m16f16_P16_Y7_UO5688,ID16_F16_m16f16_P16_Y8_UO1594,FXX,1,0.0,1,0,1.0,0,0,0,-9999.0,0.873046875,1,P15_CV0,1,2,0,2,0
16,43.3976969,-122.6662045,ID16_F16_m16f16_P16_Y9_UO3959,ID16_F16_m16f16_P16_Y7_UO5688,ID16_F16_m16f16_P16_Y8_UO1594,FXX,1,0.0,1,0,1.0,0,0,0,-9999.0,0.873046875,1,P15_CV0,1,2,0,2,0
16,43.3976969,-122.6662045,ID16_F16_m16f16_P16_Y9_UO3962,ID16_F16_m16f16_P16_Y7_UO5688,ID16_F16_m16f16_P16_Y8_UO1594,FXX,1,0.0,1,0,1.0,0,0,0,-9999.0,0.873046875,1,P15_CV0,1,2,0,2,0
16,43.3976969,-122.6662045,ID16_F16_m16f16_P16_Y9_UO4411,ID16_F16_m16f16_P16_Y7_UO183,ID16_F16_m16f16_P16_Y8_UO821,MXY,1,0.0,1,0,0.0,0,0,0,-9999.0,0.8203125,1,P15_CV0,1,2,0,2,0
16,43.3976969,-122.6662045,ID16_F16_m16f16_P16_Y9_UO4513,ID16_F16_m16f16_P16_Y6_UO4823,ID16_F16_m16f16_P16_Y8_UO5578,MXY,1,0.0,1,0,0.0,0,0,0,-9999.0,0.83984375,1,P15_CV0,1,2,0,1,1
16,43.3976969,-122.6662045,ID16_F16_m16f16_P16_Y9_UO4514,ID16_F16_m16f16_P16_Y6_UO4823,ID16_F16_m16f16_P16_Y8_UO5578,MXY,1,0.0,1,0,0.0,0,0,0,-9999.0,0.83984375,1,P15_CV0,1,2,0,1,1
16,43.3976969,-122.6662045,ID16_F16_m16f16_P16_Y9_UO5176,ID16_F16_m16f16_P16_Y6_UO4071,ID16_F16_m16f16_P16_Y8_UO2997,FXX,1,0.0,1,0,1.0,0,0,0,-9999.0,0.80859375,1,P15_CV0,1,2,0,2,0
16,43.3976969,-122.6662045,ID16_F16_m16f16_P16_Y9_UO5178,ID16_F16_m16f16_P16_Y6_UO4071,ID16_F16_m16f16_P16_Y8_UO2997,MXY,1,0.0,1,0,0.0,0,0,0,-9999.0,0.80859375,1,P15_CV0,1,2,0,1,1
16,43.3976969,-122.6662045,ID16_F16_m16f16_P16_Y9_UO5201,ID16_F16_m16f16_P16_Y7_UO4144,ID16_F16_m16f16_P16_Y8_UO5619,FXX,1,0.0,1,0,1.0,0,0,0,-9999.0,0.859375,1,P15_CV0,1,2,0,2,0
16,43.3976969,-122.6662045,ID16_F16_m16f16_P16_Y9_UO5203,ID16_F16_m16f16_P16_Y7_UO4144,ID16_F16_m16f16_P16_Y8_UO5619,MXY,1,0.0,1,0,0.0,0,0,0,-9999.0,0.859375,1,P15_CV0,1,2,0,2,0
16,43.3976969,-122.6662045,ID16_F16_m16f16_P16_Y9_UO5206,ID16_F16_m16f16_P16_Y7_UO4144,ID16_F16_m16f16_P16_Y8_UO5619,FXX,1,0.0,1,0,1.0,0,0,0,-9999.0,0.859375,1,P15_CV0,1,2,0,2,0
16,43.3976969,-122.6662045,ID16_F16_m16f16_P16_Y9_UO5207,ID16_F16_m16f16_P16_Y7_UO4144,ID16_F16_m16f16_P16_Y8_UO5619,FXX,1,0.0,1,0,1.0,0,0,0,-9999.0,0.859375,1,P15_CV0,1,2,0,2,0
16,43.3976969,-122.6662045,ID16_F16_m16f16_P16_Y9_UO5208,ID16_F16_m16f16_P16_Y7_UO4144,ID16_F16_m16f16_P16_Y8_UO5619,FXX,1,0.0,1,0,1.0,0,0,0,-9999.0,0.859375,1,P15_CV0,1,2,0,2,0
16,43.3976969,-122.6662045,ID16_F16_m16f16_P16_Y9_UO5210,ID16_F16_m16f16_P16_Y7_UO4144,ID16_F16_m16f16_P16_Y8_UO5619,MXY,1,0.0,1,0,0.0,0,0,0,-9999.0,0.859375,1,P15_CV0,1,2,0,2,0
16,43.3976969,-122.6662045,ID16_F16_m16f16_P16_Y9_UO5373,ID16_F16_m16f16_P16_Y7_UO4514,ID16_F16_m16f16_P16_Y8_UO1418,MXY,1,0.0,1,0,0.0,0,0,0,-9999.0,0.859375,1,P15_CV0,1,2,0,2,0
16,43.3976969,-122.6662045,ID16_F16_m16f16_P16_Y9_UO5374,ID16_F16_m16f16_P16_Y7_UO4514,ID16_F16_m16f16_P16_Y8_UO1418,MXY,1,0.0,1,0,0.0,0,0,0,-9999.0,0.859375,1,P15_CV0,1,2,0,2,0
16,43.3976969,-122.6662045,ID16_F16_m16f16_P16_Y9_UO5375,ID16_F16_m16f16_P16_Y7_UO4514,ID16_F16_m16f16_P16_Y8_UO1418,FXX,1,0.0,1,0,1.0,0,0,0,-9999.0,0.859375,1,P15_CV0,1,2,0,2,0
16,43.3976969,-122.6662045,ID16_F16_m16f16_P16_Y9_UO5376,ID16_F16_m16f16_P16_Y7_UO4514,ID16_F16_m16f16_P16_Y8_UO1418,FXX,1,0.0,1,0,1.0,0,0,0,-9999.0,0.859375,1,P15_CV0,1,2,0,2,0
16,43.3976969,-122.6662045,ID16_F16_m16f16_P16_Y9_UO5378,ID16_F16_m16f16_P16_Y7_UO4514,ID16_F16_m16f16_P16_Y8_UO1418,FXX,1,0.0,1,0,1.0,0,0,0,-9999.0,0.859375,1,P15_CV0,1,2,0,2,0
16,43.3976969,-122.6662045,ID16_F16_m16f16_P16_Y9_UO5381,ID16_F16_m16f16_P16_Y7_UO4514,ID16_F16_m16f16_P16_Y8_UO1418,MXY,1,0.0,1,0,0.0,0,0,0,-9999.0,0.859375,1,P15_CV0,1,2,0,2,0
16,43.3976969,-122.6662045,ID16_F16_m16f16_P16_Y9_UO5386,ID16_F16_m16f16_P16_Y7_UO4514,ID16_F16_m16f16_P16_Y8_UO1418,FXX,1,0.0,1,0,1.0,0,0,0,-9999.0,0.859375,1,P15_CV0,1,2,0,2,0
16,43.3976969,-122.6662045,ID16_F16_m16f16_P16_Y9_UO5387,ID16_F16_m16f16_P16_Y7_UO4514,ID16_F16_m16f16_P16_Y8_UO1418,FXX,1,0.0,1,0,1.0,0,0,0,-9999.0,0.859375,1,P15_CV0,1,2,0,2,0
16,43.3976969,-122.6662045,ID16_F16_m16f16_P16_Y9_UO5390,ID16_F16_m16f16_P16_Y7_UO4514,ID16_F16_m16f16_P16_Y8_UO1418,FXX,1,0.0,1,0,1.0,0,0,0,-9999.0,0.859375,1,P15_CV0,1,2,0,2,0
16,43.3976969,-122.6662045,ID16_F16_m16f16_P16_Y9_UO5439,ID16_F16_m16f16_P16_Y4_UO2893,ID16_F16_m16f16_P16_Y8_UO2724,FXX,1,0.0,1,0,1.0,0,0,0,-9999.0,0.72265625,1,P15_CV0,1,2,0,2,0
16,43.3976969,-122.6662045,ID16_F16_m16f16_P16_Y9_UO5441,ID16_F16_m16f16_P16_Y4_UO2893,ID16_F16_m16f16_P16_Y8_UO2724,MXY,1,0.0,1,0,0.0,0,0,0,-9999.0,0.72265625,1,P15_CV0,1,2,0,2,0
16,43.3976969,-122.6662045,ID16_F16_m16f16_P16_Y9_UO5442,ID16_F16_m16f16_P16_Y4_UO2893,ID16_F16_m16f16_P16_Y8_UO2724,FXX,1,0.0,1,0,1.0,0,0,0,-9999.0,0.72265625,1,P15_CV0,1,2,0,1,1
16,43.3976969,-122.6662045,ID16_F16_m16f16_P16_Y9_UO5443,ID16_F16_m16f16_P16_Y4_UO2893,ID16_F16_m16f16_P16_Y8_UO2724,MXY,1,0.0,1,0,0.0,0,0,0,-9999.0,0.72265625,1,P15_CV0,1,2,0,2,0
16,43.3976969,-122.6662045,ID16_F16_m16f16_P16_Y8_UO3174,ID16_F16_m16f16_P16_Y6_UO2847,ID16_F16_m16f16_P16_Y7_UO2276,FXX,2,0.0,1,0,1.0,0,0,0,-9999.0,0.8125,1,P15_CV0,1,2,0,2,0
16,43.3976969,-122.6662045,ID16_F16_m16f16_P16_Y8_UO2119,ID16_F16_m16f16_P16_Y6_UO4914,ID16_F16_m16f16_P16_Y7_UO4664,MXY,2,0.0,1,0,0.0,0,0,0,-9999.0,0.84375,1,P15_CV0,1,2,0,1,1
16,43.3976969,-122.6662045,ID16_F16_m16f16_P16_Y8_UO2294,ID16_F16_m16f16_P16_Y6_UO7084,ID16_F16_m16f16_P16_Y5_UO1705,MXY,2,0.0,1,0,0.0,0,0,0,-9999.0,0.90625,1,P15_CV0,1,2,0,2,0
16,43.3976969,-122.6662045,ID16_F16_m16f16_P16_Y8_UO5911,ID16_F16_m16f16_P16_Y6_UO7501,ID16_F16_m16f16_P16_Y7_UO2265,FXX,2,0.0,1,0,1.0,0,0,0,-9999.0,0.7890625,1,P15_CV0,1,2,0,1,1
16,43.3976969,-122.6662045,ID16_F16_m16f16_P16_Y8_UO6977,ID16_F16_m16f16_P16_Y6_UO2348,ID16_F16_m16f16_P16_Y6_UO2081,MXY,2,0.0,1,0,0.0,0,0,0,-9999.0,0.9140625,1,P15_CV0,1,2,0,1,1
16,43.3976969,-122.6662045,ID16_F16_m16f16_P16_Y8_UO819,ID16_F16_m16f16_P16_Y6_UO5463,ID16_F16_m16f16_P16_Y6_UO6508,MXY,2,0.0,1,0,0.0,0,0,0,-9999.0,0.828125,1,P15_CV0,1,2,0,2,0
16,43.3976969,-122.6662045,ID16_F16_m16f16_P16_Y8_UO3195,ID16_F16_m16f16_P16_Y6_UO5571,ID16_F16_m16f16_P16_Y6_UO4020,FXX,2,0.0,1,0,1.0,0,0,0,-9999.0,0.8671875,1,P15_CV0,1,2,0,2,0
16,43.3976969,-122.6662045,ID16_F16_m16f16_P16_Y8_UO5618,ID16_F16_m16f16_P16_Y6_UO21,ID16_F16_m16f16_P16_Y7_UO944,FXX,2,0.0,1,0,1.0,0,0,0,-9999.0,0.84375,1,P15_CV0,1,2,0,2,0
16,43.3976969,-122.6662045,ID16_F16_m16f16_P16_Y8_UO5622,ID16_F16_m16f16_P16_Y6_UO7230,ID16_F16_m16f16_P16_Y7_UO4016,FXX,2,0.0,1,0,1.0,0,0,0,-9999.0,0.87890625,1,P15_CV0,1,2,0,1,1
16,43.3976969,-122.6662045,ID16_F16_m16f16_P16_Y8_UO1916,ID16_F16_m16f16_P16_Y6_UO5836,ID16_F16_m16f16_P16_Y6_UO157,FXX,2,0.0,1,0,1.0,0,0,0,-9999.0,0.78125,1,P15_CV0,1,2,0,1,1
16,43.3976969,-122.6662045,ID16_F16_m16f16_P16_Y8_UO7332,ID16_F16_m16f16_P16_Y6_UO7226,ID16_F16_m16f16_P16_Y7_UO503,FXX,2,0.0,1,0,1.0,0,0,0,-9999.0,0.93359375,1,P15_CV0,1,2,0,1,1
16,43.3976969,-122.6662045,ID16_F16_m16f16_P16_Y8_UO4191,ID16_F16_m16f16_P16_Y6_UO6180,ID16_F16_m16f16_P16_Y6_UO4333,MXY,2,0.0,1,0,0.0,0,0,0,-9999.0,0.7890625,1,P15_CV0,1,2,0,2,0
16,43.3976969,-122.6662045,ID16_F16_m16f16_P16_Y8_UO1576,ID16_F16_m16f16_P16_Y6_UO816,ID16_F16_m16f16_P16_Y4_UO6512,FXX,2,0.0,1,0,1.0,0,0,0,-9999.0,0.7578125,1,P15_CV0,1,2,0,2,0
16,43.3976969,-122.6662045,ID16_F16_m16f16_P16_Y8_UO6507,ID16_F16_m16f16_P16_Y6_UO6002,ID16_F16_m16f16_P16_Y7_UO3142,FXX,2,0.0,1,0,1.0,0,0,0,-9999.0,0.7890625,1,P15_CV0,1,2,0,2,0
16,43.3976969,-122.6662045,ID16_F16_m16f16_P16_Y8_UO5982,ID16_F16_m16f16_P16_Y4_UO3717,ID16_F16_m16f16_P16_Y6_UO7428,FXX,2,0.0,1,0,1.0,0,0,0,-9999.0,0.84375,1,P15_CV0,1,2,0,1,1
16,43.3976969,-122.6662045,ID16_F16_m16f16_P16_Y8_UO5449,ID16_F16_m16f16_P16_Y6_UO343,ID16_F16_m16f16_P16_Y7_UO4519,FXX,2,0.0,1,0,1.0,0,0,0,-9999.0,0.88671875,1,P15_CV0,1,2,0,2,0
16,43.3976969,-122.6662045,ID16_F16_m16f16_P16_Y8_UO4623,ID16_F16_m16f16_P16_Y6_UO728,ID16_F16_m16f16_P16_Y7_UO4197,FXX,2,0.0,1,0,1.0,0,0,0,-9999.0,0.83203125,1,P15_CV0,1,2,0,1,1
16,43.3976969,-122.6662045,ID16_F16_m16f16_P16_Y8_UO1549,ID16_F16_m16f16_P16_Y6_UO5463,ID16_F16_m16f16_P16_Y5_UO321,MXY,2,0.0,1,0,0.0,0,0,0,-9999.0,0.8125,1,P15_CV0,1,2,0,2,0
16,43.3976969,-122.6662045,ID16_F16_m16f16_P16_Y8_UO2725,ID16_F16_m16f16_P16_Y6_UO5636,ID16_F16_m16f16_P16_Y7_UO1867,FXX,2,0.0,1,0,1.0,0,0,0,-9999.0,0.8203125,1,P15_CV0,1,2,0,1,1
16,43.3976969,-122.6662045,ID16_F16_m16f16_P16_Y8_UO4612,ID16_F16_m16f16_P16_Y6_UO2655,ID16_F16_m16f16_P16_Y6_UO2658,MXY,2,0.0,1,0,0.0,0,0,0,-9999.0,0.875,1,P15_CV0,1,2,0,2,0
16,43.3976969,-122.6662045,ID16_F16_m16f16_P16_Y8_UO4947,ID16_F16_m16f16_P16_Y6_UO5946,ID16_F16_m16f16_P16_Y6_UO2161,MXY,2,0.0,1,0,0.0,0,0,0,-9999.0,0.765625,1,P15_CV0,1,2,0,1,1
16,43.3976969,-122.6662045,ID16_F16_m16f16_P16_Y8_UO1419,ID16_F16_m16f16_P16_Y6_UO471,ID16_F16_m16f16_P16_Y6_UO2891,FXX,2,0.0,1,0,1.0,0,0,0,-9999.0,0.8203125,1,P15_CV0,1,2,0,2,0
16,43.3976969,-122.6662045,ID16_F16_m16f16_P16_Y8_UO821,ID16_F16_m16f16_P16_Y6_UO5463,ID16_F16_m16f16_P16_Y6_UO6508,MXY,2,0.0,1,0,0.0,0,0,0,-9999.0,0.828125,1,P15_CV0,1,2,0,2,0
16,43.3976969,-122.6662045,ID16_F16_m16f16_P16_Y8_UO4722,ID16_F16_m16f16_P16_Y6_UO346,ID16_F16_m16f16_P16_Y6_UO5942,MXY,2,0.0,1,0,0.0,0,0,0,-9999.0,0.875,1,P15_CV0,1,2,0,2,0
16,43.3976969,-122.6662045,ID16_F16_m16f16_P16_Y8_UO346,ID16_F16_m16f16_P16_Y6_UO1643,ID16_F16_m16f16_P16_Y6_UO668,FXX,2,0.0,1,0,1.0,0,0,0,-9999.0,0.78125,1,P15_CV0,1,2,0,2,0
16,43.3976969,-122.6662045,ID16_F16_m16f16_P16_Y8_UO3849,ID16_F16_m16f16_P16_Y6_UO2892,ID16_F16_m16f16_P16_Y6_UO7125,MXY,2,0.0,1,0,0.0,0,0,0,-9999.0,0.7890625,1,P15_CV0,1,2,0,2,0
16,43.3976969,-122.6662045,ID16_F16_m16f16_P16_Y8_UO1485,ID16_F16_m16f16_P16_Y6_UO2797,ID16_F16_m16f16_P16_Y7_UO947,MXY,2,0.0,1,0,0.0,0,0,0,-9999.0,0.8203125,1,P15_CV0,1,2,0,1,1
16,43.3976969,-122.6662045,ID16_F16_m16f16_P16_Y8_UO5810,ID16_F16_m16f16_P16_Y6_UO2336,ID16_F16_m16f16_P16_Y6_UO2670,MXY,2,0.0,1,0,0.0,0,0,0,-9999.0,0.78125,1,P15_CV0,1,2,0,1,1
16,43.3976969,-122.6662045,ID16_F16_m16f16_P16_Y8_UO6884,ID16_F16_m16f16_P16_Y6_UO6982,ID16_F16_m16f16_P16_Y7_UO4197,MXY,2,0.0,1,0,0.0,0,0,0,-9999.0,0.75390625,1,P15_CV0,1,2,0,1,1
16,43.3976969,-122.6662045,ID16_F16_m16f16_P16_Y8_UO2310,ID16_F16_m16f16_P16_Y6_UO2345,ID16_F16_m16f16_P16_Y7_UO940,FXX,2,0.0,1,0,1.0,0,0,0,-9999.0,0.890625,1,P15_CV0,1,2,0,1,1
16,43.3976969,-122.6662045,ID16_F16_m16f16_P16_Y8_UO4720,ID16_F16_m16f16_P16_Y6_UO346,ID16_F16_m16f16_P16_Y6_UO5942,FXX,2,0.0,1,0,1.0,0,0,0,-9999.0,0.875,1,P15_CV0,1,2,0,2,0
16,43.3976969,-122.6662045,ID16_F16_m16f16_P16_Y8_UO6786,ID16_F16_m16f16_P16_Y6_UO2408,ID16_F16_m16f16_P16_Y6_UO6512,FXX,2,0.0,1,0,1.0,0,0,0,-9999.0,0.796875,1,P15_CV0,1,2,0,1,1
16,43.3976969,-122.6662045,ID16_F16_m16f16_P16_Y8_UO6976,ID16_F16_m16f16_P16_Y6_UO2348,ID16_F16_m16f16_P16_Y6_UO2081,MXY,2,0.0,1,0,0.0,0,0,0,-9999.0,0.9140625,1,P15_CV0,1,2,0,1,1
16,43.3976969,-122.6662045,ID16_F16_m16f16_P16_Y8_UO3000,ID16_F16_m16f16_P16_Y6_UO7405,ID16_F16_m16f16_P16_Y6_UO3824,FXX,2,0.0,1,0,1.0,0,0,0,-9999.0,0.828125,1,P15_CV0,1,2,0,2,0
16,43.3976969,-122.6662045,ID16_F16_m16f16_P16_Y8_UO5087,ID16_F16_m16f16_P16_Y6_UO4823,ID16_F16_m16f16_P16_Y6_UO2161,FXX,2,0.0,1,0,1.0,0,0,0,-9999.0,0.8125,1,P15_CV0,1,2,0,0,2
16,43.3976969,-122.6662045,ID16_F16_m16f16_P16_Y8_UO1575,ID16_F16_m16f16_P16_Y6_UO816,ID16_F16_m16f16_P16_Y4_UO6512,FXX,2,0.0,1,0,1.0,0,0,0,-9999.0,0.7578125,1,P15_CV0,1,2,0,1,1
16,43.3976969,-122.6662045,ID16_F16_m16f16_P16_Y8_UO1683,ID16_F16_m16f16_P16_Y6_UO4605,ID16_F16_m16f16_P16_Y6_UO2161,MXY,2,0.0,1,0,0.0,0,0,0,-9999.0,0.78125,1,P15_CV0,1,2,0,1,1
16,43.3976969,-122.6662045,ID16_F16_m16f16_P16_Y8_UO7034,ID16_F16_m16f16_P16_Y6_UO5815,ID16_F16_m16f16_P16_Y6_UO668,FXX,2,0.0,1,0,1.0,0,0,0,-9999.0,0.796875,1,P15_CV0,1,2,0,1,1
16,43.3976969,-122.6662045,ID16_F16_m16f16_P16_Y8_UO6469,ID16_F16_m16f16_P16_Y6_UO1640,ID16_F16_m16f16_P16_Y6_UO2077,FXX,2,0.0,1,0,1.0,0,0,0,-9999.0,0.8515625,1,P15_CV0,1,2,0,2,0
16,43.3976969,-122.6662045,ID16_F16_m16f16_P16_Y8_UO4220,ID16_F16_m16f16_P16_Y6_UO5821,ID16_F16_m16f16_P16_Y7_UO4519,MXY,2,0.0,1,0,0.0,0,0,0,-9999.0,0.87109375,1,P15_CV0,1,2,0,1,1
16,43.3976969,-122.6662045,ID16_F16_m16f16_P16_Y8_UO7629,ID16_F16_m16f16_P16_Y6_UO5636,ID16_F16_m16f16_P16_Y7_UO5142,FXX,2,0.0,1,0,1.0,0,0,0,-9999.0,0.8984375,1,P15_CV0,1,2,0,1,1
16,43.3976969,-122.6662045,ID16_F16_m16f16_P16_Y8_UO1550,ID16_F16_m16f16_P16_Y6_UO5463,ID16_F16_m16f16_P16_Y5_UO321,FXX,2,0.0,1,0,1.0,0,0,0,-9999.0,0.8125,1,P15_CV0,1,2,0,2,0
16,43.3976969,-122.6662045,ID16_F16_m16f16_P16_Y8_UO1086,ID16_F16_m16f16_P16_Y6_UO2888,ID16_F16_m16f16_P16_Y4_UO6512,FXX,2,0.0,1,0,1.0,0,0,0,-9999.0,0.7734375,1,P15_CV0,1,2,0,2,0
16,43.3976969,-122.6662045,ID16_F16_m16f16_P16_Y8_UO4073,ID16_F16_m16f16_P16_Y6_UO4336,ID16_F16_m16f16_P16_Y7_UO1006,MXY,2,0.0,1,0,0.0,0,0,0,-9999.0,0.84375,1,P15_CV0,1,2,0,1,1
16,43.3976969,-122.6662045,ID16_F16_m16f16_P16_Y8_UO3003,ID16_F16_m16f16_P16_Y6_UO7405,ID16_F16_m16f16_P16_Y6_UO3824,FXX,2,0.0,1,0,1.0,0,0,0,-9999.0,0.828125,1,P15_CV0,1,2,0,2,0
16,43.3976969,-122.6662045,ID16_F16_m16f16_P16_Y8_UO5615,ID16_F16_m16f16_P16_Y6_UO21,ID16_F16_m16f16_P16_Y7_UO944,MXY,2,0.0,1,0,0.0,0,0,0,-9999.0,0.84375,1,P15_CV0,1,2,0,1,1
16,43.3976969,-122.6662045,ID16_F16_m16f16_P16_Y8_UO4093,ID16_F16_m16f16_P16_Y6_UO7436,ID16_F16_m16f16_P16_Y6_UO2670,FXX,2,0.0,1,0,1.0,0,0,0,-9999.0,0.8515625,1,P15_CV0,1,2,0,0,2
16,43.3976969,-122.6662045,ID16_F16_m16f16_P16_Y8_UO1919,ID16_F16_m16f16_P16_Y6_UO5836,ID16_F16_m16f16_P16_Y6_UO157,MXY,2,0.0,1,0,0.0,0,0,0,-9999.0,0.78125,1,P15_CV0,1,2,0,1,1
16,43.3976969,-122.6662045,ID16_F16_m16f16_P16_Y8_UO1559,ID16_F16_m16f16_P16_Y4_UO2893,ID16_F16_m16f16_P16_Y5_UO1705,MXY,2,0.0,1,0,0.0,0,0,0,-9999.0,0.78125,1,P15_CV0,1,2,0,2,0
16,43.3976969,-122.6662045,ID16_F16_m16f16_P16_Y8_UO5321,ID16_F16_m16f16_P16_Y6_UO4336,ID16_F16_m16f16_P16_Y7_UO1803,FXX,2,0.0,1,0,1.0,0,0,0,-9999.0,0.84765625,1,P15_CV0,1,2,0,2,0
16,43.3976969,-122.6662045,ID16_F16_m16f16_P16_Y8_UO4218,ID16_F16_m16f16_P16_Y6_UO5821,ID16_F16_m16f16_P16_Y7_UO4519,FXX,2,0.0,1,0,1.0,0,0,0,-9999.0,0.87109375,1,P15_CV0,1,2,0,1,1
16,43.3976969,-122.6662045,ID16_F16_m16f16_P16_Y8_UO2709,ID16_F16_m16f16_P16_Y6_UO2350,ID16_F16_m16f16_P16_Y7_UO324,MXY,2,0.0,1,0,0.0,0,0,0,-9999.0,0.87109375,1,P15_CV0,1,2,0,2,0
16,43.3976969,-122.6662045,ID16_F16_m16f16_P16_Y8_UO5915,ID16_F16_m16f16_P16_Y6_UO7501,ID16_F16_m16f16_P16_Y7_UO2265,MXY,2,0.0,1,0,0.0,0,0,0,-9999.0,0.7890625,1,P15_CV0,1,2,0,1,1
16,43.3976969,-122.6662045,ID16_F16_m16f16_P16_Y8_UO4620,ID16_F16_m16f16_P16_Y6_UO728,ID16_F16_m16f16_P16_Y7_UO4197,FXX,2,0.0,1,0,1.0,0,0,0,-9999.0,0.83203125,1,P15_CV0,1,2,0,1,1
16,43.3976969,-122.6662045,ID16_F16_m16f16_P16_Y8_UO2587,ID16_F16_m16f16_P16_Y6_UO4071,ID16_F16_m16f16_P16_Y6_UO4182,FXX,2,0.0,1,0,1.0,0,0,0,-9999.0,0.84375,1,P15_CV0,1,2,0,2,0
16,43.3976969,-122.6662045,ID16_F16_m16f16_P16_Y8_UO1448,ID16_F16_m16f16_P16_Y6_UO5413,ID16_F16_m16f16_P16_Y6_UO2658,MXY,2,0.0,1,0,0.0,0,0,0,-9999.0,0.8203125,1,P15_CV0,1,2,0,1,1
16,43.3976969,-122.6662045,ID16_F16_m16f16_P16_Y8_UO2062,ID16_F16_m16f16_P16_Y6_UO5464,ID16_F16_m16f16_P16_Y7_UO4518,MXY,2,0.0,1,0,0.0,0,0,0,-9999.0,0.90234375,1,P15_CV0,1,2,0,1,1
16,43.3976969,-122.6662045,ID16_F16_m16f16_P16_Y8_UO3473,ID16_F16_m16f16_P16_Y6_UO1108,ID16_F16_m16f16_P16_Y6_UO668,FXX,2,0.0,1,0,1.0,0,0,0,-9999.0,0.765625,1,P15_CV0,1,2,0,2,0
16,43.3976969,-122.6662045,ID16_F16_m16f16_P16_Y8_UO2772,ID16_F16_m16f16_P16_Y6_UO5413,ID16_F16_m16f16_P16_Y7_UO3803,MXY,2,0.0,1,0,0.0,0,0,0,-9999.0,0.79296875,1,P15_CV0,1,2,0,1,1
16,43.3976969,-122.6662045,ID16_F16_m16f16_P16_Y8_UO6975,ID16_F16_m16f16_P16_Y6_UO2348,ID16_F16_m16f16_P16_Y6_UO2081,FXX,2,0.0,1,0,1.0,0,0,0,-9999.0,0.9140625,1,P15_CV0,1,2,0,1,1
16,43.3976969,-122.6662045,ID16_F16_m16f16_P16_Y8_UO1577,ID16_F16_m16f16_P16_Y6_UO816,ID16_F16_m16f16_P16_Y4_UO6512,FXX,2,0.0,1,0,1.0,0,0,0,-9999.0,0.7578125,1,P15_CV0,1,2,0,2,0
16,43.3976969,-122.6662045,ID16_F16_m16f16_P16_Y8_UO1267,ID16_F16_m16f16_P16_Y6_UO471,ID16_F16_m16f16_P16_Y6_UO158,MXY,2,0.0,1,0,0.0,0,0,0,-9999.0,0.828125,1,P15_CV0,1,2,0,2,0
16,43.3976969,-122.6662045,ID16_F16_m16f16_P16_Y8_UO3004,ID16_F16_m16f16_P16_Y6_UO7405,ID16_F16_m16f16_P16_Y6_UO3824,MXY,2,0.0,1,0,0.0,0,0,0,-9999.0,0.828125,1,P15_CV0,1,2,0,2,0
16,43.3976969,-122.6662045,ID16_F16_m16f16_P16_Y8_UO7630,ID16_F16_m16f16_P16_Y6_UO5636,ID16_F16_m16f16_P16_Y7_UO5142,FXX,2,0.0,1,0,1.0,0,0,0,-9999.0,0.8984375,1,P15_CV0,1,2,0,1,1
16,43.3976969,-122.6662045,ID16_F16_m16f16_P16_Y8_UO1591,ID16_F16_m16f16_P16_Y6_UO6780,ID16_F16_m16f16_P16_Y7_UO507,FXX,2,0.0,1,0,1.0,0,0,0,-9999.0,0.95703125,1,P15_CV0,1,2,0,0,2
16,43.3976969,-122.6662045,ID16_F16_m16f16_P16_Y8_UO3471,ID16_F16_m16f16_P16_Y6_UO1108,ID16_F16_m16f16_P16_Y6_UO668,FXX,2,0.0,1,0,1.0,0,0,0,-9999.0,0.765625,1,P15_CV0,1,2,0,2,0
16,43.3976969,-122.6662045,ID16_F16_m16f16_P16_Y8_UO4622,ID16_F16_m16f16_P16_Y6_UO728,ID16_F16_m16f16_P16_Y7_UO4197,MXY,2,0.0,1,0,0.0,0,0,0,-9999.0,0.83203125,1,P15_CV0,1,2,0,1,1
16,43.3976969,-122.6662045,ID16_F16_m16f16_P16_Y8_UO2937,ID16_F16_m16f16_P16_Y6_UO4824,ID16_F16_m16f16_P16_Y6_UO2664,FXX,2,0.0,1,0,1.0,0,0,0,-9999.0,0.84375,1,P15_CV0,1,2,0,1,1
16,43.3976969,-122.6662045,ID16_F16_m16f16_P16_Y8_UO7005,ID16_F16_m16f16_P16_Y6_UO1640,ID16_F16_m16f16_P16_Y7_UO4511,MXY,2,0.0,1,0,0.0,0,0,0,-9999.0,0.85546875,1,P15_CV0,1,2,0,2,0
16,43.3976969,-122.6662045,ID16_F16_m16f16_P16_Y8_UO1560,ID16_F16_m16f16_P16_Y4_UO2893,ID16_F16_m16f16_P16_Y5_UO1705,MXY,2,0.0,1,0,0.0,0,0,0,-9999.0,0.78125,1,P15_CV0,1,2,0,2,0
16,43.3976969,-122.6662045,ID16_F16_m16f16_P16_Y8_UO4381,ID16_F16_m16f16_P16_Y6_UO5571,ID16_F16_m16f16_P16_Y6_UO5467,FXX,2,0.0,1,0,1.0,0,0,0,-9999.0,0.8046875,1,P15_CV0,1,2,0,2,0
16,43.3976969,-122.6662045,ID16_F16_m16f16_P16_Y8_UO4575,ID16_F16_m16f16_P16_Y5_UO2171,ID16_F16_m16f16_P16_Y7_UO4517,MXY,2,0.0,1,0,0.0,0,0,0,-9999.0,0.88671875,1,P15_CV0,1,2,0,2,0
16,43.3976969,-122.6662045,ID16_F16_m16f16_P16_Y8_UO165,ID16_F16_m16f16_P16_Y4_UO2059,ID16_F16_m16f16_P16_Y6_UO3793,MXY,2,0.0,1,0,0.0,0,0,0,-9999.0,0.7265625,1,P15_CV0,1,2,0,2,0
16,43.3976969,-122.6662045,ID16_F16_m16f16_P16_Y8_UO4382,ID16_F16_m16f16_P16_Y6_UO5571,ID16_F16_m16f16_P16_Y6_UO5467,FXX,2,0.0,1,0,1.0,0,0,0,-9999.0,0.8046875,1,P15_CV0,1,2,0,2,0
16,43.3976969,-122.6662045,ID16_F16_m16f16_P16_Y8_UO5952,ID16_F16_m16f16_P16_Y6_UO153,ID16_F16_m16f16_P16_Y7_UO4153,FXX,2,0.0,1,0,1.0,0,0,0,-9999.0,0.84375,1,P15_CV0,1,2,0,1,1
16,43.3976969,-122.6662045,ID16_F16_m16f16_P16_Y8_UO4327,ID16_F16_m16f16_P16_Y4_UO2093,ID16_F16_m16f16_P16_Y7_UO503,FXX,2,0.0,1,0,1.0,0,0,0,-9999.0,0.98046875,1,P15_CV0,1,2,0,1,1
16,43.3976969,-122.6662045,ID16_F16_m16f16_P16_Y8_UO5085,ID16_F16_m16f16_P16_Y6_UO4823,ID16_F16_m16f16_P16_Y6_UO2161,MXY,2,0.0,1,0,0.0,0,0,0,-9999.0,0.8125,1,P15_CV0,1,2,0,0,2
16,43.3976969,-122.6662045,ID16_F16_m16f16_P16_Y8_UO2997,ID16_F16_m16f16_P16_Y6_UO6982,ID16_F16_m16f16_P16_Y7_UO948,MXY,2,0.0,1,0,0.0,0,0,0,-9999.0,0.8046875,1,P15_CV0,1,2,0,1,1
16,43.3976969,-122.6662045,ID16_F16_m16f16_P16_Y8_UO1594,ID16_F16_m16f16_P16_Y6_UO6780,ID16_F16_m16f16_P16_Y7_UO507,MXY,2,0.0,1,0,0.0,0,0,0,-9999.0,0.95703125,1,P15_CV0,1,2,0,1,1
16,43.3976969,-122.6662045,ID16_F16_m16f16_P16_Y8_UO162,ID16_F16_m16f16_P16_Y4_UO2059,ID16_F16_m16f16_P16_Y6_UO3793,MXY,2,0.0,1,0,0.0,0,0,0,-9999.0,0.7265625,1,P15_CV0,1,2,0,2,0
16,43.3976969,-122.6662045,ID16_F16_m16f16_P16_Y8_UO5577,ID16_F16_m16f16_P16_Y6_UO7436,ID16_F16_m16f16_P16_Y6_UO157,FXX,2,0.0,1,0,1.0,0,0,0,-9999.0,0.8359375,1,P15_CV0,1,2,0,0,2
16,43.3976969,-122.6662045,ID16_F16_m16f16_P16_Y8_UO7513,ID16_F16_m16f16_P16_Y6_UO4186,ID16_F16_m16f16_P16_Y6_UO3824,FXX,2,0.0,1,0,1.0,0,0,0,-9999.0,0.84375,1,P15_CV0,1,2,0,2,0
16,43.3976969,-122.6662045,ID16_F16_m16f16_P16_Y8_UO4273,ID16_F16_m16f16_P16_Y6_UO5462,ID16_F16_m16f16_P16_Y6_UO6231,FXX,2,0.0,1,0,1.0,0,0,0,-9999.0,0.8359375,1,P15_CV0,1,2,0,1,1
16,43.3976969,-122.6662045,ID16_F16_m16f16_P16_Y8_UO2787,ID16_F16_m16f16_P16_Y6_UO7417,ID16_F16_m16f16_P16_Y6_UO4917,MXY,2,0.0,1,0,0.0,0,0,0,-9999.0,0.828125,1,P15_CV0,1,2,0,1,1
16,43.3976969,-122.6662045,ID16_F16_m16f16_P16_Y8_UO1169,ID16_F16_m16f16_P16_Y6_UO154,ID16_F16_m16f16_P16_Y7_UO4512,FXX,2,0.0,1,0,1.0,0,0,0,-9999.0,0.85546875,1,P15_CV0,1,2,0,0,2
16,43.3976969,-122.6662045,ID16_F16_m16f16_P16_Y8_UO2128,ID16_F16_m16f16_P16_Y6_UO1079,ID16_F16_m16f16_P16_Y6_UO6455,MXY,2,0.0,1,0,0.0,0,0,0,-9999.0,0.8359375,1,P15_CV0,1,2,0,2,0
16,43.3976969,-122.6662045,ID16_F16_m16f16_P16_Y8_UO4102,ID16_F16_m16f16_P16_Y6_UO2657,ID16_F16_m16f16_P16_Y7_UO4215,FXX,2,0.0,1,0,1.0,0,0,0,-9999.0,0.828125,1,P15_CV0,1,2,0,1,1
16,43.3976969,-122.6662045,ID16_F16_m16f16_P16_Y8_UO5881,ID16_F16_m16f16_P16_Y6_UO5941,ID16_F16_m16f16_P16_Y4_UO4893,MXY,2,0.0,1,0,0.0,0,0,0,-9999.0,0.84375,1,P15_CV0,1,2,0,2,0
16,43.3976969,-122.6662045,ID16_F16_m16f16_P16_Y8_UO5912,ID16_F16_m16f16_P16_Y6_UO7501,ID16_F16_m16f16_P16_Y7_UO2265,FXX,2,0.0,1,0,1.0,0,0,0,-9999.0,0.7890625,1,P15_CV0,1,2,0,0,2
16,43.3976969,-122.6662045,ID16_F16_m16f16_P16_Y8_UO4216,ID16_F16_m16f16_P16_Y6_UO5821,ID16_F16_m16f16_P16_Y7_UO4519,FXX,2,0.0,1,0,1.0,0,0,0,-9999.0,0.87109375,1,P15_CV0,1,2,0,2,0
16,43.3976969,-122.6662045,ID16_F16_m16f16_P16_Y8_UO4275,ID16_F16_m16f16_P16_Y6_UO5462,ID16_F16_m16f16_P16_Y6_UO6231,FXX,2,0.0,1,0,1.0,0,0,0,-9999.0,0.8359375,1,P15_CV0,1,2,0,1,1
16,43.3976969,-122.6662045,ID16_F16_m16f16_P16_Y8_UO5086,ID16_F16_m16f16_P16_Y6_UO4823,ID16_F16_m16f16_P16_Y6_UO2161,FXX,2,0.0,1,0,1.0,0,0,0,-9999.0,0.8125,1,P15_CV0,1,2,0,1,1
16,43.3976969,-122.6662045,ID16_F16_m16f16_P16_Y8_UO2129,ID16_F16_m16f16_P16_Y6_UO1079,ID16_F16_m16f16_P16_Y6_UO6455,MXY,2,0.0,1,0,0.0,0,0,0,-9999.0,0.8359375,1,P15_CV0,1,2,0,2,0
16,43.3976969,-122.6662045,ID16_F16_m16f16_P16_Y8_UO6208,ID16_F16_m16f16_P16_Y6_UO340,ID16_F16_m16f16_P16_Y7_UO507,FXX,2,0.0,1,0,1.0,0,0,0,-9999.0,0.91796875,1,P15_CV0,1,2,0,1,1
16,43.3976969,-122.6662045,ID16_F16_m16f16_P16_Y8_UO1091,ID16_F16_m16f16_P16_Y6_UO5999,ID16_F16_m16f16_P16_Y7_UO1861,FXX,2,0.0,1,0,1.0,0,0,0,-9999.0,0.7890625,1,P15_CV0,1,2,0,1,1
16,43.3976969,-122.6662045,ID16_F16_m16f16_P16_Y8_UO7038,ID16_F16_m16f16_P16_Y6_UO5815,ID16_F16_m16f16_P16_Y6_UO668,FXX,2,0.0,1,0,1.0,0,0,0,-9999.0,0.796875,1,P15_CV0,1,2,0,2,0
16,43.3976969,-122.6662045,ID16_F16_m16f16_P16_Y8_UO1680,ID16_F16_m16f16_P16_Y6_UO2408,ID16_F16_m16f16_P16_Y4_UO354,FXX,2,0.0,1,0,1.0,0,0,0,-9999.0,0.890625,1,P15_CV0,1,2,0,1,1
16,43.3976969,-122.6662045,ID16_F16_m16f16_P16_Y8_UO4980,ID16_F16_m16f16_P16_Y6_UO2261,ID16_F16_m16f16_P16_Y7_UO4515,FXX,2,0.0,1,0,1.0,0,0,0,-9999.0,0.88671875,1,P15_CV0,1,2,0,1,1
16,43.3976969,-122.6662045,ID16_F16_m16f16_P16_Y8_UO1170,ID16_F16_m16f16_P16_Y6_UO154,ID16_F16_m16f16_P16_Y7_UO4512,FXX,2,0.0,1,0,1.0,0,0,0,-9999.0,0.85546875,1,P15_CV0,1,2,0,0,2
16,43.3976969,-122.6662045,ID16_F16_m16f16_P16_Y8_UO343,ID16_F16_m16f16_P16_Y6_UO1643,ID16_F16_m16f16_P16_Y6_UO668,MXY,2,0.0,1,0,0.0,0,0,0,-9999.0,0.78125,1,P15_CV0,1,2,0,2,0
16,43.3976969,-122.6662045,ID16_F16_m16f16_P16_Y8_UO2060,ID16_F16_m16f16_P16_Y6_UO5464,ID16_F16_m16f16_P16_Y7_UO4518,FXX,2,0.0,1,0,1.0,0,0,0,-9999.0,0.90234375,1,P15_CV0,1,2,0,1,1
16,43.3976969,-122.6662045,ID16_F16_m16f16_P16_Y8_UO4219,ID16_F16_m16f16_P16_Y6_UO5821,ID16_F16_m16f16_P16_Y7_UO4519,MXY,2,0.0,1,0,0.0,0,0,0,-9999.0,0.87109375,1,P15_CV0,1,2,0,2,0
16,43.3976969,-122.6662045,ID16_F16_m16f16_P16_Y8_UO2936,ID16_F16_m16f16_P16_Y6_UO4824,ID16_F16_m16f16_P16_Y6_UO2664,MXY,2,0.0,1,0,0.0,0,0,0,-9999.0,0.84375,1,P15_CV0,1,2,0,0,2
16,43.3976969,-122.6662045,ID16_F16_m16f16_P16_Y8_UO4193,ID16_F16_m16f16_P16_Y6_UO6180,ID16_F16_m16f16_P16_Y6_UO4333,FXX,2,0.0,1,0,1.0,0,0,0,-9999.0,0.7890625,1,P15_CV0,1,2,0,1,1
16,43.3976969,-122.6662045,ID16_F16_m16f16_P16_Y8_UO2057,ID16_F16_m16f16_P16_Y6_UO5464,ID16_F16_m16f16_P16_Y7_UO4518,FXX,2,0.0,1,0,1.0,0,0,0,-9999.0,0.90234375,1,P15_CV0,1,2,0,1,1
16,43.3976969,-122.6662045,ID16_F16_m16f16_P16_Y8_UO7265,ID16_F16_m16f16_P16_Y6_UO154,ID16_F16_m16f16_P16_Y6_UO2407,FXX,2,0.0,1,0,1.0,0,0,0,-9999.0,0.828125,1,P15_CV0,1,2,0,0,2
16,43.3976969,-122.6662045,ID16_F16_m16f16_P16_Y8_UO5985,ID16_F16_m16f16_P16_Y4_UO1680,ID16_F16_m16f16_P16_Y6_UO2081,MXY,2,0.0,1,0,0.0,0,0,0,-9999.0,0.8515625,1,P15_CV0,1,2,0,1,1
16,43.3976969,-122.6662045,ID16_F16_m16f16_P16_Y8_UO4384,ID16_F16_m16f16_P16_Y6_UO5571,ID16_F16_m16f16_P16_Y6_UO5467,MXY,2,0.0,1,0,0.0,0,0,0,-9999.0,0.8046875,1,P15_CV0,1,2,0,2,0
16,43.3976969,-122.6662045,ID16_F16_m16f16_P16_Y8_UO80,ID16_F16_m16f16_P16_Y6_UO4071,ID16_F16_m16f16_P16_Y6_UO1666,MXY,2,0.0,1,0,0.0,0,0,0,-9999.0,0.7890625,1,P15_CV0,1,2,0,2,0
16,43.3976969,-122.6662045,ID16_F16_m16f16_P16_Y8_UO5890,ID16_F16_m16f16_P16_Y6_UO154,ID16_F16_m16f16_P16_Y7_UO312,MXY,2,0.0,1,0,0.0,0,0,0,-9999.0,0.80859375,1,P15_CV0,1,2,0,1,1
16,43.3976969,-122.6662045,ID16_F16_m16f16_P16_Y8_UO2495,ID16_F16_m16f16_P16_Y6_UO5470,ID16_F16_m16f16_P16_Y6_UO3824,MXY,2,0.0,1,0,0.0,0,0,0,-9999.0,0.8125,1,P15_CV0,1,2,0,2,0
16,43.3976969,-122.6662045,ID16_F16_m16f16_P16_Y8_UO605,ID16_F16_m16f16_P16_Y6_UO5999,ID16_F16_m16f16_P16_Y6_UO1667,FXX,2,0.0,1,0,1.0,0,0,0,-9999.0,0.7890625,1,P15_CV0,1,2,0,1,1
16,43.3976969,-122.6662045,ID16_F16_m16f16_P16_Y8_UO6974,ID16_F16_m16f16_P16_Y6_UO2348,ID16_F16_m16f16_P16_Y6_UO2081,FXX,2,0.0,1,0,1.0,0,0,0,-9999.0,0.9140625,1,P15_CV0,1,2,0,1,1
16,43.3976969,-122.6662045,ID16_F16_m16f16_P16_Y8_UO4944,ID16_F16_m16f16_P16_Y6_UO5946,ID16_F16_m16f16_P16_Y6_UO2161,FXX,2,0.0,1,0,1.0,0,0,0,-9999.0,0.765625,1,P15_CV0,1,2,0,1,1
16,43.3976969,-122.6662045,ID16_F16_m16f16_P16_Y8_UO6784,ID16_F16_m16f16_P16_Y6_UO2408,ID16_F16_m16f16_P16_Y6_UO6512,MXY,2,0.0,1,0,0.0,0,0,0,-9999.0,0.796875,1,P15_CV0,1,2,0,1,1
16,43.3976969,-122.6662045,ID16_F16_m16f16_P16_Y8_UO6509,ID16_F16_m16f16_P16_Y6_UO6002,ID16_F16_m16f16_P16_Y7_UO3142,FXX,2,0.0,1,0,1.0,0,0,0,-9999.0,0.7890625,1,P15_CV0,1,2,0,1,1
16,43.3976969,-122.6662045,ID16_F16_m16f16_P16_Y8_UO7328,ID16_F16_m16f16_P16_Y6_UO7226,ID16_F16_m16f16_P16_Y7_UO503,MXY,2,0.0,1,0,0.0,0,0,0,-9999.0,0.93359375,1,P15_CV0,1,2,0,0,2
16,43.3976969,-122.6662045,ID16_F16_m16f16_P16_Y8_UO2491,ID16_F16_m16f16_P16_Y6_UO5470,ID16_F16_m16f16_P16_Y6_UO3824,MXY,2,0.0,1,0,0.0,0,0,0,-9999.0,0.8125,1,P15_CV0,1,2,0,2,0
16,43.3976969,-122.6662045,ID16_F16_m16f16_P16_Y8_UO2387,ID16_F16_m16f16_P16_Y6_UO4186,ID16_F16_m16f16_P16_Y6_UO3824,FXX,2,0.0,1,0,1.0,0,0,0,-9999.0,0.84375,1,P15_CV0,1,2,0,2,0
16,43.3976969,-122.6662045,ID16_F16_m16f16_P16_Y8_UO2061,ID16_F16_m16f16_P16_Y6_UO5464,ID16_F16_m16f16_P16_Y7_UO4518,FXX,2,0.0,1,0,1.0,0,0,0,-9999.0,0.90234375,1,P15_CV0,1,2,0,1,1
16,43.3976969,-122.6662045,ID16_F16_m16f16_P16_Y8_UO5989,ID16_F16_m16f16_P16_Y6_UO2261,ID16_F16_m16f16_P16_Y7_UO1847,FXX,2,0.0,1,0,1.0,0,0,0,-9999.0,0.8203125,1,P15_CV0,1,2,0,2,0
16,43.3976969,-122.6662045,ID16_F16_m16f16_P16_Y8_UO7171,ID16_F16_m16f16_P16_Y6_UO816,ID16_F16_m16f16_P16_Y6_UO2104,MXY,2,0.0,1,0,0.0,0,0,0,-9999.0,0.7578125,1,P15_CV0,1,2,0,2,0
16,43.3976969,-122.6662045,ID16_F16_m16f16_P16_Y8_UO5809,ID16_F16_m16f16_P16_Y4_UO5685,ID16_F16_m16f16_P16_Y6_UO6455,MXY,2,0.0,1,0,0.0,0,0,0,-9999.0,0.90625,1,P15_CV0,1,2,0,1,1
16,43.3976969,-122.6662045,ID16_F16_m16f16_P16_Y8_UO1108,ID16_F16_m16f16_P16_Y6_UO6432,ID16_F16_m16f16_P16_Y6_UO2083,FXX,2,0.0,1,0,1.0,0,0,0,-9999.0,0.8984375,1,P15_CV0,1,2,0,2,0
16,43.3976969,-122.6662045,ID16_F16_m16f16_P16_Y8_UO5987,ID16_F16_m16f16_P16_Y4_UO1680,ID16_F16_m16f16_P16_Y6_UO2081,FXX,2,0.0,1,0,1.0,0,0,0,-9999.0,0.8515625,1,P15_CV0,1,2,0,1,1
16,43.3976969,-122.6662045,ID16_F16_m16f16_P16_Y8_UO2386,ID16_F16_m16f16_P16_Y6_UO4186,ID16_F16_m16f16_P16_Y6_UO3824,FXX,2,0.0,1,0,1.0,0,0,0,-9999.0,0.84375,1,P15_CV0,1,2,0,2,0
16,43.3976969,-122.6662045,ID16_F16_m16f16_P16_Y8_UO2306,ID16_F16_m16f16_P16_Y6_UO2345,ID16_F16_m16f16_P16_Y7_UO940,MXY,2,0.0,1,0,0.0,0,0,0,-9999.0,0.890625,1,P15_CV0,1,2,0,1,1
16,43.3976969,-122.6662045,ID16_F16_m16f16_P16_Y8_UO7006,ID16_F16_m16f16_P16_Y6_UO1640,ID16_F16_m16f16_P16_Y7_UO4511,MXY,2,0.0,1,0,0.0,0,0,0,-9999.0,0.85546875,1,P15_CV0,1,2,0,1,1
16,43.3976969,-122.6662045,ID16_F16_m16f16_P16_Y8_UO7285,ID16_F16_m16f16_P16_Y6_UO5943,ID16_F16_m16f16_P16_Y7_UO940,MXY,2,0.0,1,0,0.0,0,0,0,-9999.0,0.796875,1,P15_CV0,1,2,0,2,0
16,43.3976969,-122.6662045,ID16_F16_m16f16_P16_Y8_UO5578,ID16_F16_m16f16_P16_Y6_UO7436,ID16_F16_m16f16_P16_Y6_UO157,MXY,2,0.0,1,0,0.0,0,0,0,-9999.0,0.8359375,1,P15_CV0,1,2,0,0,2
16,43.3976969,-122.6662045,ID16_F16_m16f16_P16_Y8_UO7510,ID16_F16_m16f16_P16_Y6_UO4186,ID16_F16_m16f16_P16_Y6_UO3824,FXX,2,0.0,1,0,1.0,0,0,0,-9999.0,0.84375,1,P15_CV0,1,2,0,2,0
16,43.3976969,-122.6662045,ID16_F16_m16f16_P16_Y8_UO1918,ID16_F16_m16f16_P16_Y6_UO5836,ID16_F16_m16f16_P16_Y6_UO157,MXY,2,0.0,1,0,0.0,0,0,0,-9999.0,0.78125,1,P15_CV0,1,2,0,1,1
16,43.3976969,-122.6662045,ID16_F16_m16f16_P16_Y8_UO2938,ID16_F16_m16f16_P16_Y6_UO4824,ID16_F16_m16f16_P16_Y6_UO2664,FXX,2,0.0,1,0,1.0,0,0,0,-9999.0,0.84375,1,P15_CV0,1,2,0,0,2
16,43.3976969,-122.6662045,ID16_F16_m16f16_P16_Y8_UO6733,ID16_F16_m16f16_P16_Y4_UO4014,ID16_F16_m16f16_P16_Y7_UO496,MXY,2,0.0,1,0,0.0,0,0,0,-9999.0,0.93359375,1,P15_CV0,1,2,0,2,0
16,43.3976969,-122.6662045,ID16_F16_m16f16_P16_Y8_UO7004,ID16_F16_m16f16_P16_Y6_UO1640,ID16_F16_m16f16_P16_Y7_UO4511,FXX,2,0.0,1,0,1.0,0,0,0,-9999.0,0.85546875,1,P15_CV0,1,2,0,2,0
16,43.3976969,-122.6662045,ID16_F16_m16f16_P16_Y8_UO5990,ID16_F16_m16f16_P16_Y6_UO2261,ID16_F16_m16f16_P16_Y7_UO1847,MXY,2,0.0,1,0,0.0,0,0,0,-9999.0,0.8203125,1,P15_CV0,1,2,0,2,0
16,43.3976969,-122.6662045,ID16_F16_m16f16_P16_Y8_UO1107,ID16_F16_m16f16_P16_Y6_UO6432,ID16_F16_m16f16_P16_Y6_UO2083,FXX,2,0.0,1,0,1.0,0,0,0,-9999.0,0.8984375,1,P15_CV0,1,2,0,2,0
16,43.3976969,-122.6662045,ID16_F16_m16f16_P16_Y8_UO4106,ID16_F16_m16f16_P16_Y6_UO2657,ID16_F16_m16f16_P16_Y7_UO4215,MXY,2,0.0,1,0,0.0,0,0,0,-9999.0,0.828125,1,P15_CV0,1,2,0,1,1
16,43.3976969,-122.6662045,ID16_F16_m16f16_P16_Y8_UO2990,ID16_F16_m16f16_P16_Y6_UO5698,ID16_F16_m16f16_P16_Y6_UO1706,FXX,2,0.0,1,0,1.0,0,0,0,-9999.0,0.796875,1,P15_CV0,1,2,0,1,1
16,43.3976969,-122.6662045,ID16_F16_m16f16_P16_Y8_UO2992,ID16_F16_m16f16_P16_Y6_UO5698,ID16_F16_m16f16_P16_Y6_UO1706,MXY,2,0.0,1,0,0.0,0,0,0,-9999.0,0.796875,1,P15_CV0,1,2,0,1,1
16,43.3976969,-122.6662045,ID16_F16_m16f16_P16_Y8_UO5623,ID16_F16_m16f16_P16_Y6_UO7230,ID16_F16_m16f16_P16_Y7_UO4016,FXX,2,0.0,1,0,1.0,0,0,0,-9999.0,0.87890625,1,P15_CV0,1,2,0,1,1
16,43.3976969,-122.6662045,ID16_F16_m16f16_P16_Y8_UO3864,ID16_F16_m16f16_P16_Y6_UO4605,ID16_F16_m16f16_P16_Y6_UO2686,MXY,2,0.0,1,0,0.0,0,0,0,-9999.0,0.859375,1,P15_CV0,1,2,0,2,0
16,43.3976969,-122.6662045,ID16_F16_m16f16_P16_Y8_UO5913,ID16_F16_m16f16_P16_Y6_UO7501,ID16_F16_m16f16_P16_Y7_UO2265,MXY,2,0.0,1,0,0.0,0,0,0,-9999.0,0.7890625,1,P15_CV0,1,2,0,2,0
16,43.3976969,-122.6662045,ID16_F16_m16f16_P16_Y7_UO504,ID16_F16_m16f16_P16_Y4_UO2093,ID16_F16_m16f16_P16_Y6_UO729,FXX,3,0.0,1,0,1.0,0,0,0,-9999.0,0.9609375,1,P15_CV0,1,2,0,1,1
16,43.3976969,-122.6662045,ID16_F16_m16f16_P16_Y7_UO4514,ID16_F16_m16f16_P16_Y4_UO3717,ID16_F16_m16f16_P16_Y6_UO942,FXX,3,0.0,1,0,1.0,0,0,0,-9999.0,0.8984375,1,P15_CV0,1,2,0,2,0
16,43.3976969,-122.6662045,ID16_F16_m16f16_P16_Y7_UO4215,ID16_F16_m16f16_P16_Y4_UO4831,ID16_F16_m16f16_P16_Y6_UO4185,MXY,3,0.0,1,0,0.0,0,0,0,-9999.0,0.78125,1,P15_CV0,1,2,0,1,1
16,43.3976969,-122.6662045,ID16_F16_m16f16_P16_Y7_UO1868,ID16_F16_m16f16_P16_Y5_UO328,ID16_F16_m16f16_P16_Y6_UO103,MXY,3,0.0,1,0,0.0,0,0,0,-9999.0,0.765625,1,P15_CV0,1,2,0,1,1
16,43.3976969,-122.6662045,ID16_F16_m16f16_P16_Y7_UO4146,ID16_F16_m16f16_P16_Y5_UO2179,ID16_F16_m16f16_P16_Y4_UO5229,MXY,3,0.0,1,0,0.0,0,0,0,-9999.0,0.875,1,P15_CV0,1,2,0,2,0
16,43.3976969,-122.6662045,ID16_F16_m16f16_P16_Y7_UO5693,ID16_F16_m16f16_P16_Y4_UO295,ID16_F16_m16f16_P16_Y6_UO2891,MXY,3,0.0,1,0,0.0,0,0,0,-9999.0,0.7890625,1,P15_CV0,1,2,0,2,0
16,43.3976969,-122.6662045,ID16_F16_m16f16_P16_Y7_UO2275,ID16_F16_m16f16_P16_Y4_UO683,ID16_F16_m16f16_P16_Y6_UO5944,MXY,3,0.0,1,0,0.0,0,0,0,-9999.0,0.75,1,P15_CV0,1,2,0,1,1
16,43.3976969,-122.6662045,ID16_F16_m16f16_P16_Y7_UO4152,ID16_F16_m16f16_P16_Y5_UO2179,ID16_F16_m16f16_P16_Y4_UO5229,MXY,3,0.0,1,0,0.0,0,0,0,-9999.0,0.875,1,P15_CV0,1,2,0,2,0
16,43.3976969,-122.6662045,ID16_F16_m16f16_P16_Y7_UO1790,ID16_F16_m16f16_P16_Y4_UO4014,ID16_F16_m16f16_P16_Y6_UO4333,FXX,3,0.0,1,0,1.0,0,0,0,-9999.0,0.8671875,1,P15_CV0,1,2,0,2,0
16,43.3976969,-122.6662045,ID16_F16_m16f16_P16_Y7_UO1860,ID16_F16_m16f16_P16_Y5_UO328,ID16_F16_m16f16_P16_Y6_UO103,MXY,3,0.0,1,0,0.0,0,0,0,-9999.0,0.765625,1,P15_CV0,1,2,0,1,1
16,43.3976969,-122.6662045,ID16_F16_m16f16_P16_Y7_UO3804,ID16_F16_m16f16_P16_Y4_UO6522,ID16_F16_m16f16_P16_Y6_UO6231,FXX,3,0.0,1,0,1.0,0,0,0,-9999.0,0.8203125,1,P15_CV0,1,2,0,0,2
16,43.3976969,-122.6662045,ID16_F16_m16f16_P16_Y7_UO183,ID16_F16_m16f16_P16_Y5_UO2179,ID16_F16_m16f16_P16_Y6_UO2104,FXX,3,0.0,1,0,1.0,0,0,0,-9999.0,0.8125,1,P15_CV0,1,2,0,2,0
16,43.3976969,-122.6662045,ID16_F16_m16f16_P16_Y7_UO947,ID16_F16_m16f16_P16_Y4_UO1680,ID16_F16_m16f16_P16_Y4_UO5229,MXY,3,0.0,1,0,0.0,0,0,0,-9999.0,0.84375,1,P15_CV0,1,2,0,1,1
16,43.3976969,-122.6662045,ID16_F16_m16f16_P16_Y7_UO4144,ID16_F16_m16f16_P16_Y5_UO2179,ID16_F16_m16f16_P16_Y4_UO5229,FXX,3,0.0,1,0,1.0,0,0,0,-9999.0,0.875,1,P15_CV0,1,2,0,2,0
16,43.3976969,-122.6662045,ID16_F16_m16f16_P16_Y7_UO4659,ID16_F16_m16f16_P16_Y4_UO232,ID16_F16_m16f16_P16_Y6_UO3788,FXX,3,0.0,1,0,1.0,0,0,0,-9999.0,0.90625,1,P15_CV0,1,2,0,1,1
16,43.3976969,-122.6662045,ID16_F16_m16f16_P16_Y7_UO2266,ID16_F16_m16f16_P16_Y4_UO683,ID16_F16_m16f16_P16_Y6_UO5944,MXY,3,0.0,1,0,0.0,0,0,0,-9999.0,0.75,1,P15_CV0,1,2,0,2,0
16,43.3976969,-122.6662045,ID16_F16_m16f16_P16_Y6_UO6509,ID16_F16_m16f16_P16_Y4_UO3640,ID16_F16_m16f16_P16_Y4_UO3595,MXY,4,0.0,1,0,0.0,0,0,0,-9999.0,0.75,1,P15_CV0,1,2,0,2,0
16,43.3976969,-122.6662045,ID16_F16_m16f16_P16_Y6_UO1804,ID16_F16_m16f16_P16_Y4_UO691,ID16_F16_m16f16_P16_Y4_UO954,FXX,4,0.0,1,0,1.0,0,0,0,-9999.0,0.84375,1,P15_CV0,1,2,0,1,1
16,43.3976969,-122.6662045,ID16_F16_m16f16_P16_Y6_UO1108,ID16_F16_m16f16_P16_Y4_UO2059,ID16_F16_m16f16_P16_Y4_UO954,FXX,4,0.0,1,0,1.0,0,0,0,-9999.0,0.78125,1,P15_CV0,1,2,0,2,0
16,43.3976969,-122.6662045,ID16_F16_m16f16_P16_Y6_UO2892,ID16_F16_m16f16_P16_Y4_UO693,ID16_F16_m16f16_P16_Y5_UO2167,FXX,4,0.0,1,0,1.0,0,0,0,-9999.0,0.796875,1,P15_CV0,1,2,0,2,0
16,43.3976969,-122.6662045,ID16_F16_m16f16_P16_Y6_UO942,ID16_F16_m16f16_P16_Y4_UO4012,ID16_F16_m16f16_P16_Y5_UO1700,MXY,4,0.0,1,0,0.0,0,0,0,-9999.0,0.921875,1,P15_CV0,1,2,0,2,0
16,43.3976969,-122.6662045,ID16_F16_m16f16_P16_Y6_UO4331,ID16_F16_m16f16_P16_Y4_UO1558,ID16_F16_m16f16_P16_Y5_UO3339,MXY,4,0.0,1,0,0.0,0,0,0,-9999.0,0.828125,1,P15_CV0,1,2,0,2,0
16,43.3976969,-122.6662045,ID16_F16_m16f16_P16_Y6_UO154,ID16_F16_m16f16_P16_Y4_UO3717,ID16_F16_m16f16_P16_Y4_UO1064,FXX,4,0.0,1,0,1.0,0,0,0,-9999.0,0.8125,1,P15_CV0,1,2,0,0,2
16,43.3976969,-122.6662045,ID16_F16_m16f16_P16_Y6_UO4336,ID16_F16_m16f16_P16_Y4_UO1558,ID16_F16_m16f16_P16_Y5_UO3339,FXX,4,0.0,1,0,1.0,0,0,0,-9999.0,0.828125,1,P15_CV0,1,2,0,2,0
16,43.3976969,-122.6662045,ID16_F16_m16f16_P16_Y6_UO6230,ID16_F16_m16f16_P16_Y4_UO292,ID16_F16_m16f16_P16_Y5_UO2974,MXY,4,0.0,1,0,0.0,0,0,0,-9999.0,0.765625,1,P15_CV0,1,2,0,1,1
16,43.3976969,-122.6662045,ID16_F16_m16f16_P16_Y6_UO5820,ID16_F16_m16f16_P16_Y4_UO5685,ID16_F16_m16f16_P16_Y2_UO2486,FXX,4,0.0,1,0,1.0,0,0,0,-9999.0,0.84375,1,P15_CV0,1,2,0,1,1
16,43.3976969,-122.6662045,ID16_F16_m16f16_P16_Y6_UO1490,ID16_F16_m16f16_P16_Y2_UO153,ID16_F16_m16f16_P16_Y5_UO4308,MXY,4,0.0,1,0,0.0,0,0,0,-9999.0,0.859375,1,P15_CV0,1,2,0,1,1
16,43.3976969,-122.6662045,ID16_F16_m16f16_P16_Y6_UO2083,ID16_F16_m16f16_P16_Y4_UO1388,ID16_F16_m16f16_P16_Y4_UO4813,MXY,4,0.0,1,0,0.0,0,0,0,-9999.0,0.890625,1,P15_CV0,1,2,0,2,0
16,43.3976969,-122.6662045,ID16_F16_m16f16_P16_Y6_UO3793,ID16_F16_m16f16_P16_Y4_UO3309,ID16_F16_m16f16_P16_Y5_UO331,MXY,4,0.0,1,0,0.0,0,0,0,-9999.0,0.765625,1,P15_CV0,1,2,0,2,0
16,43.3976969,-122.6662045,ID16_F16_m16f16_P16_Y6_UO3825,ID16_F16_m16f16_P16_Y4_UO1840,ID16_F16_m16f16_P16_Y5_UO1375,MXY,4,0.0,1,0,0.0,0,0,0,-9999.0,0.8125,1,P15_CV0,1,2,0,2,0
16,43.3976969,-122.6662045,ID16_F16_m16f16_P16_Y6_UO3824,ID16_F16_m16f16_P16_Y4_UO1840,ID16_F16_m16f16_P16_Y5_UO1375,MXY,4,0.0,1,0,0.0,0,0,0,-9999.0,0.8125,1,P15_CV0,1,2,0,2,0
16,43.3976969,-122.6662045,ID16_F16_m16f16_P16_Y6_UO2890,ID16_F16_m16f16_P16_Y4_UO693,ID16_F16_m16f16_P16_Y5_UO2167,MXY,4,0.0,1,0,0.0,0,0,0,-9999.0,0.796875,1,P15_CV0,1,2,0,2,0
16,43.3976969,-122.6662045,ID16_F16_m16f16_P16_Y5_UO2449,ID16_F16_m16f16_P16_Y2_UO6304,ID16_F16_m16f16_P16_Y4_UO1477,MXY,5,0.0,1,0,0.0,0,0,0,-9999.0,0.8125,1,P15_CV0,1,2,0,1,1
16,43.3976969,-122.6662045,ID16_F16_m16f16_P16_Y5_UO4556,ID16_F16_m16f16_P16_Y1_UO127,ID16_F16_m16f16_P16_Y4_UO6139,FXX,5,0.0,1,0,1.0,0,0,0,-9999.0,0.875,1,P15_CV0,1,2,0,1,1
